2003.28798,-1.27434,0.19331,1.2145,1.38395
2003.29072,-1.482075,0.345005,1.22481,1.391505
2003.29346,-1.3778100000000002,1.0206966666666666,1.22756,1.3921666666666666
2003.2962,-1.234045,1.28689,1.2235225,1.3919025
2003.29894,-1.31528,1.080684,1.222954,1.392062
2003.30168,-1.5141816666666668,0.9544433333333333,1.221545,1.3919033333333335
2003.30442,-1.5271785714285715,0.7306128571428572,1.2251042857142858,1.3941757142857143
2003.30716,-1.54060875,0.73791375,1.22493875,1.39617875
2003.3099,-1.6646622222222223,0.6887455555555556,1.2237788888888887,1.394908888888889
2003.31264,-1.582852,0.79525,1.222954,1.394767
2003.31538,-1.5833227272727273,0.7126981818181819,1.2249972727272727,1.3966763636363637
2003.31812,-1.4685875,0.7566033333333334,1.2237783333333334,1.39661
2003.32086,-1.365770769230769,0.8603992307692307,1.2251261538461538,1.3986338461538461
2003.3236,-1.2718900000000002,0.9318942857142858,1.2239985714285715,1.3980964285714286
2003.32634,-1.1914246666666666,0.9188826666666667,1.22364,1.3993273333333331
2003.32908,-1.116859375,0.991459375,1.224550625,1.4015975
2003.33182,-1.1074464705882352,0.9834023529411764,1.2275982352941177,1.4036470588235292
2003.33456,-1.1461055555555555,0.9698177777777778,1.2274433333333332,1.404055
2003.3373,-1.1811936842105262,0.9943678947368422,1.2262194736842105,1.403038947368421
2003.34004,-1.2249965,0.939082,1.225427,1.4029989999999999
2003.34552,-1.25572,0.8750980952380952,1.225299523809524,1.40266
2003.34826,-1.2247172727272728,0.8819031818181817,1.225605,1.403580909090909
2003.351,-1.2007786956521738,0.9163073913043478,1.2253460869565218,1.404041304347826
2003.35374,-1.1025629166666666,0.9184854166666666,1.2242495833333333,1.4031379166666664
2003.35648,-1.0541028,0.8769048,1.223406,1.4026568
2003.35922,-1.0383884615384615,0.7850376923076924,1.2232615384615384,1.402426923076923
2003.36196,-0.9775962962962963,0.7639896296296297,1.2227077777777777,1.4023022222222223
2003.3647,-0.9983775,0.7128875,1.2225985714285714,1.4028114285714286
2003.36744,-0.9720865517241379,0.7214610344827587,1.222994827586207,1.403395172413793
2003.37018,-0.9665306666666666,0.6731090000000001,1.222265,1.4029856666666667
2003.37292,-0.9456709677419355,0.6807922580645162,1.2229790322580645,1.403243870967742
2003.37566,-0.8997859375,0.7004134375,1.2226175,1.40301375
2003.3784,-0.8506354545454545,0.6946451515151516,1.2221215151515152,1.4030869696969697
2003.38114,-0.8021838235294118,0.6942276470588236,1.2218064705882354,1.403015294117647
2003.38388,-0.7640857142857143,0.6842162857142857,1.2210674285714287,1.4027205714285713
2003.38662,-0.765145,0.6733830555555556,1.2211427777777777,1.40284
2003.38936,-0.7109435135135135,0.6868216216216216,1.221464864864865,1.403683783783784
2003.3921,-0.6606860526315789,0.6535365789473684,1.2214171052631577,1.4036668421052632
2003.39484,-0.673325641025641,0.6483787179487179,1.221821282051282,1.4040179487179487
2003.40032,-0.6690817499999999,0.643823,1.223494,1.4057235000000001
2003.4058,-0.6489424390243902,0.5958826829268293,1.238990731707317,1.4190241463414632
2003.54006,-0.5692854761904762,0.5702235714285715,1.2512211904761905,1.4339261904761904
2003.5428,-0.5249520930232557,0.570456511627907,1.2511344186046511,1.4340402325581396
2003.54554,-0.4873718181818182,0.566755909090909,1.2514968181818182,1.4342936363636363
2003.54828,-0.45300555555555555,0.5128726666666666,1.2518202222222223,1.434465111111111
2003.55102,-0.42053478260869565,0.5017102173913043,1.2526673913043478,1.4349404347826087
2003.55376,-0.3819876595744681,0.4748608510638298,1.2526229787234042,1.4348202127659573
2003.5565,-0.37847312499999997,0.426950625,1.2520864583333333,1.4345391666666665
2003.55924,-0.38278510204081634,0.3959426530612245,1.2514877551020407,1.433977551020408
2003.56198,-0.362874,0.3657828,1.2511809999999999,1.4334384
2003.56472,-0.3498509803921569,0.3556170588235294,1.2510074509803921,1.4333413725490196
2003.56746,-0.3169532692307693,0.35650365384615385,1.2507019230769232,1.4329575
2003.5702,-0.26477754716981133,0.32564716981132075,1.2504467924528302,1.4327232075471699
2003.57294,-0.22683925925925924,0.29684796296296295,1.2512701851851853,1.4332192592592592
2003.57568,-0.1819070909090909,0.2881212727272727,1.2513889090909092,1.4331043636363636
2003.57842,-0.17257017857142856,0.24337375,1.2516323214285714,1.4332917857142857
2003.58116,-0.16204280701754387,0.23629087719298245,1.252590701754386,1.433779649122807
2003.5839,-0.15278310344827584,0.20563137931034484,1.253018275862069,1.4339901724137931
2003.58664,-0.1496757627118644,0.1857972881355932,1.2532216949152541,1.4341935593220339
2003.58938,-0.12806316666666664,0.1644475,1.253023,1.4337671666666667
2003.59212,-0.12697016393442623,0.1795745901639344,1.2529660655737707,1.4332895081967214
2003.59486,-0.09621032258064514,0.16257467741935483,1.2530606451612902,1.433584193548387
2003.5976,-0.08508523809523809,0.13972380952380953,1.252939523809524,1.4333896825396826
2003.60034,-0.06394,0.11996812499999998,1.25269328125,1.43307703125
2003.60308,-0.055944923076923066,0.10005692307692307,1.2523912307692306,1.432822923076923
2003.60582,-0.048441666666666654,0.09725499999999998,1.2527231818181819,1.4328898484848485
2003.60856,-0.03115447761194029,0.08557223880597013,1.2525835820895523,1.4325867164179105
2003.6113,-0.02197088235294117,0.07112117647058823,1.2524480882352942,1.4325498529411764
2003.61404,0.019838260869565225,0.06512362318840578,1.2522566666666666,1.4326178260869564
2003.61678,0.04653185714285715,0.0460742857142857,1.252114857142857,1.4325134285714287
2003.61952,0.07081901408450704,0.013975492957746465,1.2521514084507042,1.432468028169014
2003.62226,0.08070277777777779,-0.025837361111111123,1.2519005555555556,1.4323023611111112
2003.625,0.11348753424657536,-0.03292410958904111,1.251374109589041,1.4319342465753424
2003.62774,0.11933932432432433,-0.02770594594594596,1.2513355405405404,1.43192
2003.63048,0.1522554666666667,-0.06648840000000002,1.2512568000000002,1.4319273333333333
2003.63322,0.16477289473684212,-0.08462684210526317,1.2513564473684209,1.4321647368421053
2003.63596,0.18981623376623377,-0.08799038961038962,1.251158961038961,1.43190012987013
2003.6387,0.1952626923076923,-0.10903205128205129,1.251191282051282,1.4319889743589742
2003.64144,0.2172108860759494,-0.1535360759493671,1.2511574683544304,1.432146075949367
2003.64418,0.23719200000000001,-0.155335125,1.250957,1.432010875
2003.67432,0.27225814814814814,-0.15238296296296297,1.2507487654320988,1.43183
2003.67706,0.2811462195121951,-0.1634371951219512,1.2504324390243902,1.4314303658536585
2003.6798,0.30558554216867473,-0.17629265060240965,1.2501113253012048,1.431030843373494
2003.68254,0.2985326190476191,-0.1946707142857143,1.249969642857143,1.4307828571428571
2003.68528,0.3118518823529412,-0.2220118823529412,1.2495402352941176,1.4302974117647058
2003.68802,0.316588488372093,-0.2163522093023256,1.2491687209302327,1.4300913953488372
2003.69076,0.3145441379310345,-0.23010563218390806,1.2487939080459771,1.429725632183908
2003.6935,0.28745,-0.2488261363636364,1.2486736363636364,1.4295760227272727
2003.69624,0.27189202247191013,-0.24938,1.2486719101123596,1.4296352808988764
2003.69898,0.2858857777777778,-0.23408400000000001,1.249896,1.4314607777777777
2003.70172,0.2795118681318681,-0.2475924175824176,1.249540989010989,1.431165934065934
2003.70446,0.2741720652173913,-0.2565567391304348,1.25464,1.436211739130435
2003.70994,0.2668739784946237,-0.24597215053763444,1.254075376344086,1.435701075268817
2003.71268,0.2546517021276596,-0.24747031914893616,1.2539614893617022,1.4355736170212765
2003.71542,0.24688178947368422,-0.2690276842105263,1.253698,1.4353315789473686
2003.71816,0.24459177083333336,-0.2767985416666667,1.2533111458333333,1.4349371875
2003.7209,0.24638536082474227,-0.2885186597938144,1.2529747422680413,1.4347805154639175
2003.72364,0.24491316326530613,-0.2800772448979592,1.252824081632653,1.434773163265306
2003.72638,0.22140535353535357,-0.2740953535353536,1.2529055555555555,1.4350872727272728
2003.72912,0.21692300000000003,-0.2542793,1.2529442,1.4352520000000002
2003.73186,0.20226732673267328,-0.2673171287128713,1.2529105940594059,1.4357048514851485
2003.7346,0.20470813725490197,-0.2832719607843137,1.2528170588235295,1.435836862745098
2003.73734,0.21790281553398058,-0.29513660194174757,1.252595145631068,1.4358659223300971
2003.74008,0.2303969230769231,-0.3079327884615385,1.2524766346153844,1.43598625
2003.74282,0.22254380952380953,-0.32007199999999997,1.2526745714285714,1.4363390476190476
2003.74556,0.23423066037735848,-0.3269219811320755,1.2528396226415093,1.4365651886792454
2003.7483,0.23178149532710282,-0.29913355140186915,1.254398691588785,1.438021028037383
2003.75104,0.22084296296296296,-0.3068397222222223,1.2548597222222222,1.4386987037037036
2003.75378,0.20151366972477064,-0.31790550458715594,1.2548299082568806,1.4388969724770642
2003.75652,0.1865588181818182,-0.3212029090909091,1.2547350909090909,1.438947
2003.75926,0.18263495495495496,-0.3330500900900901,1.2547441441441443,1.4391179279279278
2003.762,0.16435732142857143,-0.3437179464285714,1.2552225000000001,1.439875267857143
2003.76474,0.13861141592920354,-0.3782023893805309,1.2557470796460177,1.4403798230088496
2003.76748,0.11608500000000001,-0.39303464912280706,1.2562624561403508,1.440882543859649
2003.77022,0.09812017391304349,-0.40556208695652174,1.2561772173913042,1.4409200000000002
2003.77296,0.08555594827586209,-0.4173701724137931,1.2560668103448278,1.4409637068965517
2003.7757,0.0717580341880342,-0.42304153846153847,1.25613452991453,1.4411086324786326
2003.77844,0.08050355932203392,-0.41568974576271184,1.256131186440678,1.4412983050847457
2003.78118,0.07594689075630254,-0.4231557983193277,1.256032605042017,1.441210756302521
2003.78392,0.06114558333333334,-0.4337025,1.2560301666666667,1.4413765
2003.78666,0.04451066115702481,-0.43753446280991737,1.2560277685950412,1.4415723966942149
2003.7894,0.03398065573770494,-0.4360136065573771,1.2559240163934426,1.4413152459016394
2003.79214,0.0309188617886179,-0.42540048780487805,1.25578,1.4410881300813008
2003.79488,0.0358058870967742,-0.3861166935483871,1.2556965322580644,1.440890322580645
2003.79762,0.03033904000000001,-0.4008984,1.25559792,1.4405683999999999
2003.80036,0.02582825396825398,-0.3958788888888889,1.2557380952380954,1.4407313492063492
2003.8031,0.03203834645669292,-0.3945101574803149,1.2555432283464567,1.4406099212598424
2003.80584,0.029358671875000013,-0.39757390625,1.255939453125,1.441105546875
2003.80858,0.03217426356589149,-0.40847860465116276,1.2560817829457365,1.4412173643410853
2003.81132,0.023504461538461547,-0.41158184615384613,1.2561346153846156,1.4412356923076923
2003.81406,0.01843671755725192,-0.4120393129770992,1.2557774045801529,1.4407922900763357
2003.8168,0.004048257575757586,-0.4021611363636364,1.255480303030303,1.4403918181818183
2003.81954,-0.010503308270676682,-0.4134662406015038,1.2552342105263157,1.440045187969925
2003.82228,-0.021047985074626855,-0.4272174626865672,1.2558380597014924,1.4406652985074626
2003.82502,-0.017312962962962954,-0.4108780740740741,1.2601063703703703,1.4460308148148147
2003.82776,-0.02931573529411764,-0.41028007352941176,1.2619694117647058,1.4476329411764706
2003.8305,-0.0291541605839416,-0.41649839416058393,1.2618260583941605,1.447313211678832
2003.83324,-0.03266499999999999,-0.42911652173913045,1.2614382608695653,1.446819492753623
2003.83598,-0.032905683453237404,-0.42942805755395685,1.2611005755395683,1.4463443165467624
2003.83872,-0.035781999999999994,-0.4278680714285714,1.261666142857143,1.446813357142857
2003.84146,-0.04031602836879432,-0.42906524822695036,1.2613974468085107,1.4464803546099292
2003.8442,-0.028644084507042245,-0.4192220422535211,1.2679645774647887,1.455629295774648
2003.84694,-0.020292517482517473,-0.3922271328671329,1.2742884615384615,1.4645167832167834
2003.84968,-0.007955833333333325,-0.3836043055555556,1.2806748611111112,1.4734906944444444
2003.8579,-0.012812758620689648,-0.3898234482758621,1.2878477241379311,1.4833337241379312
2003.86064,-0.010825753424657527,-0.4034754794520548,1.29488,1.4928512328767123
2003.86338,0.016212653061224498,-0.39773503401360544,1.3009398639455783,1.5012977551020408
2003.86612,0.0497272972972973,-0.3886302027027027,1.307057162162162,1.5099364864864864
2003.87982,0.042259395973154375,-0.390923355704698,1.3141026174496644,1.5182030201342283
2003.88256,0.034661466666666675,-0.36496320000000004,1.3198719333333335,1.5260412
2003.95654,0.03161900662251657,-0.3532311258278146,1.319413046357616,1.5253319867549668
2003.95928,0.031442434210526324,-0.34053901315789475,1.3189195394736843,1.5246111842105263
2003.96202,0.03855921568627452,-0.3257881045751634,1.3202518300653594,1.5256516993464053
2003.96476,0.0382883116883117,-0.32893402597402593,1.3220287662337662,1.5275514935064936
2003.9675,0.03924374193548388,-0.32676587096774196,1.3214747096774193,1.5267071612903227
2003.97298,0.06266903846153847,-0.33197397435897436,1.3265452564102564,1.531278076923077
2003.97846,0.07036222929936307,-0.3263775159235669,1.3261730573248407,1.5306233757961785
2003.9812,0.07635379746835444,-0.31593803797468356,1.32548582278481,1.5297051265822785
2003.98394,0.06931106918238995,-0.31138849056603773,1.3266941509433963,1.5312195597484277
2003.98668,0.06991593750000001,-0.300480875,1.3262248749999999,1.5304333749999999
2003.98942,0.07781472049689442,-0.29169391304347825,1.3255052795031057,1.5294296894409938
2003.99216,0.07847734567901235,-0.29068592592592596,1.3248073456790124,1.5284972839506172
2003.9949,0.07040503067484664,-0.2913382208588957,1.3240357055214724,1.5275860736196318
2003.99764,0.060144085365853674,-0.29620256097560976,1.3251028658536586,1.5288975
2004.00312,0.04912672727272728,-0.2986913333333333,1.3262195757575759,1.5300291515151516
2004.00586,0.04717903614457832,-0.300334578313253,1.3257142168674698,1.5292593373493975
2004.0086,0.04300874251497007,-0.29919209580838324,1.3267521556886228,1.5304133532934132
2004.01134,0.0390519642857143,-0.3030906547619048,1.3278145833333332,1.5315441666666667
2004.01408,0.037814852071005926,-0.30231420118343194,1.3293036686390534,1.5333205325443786
2004.01682,0.041292058823529425,-0.30141776470588233,1.3290164705882352,1.5327834117647057
2004.01956,0.036170292397660835,-0.30545350877192984,1.3285095321637426,1.5320386549707603
2004.0223,0.034651860465116285,-0.3057075581395349,1.329555,1.5330643604651164
2004.02504,0.03590549132947978,-0.30043040462427745,1.3290210404624276,1.5324506936416185
2004.02778,0.036036149425287364,-0.29366896551724136,1.3304129885057472,1.5342164942528735
2004.03326,0.03385605714285715,-0.2798312,1.3315238857142857,1.5354258285714286
2004.036,0.03152534090909092,-0.2633390909090909,1.3329502272727274,1.536458693181818
2004.03874,0.026839774011299448,-0.26059045197740116,1.3323741807909604,1.535583559322034
2004.04148,0.025563820224719112,-0.27005589887640447,1.3338202808988764,1.537233988764045
2004.04422,0.03251178770949722,-0.25762016759776535,1.333361005586592,1.5364798324022348
2004.04696,0.03824661111111112,-0.24659822222222225,1.3328266666666668,1.535765
2004.0497,0.04060607734806631,-0.24823734806629832,1.3323153038674034,1.5348998895027626
2004.05244,0.04383263736263737,-0.23724098901098903,1.3318775274725274,1.5343807692307692
2004.05518,0.04817437158469946,-0.23263590163934425,1.3314614754098362,1.5336934972677596
2004.05792,0.05213483695652175,-0.22714396739130435,1.3309827173913045,1.5330612499999998
2004.06066,0.04440129729729731,-0.22579043243243244,1.3321363783783784,1.5342329189189188
2004.0634,0.036038709677419366,-0.2201106451612903,1.3315593548387097,1.5333736559139783
2004.06614,0.026116042780748673,-0.21263395721925132,1.3311318181818181,1.5327106951871656
2004.06888,0.026588989361702137,-0.20867622340425532,1.332227925531915,1.533543989361702
2004.07162,0.01998037037037038,-0.20397523809523813,1.3317468253968254,1.5328534920634922
2004.07436,0.010549368421052642,-0.19316910526315792,1.3312653684210525,1.532182842105263
2004.0771,0.003884816753926712,-0.19743219895287958,1.3308267539267016,1.5315899999999998
2004.07984,-0.00570234374999999,-0.1945915625,1.3318532812500001,1.5324200520833333
2004.08258,-0.010259948186528487,-0.17834316062176167,1.3313306735751296,1.531580725388601
2004.08532,-0.014381237113402051,-0.17322932989690723,1.330712525773196,1.530684432989691
2004.08806,-0.01835497435897435,-0.1619300512820513,1.330174717948718,1.5298054871794873
2004.0908,-0.02209153061224489,-0.15223392857142856,1.3298054591836734,1.5290044897959185
2004.09354,-0.020350913705583746,-0.14348197969543147,1.3294608629441624,1.5282439593908628
2004.09628,-0.008842373737373727,-0.13004378787878787,1.3289323232323234,1.5273786363636364
2004.09902,-0.004140301507537679,-0.12939195979899498,1.330103216080402,1.5283006030150754
2004.10176,-0.007752599999999991,-0.1176197,1.32972625,1.52759875
2004.1045,-0.004341243781094518,-0.11399751243781094,1.329270945273632,1.5267455721393035
2004.10998,-0.0007009900990098914,-0.11194198019801979,1.3287742079207923,1.5260189603960397
2004.11272,0.00698975369458129,-0.10673733990147784,1.3283077832512316,1.5252485714285713
2004.11546,0.008019509803921578,-0.09488573529411765,1.3279318137254903,1.5246377941176472
2004.1182,0.0014759512195122039,-0.09380151219512196,1.328942536585366,1.525340487804878
2004.12094,0.0030907281553398144,-0.0844492718446602,1.3285371359223301,1.5247853883495146
2004.12368,0.004842222222222231,-0.09022898550724637,1.3283249275362319,1.5243201932367152
2004.12642,0.008617884615384623,-0.09485514423076924,1.3280750961538461,1.5239397596153845
2004.12916,0.011331244019138764,-0.09909066985645933,1.3296232535885166,1.5253364114832535
2004.1319,0.002483190476190484,-0.09702209523809524,1.3293598095238097,1.5249585714285716
2004.13464,-0.0019704265402843524,-0.08998554502369668,1.328947345971564,1.5243996208530806
2004.13738,-0.0024172641509433886,-0.08542863207547169,1.329958820754717,1.5251215094339623
2004.14012,-0.003824507042253513,-0.07687042253521127,1.3294506572769955,1.524440046948357
2004.14286,-0.0023843457943925157,-0.07368948598130841,1.329072476635514,1.523880186915888
2004.1456,-0.0032062790697674343,-0.06901074418604651,1.3289327906976744,1.5235807906976744
2004.15108,-0.006837083333333326,-0.0598187962962963,1.3299542592592593,1.5250406018518519
2004.15382,-0.008972258064516122,-0.055953778801843324,1.3309188018433178,1.5257172811059907
2004.1593,-0.012676284403669717,-0.061476146788990826,1.330555,1.5252019724770642
2004.16204,-0.005357762557077618,-0.057147214611872145,1.3302510502283105,1.5247095433789954
2004.16478,-0.00584877272727272,-0.05811045454545455,1.3298795454545456,1.5241094999999998
2004.16752,-0.006503122171945694,-0.05475760180995475,1.3308269683257918,1.5247385520361991
2004.17026,-0.010879009009009002,-0.05567207207207207,1.3322256306306308,1.5259530630630629
2004.173,-0.01832704035874439,-0.05423363228699552,1.332072197309417,1.5255588340807174
2004.17574,-0.01890263392857142,-0.04645808035714286,1.3330845982142858,1.5263860267857141
2004.17848,-0.016768533333333325,-0.0406344,1.3329974222222223,1.5260464
2004.18122,-0.013301415929203532,-0.04567469026548673,1.3326281858407079,1.5254563716814158
2004.18396,-0.017342687224669598,-0.03792436123348018,1.3323485022026431,1.524983656387665
2004.1867,-0.010876885964912273,-0.023380701754385964,1.332347105263158,1.5248220614035086
2004.18944,-0.006181353711790385,-0.017189432314410478,1.3319585589519651,1.5242728820960698
2004.19218,-0.002046086956521731,-0.013241608695652175,1.3315913043478262,1.5237561739130434
2004.19492,0.0016529437229437312,-0.01294112554112554,1.3323608658008657,1.5243044155844157
2004.19766,0.011587112068965524,-0.0030744827586206883,1.3330882327586209,1.524847931034483
2004.2004,0.02281429184549357,0.006153175965665237,1.3327606866952788,1.5243046781115879
2004.20314,0.03471273504273505,0.009923247863247865,1.3323830769230771,1.5237150854700854
2004.20588,0.035410042553191495,0.018343744680851065,1.3322894468085105,1.5234486382978722
2004.20862,0.03863334745762712,0.024258050847457628,1.3321966101694915,1.5232484745762713
2004.21136,0.04313970464135022,0.025166286919831225,1.332230717299578,1.523248016877637
2004.2141,0.0473751680672269,0.0320559243697479,1.3331742016806722,1.5240228991596638
2004.21684,0.056552301255230135,0.049086150627615066,1.3329968619246861,1.5236464853556484
2004.21958,0.062076000000000006,0.05908858333333333,1.3328038333333334,1.5232599583333333
2004.22232,0.06805813278008299,0.06466522821576763,1.332663734439834,1.5229591286307054
2004.22506,0.06965004132231406,0.06646595041322313,1.3325247933884297,1.5225884710743802
2004.2278,0.07323514403292182,0.07375139917695474,1.332374279835391,1.5222699588477366
2004.23054,0.07079713114754098,0.08188036885245902,1.3336235655737705,1.5231243032786885
2004.24972,0.0718570612244898,0.09020110204081633,1.3345638775510202,1.5240106530612245
2004.25246,0.07599426829268294,0.09165276422764228,1.3352869918699186,1.5245341463414634
2004.2552,0.07835923076923076,0.09702538461538461,1.3350233603238866,1.52401008097166
2004.25794,0.08749758064516129,0.09162641129032258,1.334786814516129,1.523647379032258
2004.26068,0.0892273092369478,0.09693903614457831,1.3345604417670682,1.5232492369477912
2004.26342,0.09415736000000001,0.10332268,1.33420804,1.5227906800000002
2004.26616,0.09850442231075698,0.10357334661354582,1.3339241434262947,1.5223325896414344
2004.2689,0.10378785714285714,0.10386769841269841,1.3335811507936508,1.5218497222222223
2004.27164,0.1098798023715415,0.10738541501976286,1.3339743873517786,1.5219805928853753
2004.27438,0.11577625984251969,0.10415649606299213,1.3345837007874015,1.522313937007874
2004.27712,0.12321003921568627,0.09929227450980392,1.334213843137255,1.5218430588235294
2004.27986,0.1303925,0.100264453125,1.333846875,1.52133859375
2004.2826,0.13113980544747084,0.09574420233463035,1.3336031128404668,1.5209370817120622
2004.28534,0.12858492248062017,0.0971015503875969,1.3333772480620154,1.5205140310077518
2004.28808,0.12731490347490348,0.08971683397683398,1.3330575675675675,1.5200850193050193
2004.29082,0.122232,0.0844046923076923,1.3335096153846153,1.5203017307692308
2004.29356,0.12554750957854408,0.08611616858237549,1.3331484291187738,1.5198219923371648
2004.2963,0.12178141221374046,0.08073530534351145,1.3336714503816793,1.5200623282442747
2004.29904,0.12158695817490495,0.0733403802281369,1.3333359315589353,1.5196143346007605
2004.30178,0.12144522727272727,0.07090446969696969,1.333014659090909,1.5191396212121213
2004.30452,0.11534807547169812,0.06668464150943397,1.332618,1.5186234716981133
2004.30726,0.11445342105263158,0.06658492481203009,1.3322785714285714,1.518165037593985
2004.31,0.11566700374531837,0.06339644194756555,1.3328838576779027,1.5183594382022472
2004.31274,0.11568802238805971,0.06674873134328359,1.332565223880597,1.51787276119403
2004.31548,0.11881494423791822,0.07288420074349443,1.3322451301115241,1.5174310780669145
2004.31822,0.12586881481481482,0.07157566666666668,1.3318586666666665,1.5169425925925926
2004.32096,0.12301154981549817,0.0706870479704797,1.3325174538745388,1.5173470110701106
2004.3237,0.12135025735294117,0.07004551470588236,1.3330804411764705,1.5175876102941177
2004.32644,0.12224673992673991,0.06738915750915751,1.332766923076923,1.5171592673992673
2004.32918,0.12313708029197082,0.07030368613138686,1.3331668613138685,1.5173233211678834
2004.33192,0.1232966181818182,0.07002443636363637,1.3328215636363636,1.5168904
2004.33466,0.12433373188405798,0.06395152173913043,1.3326020289855072,1.5165211231884057
2004.3374,0.13037974729241877,0.061205415162454875,1.332387797833935,1.5160798555956678
2004.34014,0.12803165467625902,0.05049845323741007,1.3322715467625899,1.5157190287769784
2004.34288,0.12481698924731183,0.046159964157706096,1.332156129032258,1.5154149462365591
2004.34562,0.1301205,0.04197214285714286,1.33199,1.5150647499999998
2004.34836,0.12960733096085408,0.036650782918149466,1.332588185053381,1.5153397508896798
2004.3511,0.13054748226950355,0.03165985815602838,1.332425354609929,1.5149189716312057
2004.35384,0.13298462897526503,0.03307660777385159,1.3323001060070672,1.5145995053003534
2004.35658,0.13141704225352113,0.02713616197183099,1.33209588028169,1.5142038732394367
2004.35932,0.1284362807017544,0.02353501754385965,1.3329964210526315,1.5151282807017543
2004.36754,0.1284134965034965,0.024339195804195805,1.332801993006993,1.5146890909090909
2004.37028,0.13015229965156794,0.01797536585365854,1.3325334843205576,1.51421968641115
2004.37302,0.1266204513888889,0.005775138888888889,1.3322918750000001,1.5138143055555555
2004.37576,0.1256166089965398,-0.0005331141868512108,1.33205553633218,1.5134117301038061
2004.3785,0.12680772413793104,-0.007320655172413792,1.3318279310344827,1.5130338620689654
2004.38124,0.1283017525773196,-0.012582577319587628,1.3314991408934709,1.5126831958762887
2004.38398,0.1294248287671233,-0.015169691780821917,1.3312290753424658,1.5123785273972603
2004.38672,0.1259467576791809,-0.022923105802047778,1.331671638225256,1.512624266211604
2004.38946,0.12383527210884354,-0.026533503401360542,1.3313467346938774,1.5122055442176872
2004.3922,0.12352972881355934,-0.03154861016949152,1.3309786101694916,1.5117303389830508
2004.39494,0.13128547297297297,-0.026815675675675676,1.331797195945946,1.5129485135135134
2004.39768,0.12958,-0.03475979797979798,1.3315237373737374,1.5125543434343434
2004.40042,0.122230033557047,-0.04617278523489933,1.331238288590604,1.5121147651006712
2004.40316,0.11487080267558529,-0.05626732441471572,1.330958193979933,1.5117898662207359
2004.4059,0.10907906666666667,-0.0671033,1.3306662333333332,1.5115016
2004.40864,0.10942543046357617,-0.0848701986754967,1.3337170198675496,1.5155555298013246
2004.41412,0.10670343234323434,-0.09365300330033004,1.3340857425742574,1.515722310231023
2004.41686,0.10726190789473686,-0.09981700657894736,1.3337059210526316,1.5152234539473683
2004.4196,0.1096315737704918,-0.10374262295081968,1.3333623934426229,1.5147487213114754
2004.42234,0.11430120915032681,-0.10965764705882353,1.3330076470588235,1.5142900980392158
2004.42508,0.1192711400651466,-0.11772179153094464,1.3326988599348535,1.5139018241042346
2004.42782,0.11824948051948052,-0.11949532467532469,1.3324824675324676,1.5135987012987013
2004.43056,0.12200313915857607,-0.12657974110032363,1.3321673786407768,1.513122491909385
2004.4333,0.1188149677419355,-0.1299623548387097,1.3318277096774194,1.5126544838709677
2004.43604,0.121948038585209,-0.13937022508038585,1.3314703215434083,1.5121971704180064
2004.43878,0.12916528846153846,-0.15138320512820513,1.3311615064102564,1.5118116025641026
2004.44152,0.12817517571884984,-0.16116805111821086,1.3308843130990415,1.5114030990415335
2004.44426,0.12979815286624205,-0.17008041401273885,1.3305300636942676,1.5109237261146498
2004.447,0.12658393650793653,-0.1809666984126984,1.3306592063492064,1.510912
2004.44974,0.12043604430379748,-0.18997275316455697,1.3303829746835443,1.5105580379746835
2004.45248,0.11815826498422713,-0.1941573501577287,1.3301312302839117,1.5101937854889589
2004.45522,0.12406000000000002,-0.19710056603773585,1.3298421698113208,1.509936855345912
2004.45796,0.13304868338557996,-0.2021401253918495,1.329538777429467,1.5096017554858934
2004.4607,0.14102971875,-0.20117509375,1.32927915625,1.5092215312500001
2004.46344,0.14683806853582557,-0.20650457943925235,1.3290885981308411,1.5090146417445485
2004.46618,0.15023621118012423,-0.2113184161490683,1.3287935714285715,1.5086361180124224
2004.46892,0.15859328173374615,-0.2172188854489164,1.3284588544891642,1.5082402476780186
2004.47166,0.16573064814814817,-0.22053237654320987,1.328113487654321,1.507790339506173
2004.4744,0.1693364923076923,-0.22743043076923078,1.327767076923077,1.5073676923076922
2004.47714,0.171599754601227,-0.23231564417177913,1.3274449386503067,1.5069427607361963
2004.47988,0.1727070642201835,-0.24126461773700306,1.3271342201834864,1.506544740061162
2004.48262,0.17681231707317074,-0.24489868902439024,1.32686625,1.5062534146341462
2004.48536,0.1801100303951368,-0.24858243161094223,1.3265936474164135,1.5059783890577507
2004.4881,0.18868633333333334,-0.2519093636363636,1.3262664545454546,1.5055386969696969
2004.49084,0.1910492749244713,-0.2569370694864048,1.325956827794562,1.5050968580060422
2004.49358,0.1945471686746988,-0.2606260843373494,1.3257359939759035,1.5047271686746988
2004.49632,0.19461123123123125,-0.2668443543543544,1.3255288888888888,1.5043262462462461
2004.49906,0.1965058383233533,-0.2746649401197605,1.325233502994012,1.5039039221556885
2004.5018,0.1964653432835821,-0.2755899402985075,1.3249768059701492,1.5035244776119403
2004.50454,0.19443857142857143,-0.28349636904761905,1.324715505952381,1.5031023214285715
2004.50728,0.19365985163204746,-0.28587697329376854,1.3244343323442136,1.502713353115727
2004.51002,0.1940174852071006,-0.2922719526627219,1.324151775147929,1.5023196153846152
2004.51276,0.1951592330383481,-0.3039908849557522,1.3239469321533923,1.501956371681416
2004.5155,0.1907634705882353,-0.3095279705882353,1.3238221176470588,1.501716911764706
2004.51824,0.18856513196480937,-0.3135212023460411,1.3235619941348973,1.5012735777126098
2004.52098,0.1848490350877193,-0.3173291228070175,1.3233033918128654,1.5009049415204678
2004.52372,0.1800453644314869,-0.32721285714285714,1.3229861807580174,1.500475860058309
2004.52646,0.1792653488372093,-0.33466880813953487,1.322685784883721,1.500067761627907
2004.5292,0.1753435652173913,-0.3365847536231884,1.32242,1.4996758550724636
2004.53194,0.17485063583815028,-0.33639315028901734,1.3221289595375723,1.4992632369942198
2004.53468,0.17241394812680116,-0.3431698270893372,1.3218752449567723,1.4989080115273776
2004.53742,0.16671692528735632,-0.35245241379310344,1.321611120689655,1.4985502586206898
2004.54016,0.162062664756447,-0.35612197707736387,1.3215139541547278,1.4982720343839542
2004.5429,0.15989651428571428,-0.3641551714285714,1.3212936285714285,1.4979340285714287
2004.54564,0.15097213675213675,-0.3730075783475783,1.3210804273504273,1.4976024786324786
2004.54838,0.13901514204545454,-0.3724872159090909,1.3210002272727273,1.4974106534090907
2004.55934,0.13555362606232296,-0.37768532577903685,1.3207481586402268,1.4969743342776205
2004.56208,0.13500016949152543,-0.3796552542372882,1.3204975141242938,1.4965853954802262
2004.56482,0.1295301971830986,-0.38184115492957743,1.3202541126760563,1.496182985915493
2004.56756,0.12463176966292135,-0.3909546910112359,1.3200178651685393,1.4958007022471909
2004.5703,0.1231320168067227,-0.3977415966386555,1.3198089355742297,1.4954472829131653
2004.57304,0.11956670391061454,-0.4017492737430168,1.3195781284916202,1.4950447486033518
2004.57578,0.1164684122562674,-0.40353019498607245,1.3193170194986072,1.4946333704735377
2004.57852,0.11250547222222222,-0.41055572222222225,1.3190802777777777,1.4942949722222223
2004.58126,0.10604797783933519,-0.41573238227146814,1.3188305540166205,1.4939121883656508
2004.584,0.09414577348066298,-0.4235439226519337,1.3193483425414365,1.4941643093922652
