2010.29964,-1.35719,-0.17735,1.07287,1.03375
2010.30238,-0.70715,-0.05755500000000001,1.06855,1.0382850000000001
2010.30512,-0.5771366666666666,-0.36408666666666667,1.069,1.0418433333333332
2010.30786,-0.19490749999999998,0.34094250000000004,1.062375,1.037855
2010.3106,-0.10459199999999998,-0.20973999999999995,1.057776,1.033874
2010.31334,-0.15898666666666664,-0.5624333333333332,1.0537283333333334,1.028685
2010.31608,0.2816257142857143,-0.1315571428571428,1.05108,1.0245371428571428
2010.31882,0.13035375000000002,-0.2935249999999999,1.05224625,1.0259175
2010.32156,0.13516222222222224,-0.48830666666666667,1.0520566666666666,1.0249866666666665
2010.3243,0.019835000000000002,-0.718312,1.0563639999999999,1.025183
2010.32704,-0.09162,-0.7907745454545455,1.113698181818182,1.0796736363636363
2010.32978,-0.18425499999999997,-0.8626625,1.1622625,1.1254899999999999
2010.33252,-0.34256000000000003,-0.8122676923076924,1.2047015384615385,1.164326923076923
2010.33526,-0.4087878571428572,-1.1887185714285715,1.2410914285714285,1.1988249999999998
2010.338,-0.37958000000000003,-1.3018013333333334,1.2753253333333334,1.22907
2010.34074,-0.31909625,-1.3704075,1.30329125,1.25654
2010.34348,-0.37660058823529413,-1.3439217647058823,1.3273535294117647,1.2783770588235295
2010.34622,-0.38731444444444446,-1.2556477777777777,1.3526938888888889,1.3007805555555556
2010.34896,-0.3459278947368421,-1.1978326315789474,1.36971,1.3176268421052633
2010.3517,-0.31693899999999997,-1.2105745,1.3941789999999998,1.3433785
2010.35444,-0.24379095238095236,-1.2732266666666667,1.4206038095238096,1.3668985714285715
2010.35718,-0.29221,-1.2291918181818182,1.6422513636363638,1.533337272727273
2010.35992,-0.3053008695652174,-1.2195160869565218,1.6487160869565218,1.542564782608696
2010.36266,-0.3384133333333333,-1.1771183333333333,1.6526987499999999,1.5477187499999998
2010.3654,-0.29955000000000004,-1.0482388,1.6588208,1.556294
2010.36814,-0.2985407692307692,-1.012345,1.6638023076923076,1.5619811538461539
2010.37088,-0.32576592592592596,-1.0646151851851853,1.6661055555555555,1.5662840740740742
2010.37362,-0.3093339285714286,-0.9727375,1.666110357142857,1.5679592857142857
2010.37636,-0.318311724137931,-0.9898662068965517,1.6668710344827586,1.5699768965517242
2010.3791,-0.2649993333333333,-0.9005993333333334,1.6715816666666667,1.5763986666666667
2010.38184,-0.2880916129032258,-0.9890306451612904,1.6734754838709678,1.5815154838709677
2010.38458,-0.24826375,-0.9754581250000001,1.6759034375,1.5858575
2010.38732,-0.23517757575757575,-0.9781727272727272,1.6777581818181817,1.589021818181818
2010.39006,-0.25588235294117645,-0.9606417647058824,1.678556176470588,1.5910876470588236
2010.3928,-0.23706999999999998,-0.9526628571428573,1.6790831428571429,1.5928094285714287
2010.39554,-0.2233511111111111,-0.9232675000000001,1.6797105555555556,1.595433611111111
2010.39828,-0.18298108108108108,-0.9448013513513513,1.6818221621621623,1.5970216216216215
2010.40102,-0.12944552631578946,-0.9135671052631579,1.682621052631579,1.5980768421052631
2010.40376,-0.12878051282051284,-0.8644482051282051,1.6827682051282051,1.5987715384615384
2010.4065,-0.1062495,-0.8710789999999999,1.6841995,1.6018255
2010.40924,-0.10082634146341463,-0.849769512195122,1.684130243902439,1.6025997560975611
2010.41198,-0.07899190476190476,-0.820435,1.6846142857142856,1.603874761904762
2010.41472,-0.048123023255813954,-0.8171174418604651,1.6866672093023256,1.6064911627906977
2010.41746,-0.040476590909090907,-0.7120336363636364,1.7263804545454546,1.6482256818181817
2010.42294,-0.03565533333333333,-0.7774102173913043,2.1180424444444443,1.9277797826086955
2010.42568,-0.03493391304347826,-0.8349553191489362,2.19936847826087,2.015704255319149
2010.42842,-0.08128914893617022,-0.7898897916666666,2.2314310638297874,2.0453929166666667
2010.43116,-0.125246875,-0.7951702040816327,2.271058958333333,2.080726530612245
2010.4339,-0.24762122448979593,-0.7821425999999999,2.337117142857143,2.1286014
2010.43664,-0.18694739999999999,-0.7319274509803921,2.3849028000000003,2.1652960784313726
2010.43938,-0.18039470588235293,-0.7315515384615385,2.697255882352941,2.275506346153846
2010.44212,0.020445384615384612,-0.7150900000000001,2.973494615384616,2.3708883018867923
2010.44486,0.05986603773584905,-0.6577762962962963,3.0046218867924526,2.4175327777777778
2010.4476,0.07201037037037038,-0.5943058181818182,3.0614133333333333,2.457504909090909
2010.45034,0.07884054545454544,-0.6068675,3.08821,2.4882955357142857
2010.45308,0.038418928571428576,-0.6293684210526316,3.0861266071428575,2.495127719298246
2010.45582,0.04584070175438596,-0.603159827586207,3.067801754385965,2.484261724137931
2010.45856,0.104335,-0.5378881355932204,3.088185,2.506758474576271
2010.4613,0.20935762711864406,-0.5420068333333333,3.3688150847457625,2.6091083333333334
2010.46404,0.27948766666666663,-0.588494262295082,3.593681666666667,2.694070655737705
2010.46678,0.266974262295082,-0.6191164516129033,3.60809737704918,2.715590967741935
2010.46952,0.2612572580645161,-0.5990842857142857,3.847762741935484,2.7975701587301587
2010.47226,0.3922722222222222,-0.51459046875,4.1088603174603175,2.8989609375
2010.47774,0.31849796875,-0.3985509090909091,4.36466453125,3.0494357575757576
2010.48048,0.31349492307692306,-0.37461313432835824,4.368576,3.072972537313433
2010.48322,0.3321486363636364,-0.34318558823529416,4.327768333333334,3.051555
2010.48596,0.36477835820895527,-0.3233085507246377,4.289015671641791,3.03179115942029
2010.4887,0.3812561764705883,-0.30853871428571433,4.256230147058823,3.016499285714286
2010.49418,0.34732594202898553,-0.42222597222222225,4.222622753623188,3.1536955555555557
2010.49692,0.3743325714285714,-0.38603739726027403,4.186468142857143,3.1327486301369865
2010.49966,0.4008078873239437,-0.38386864864864867,4.153264647887324,3.1137932432432436
2010.5024,0.40335375,-0.37583520000000004,4.119609166666667,3.0939249333333336
2010.50514,0.41598794520547944,-0.37895697368421055,4.086779452054794,3.0747019736842103
2010.50788,0.4032925675675676,-0.3676167532467533,4.05516472972973,3.0564948051948053
2010.51062,0.40706973333333335,-0.3646902564102565,4.024049066666667,3.0383278205128206
2010.51336,0.40343368421052633,-0.33310518987341775,3.9946925,3.02159746835443
2010.5161,0.3984118181818182,-0.31029812500000004,3.96449051948052,3.0039423750000003
2010.51884,0.39591294871794874,-0.2862943209876544,3.9379797435897435,2.9889098765432096
2010.52158,0.39974582278481013,-0.2718003658536586,3.9095831645569623,2.9722953658536584
2010.52432,0.40781825000000005,-0.23626578313253016,3.8823952499999996,2.9563290361445786
2010.52706,0.34344308641975313,-0.21832333333333337,3.8552623456790123,2.94039
2010.5298,0.35212341463414637,-0.20733447058823531,3.8288129268292685,2.9248935294117646
2010.53254,0.3621272289156627,-0.19659941860465122,3.8032797590361445,2.9096846511627907
2010.53528,0.39796845238095235,-0.1784159770114943,3.777971904761905,2.894929195402299
2010.53802,0.4208388235294118,-0.16679534090909096,3.753338352941177,2.8806176136363635
2010.54076,0.42114604651162796,-0.1640459550561798,3.7298403488372096,2.8670026966292137
2010.5435,0.4207254022988506,-0.14277822222222225,3.7075080459770113,2.8536238888888885
2010.54624,0.4146477272727273,-0.13221351648351654,3.68477625,2.840022417582418
2010.54898,0.43222314606741574,-0.10427750000000005,3.663904831460674,2.8278009782608695
2010.55172,0.4503332222222222,-0.0774203225806452,3.641691,2.8146459139784947
2010.55446,0.45138670329670333,-0.06525468085106388,3.6204736263736264,2.802085106382979
2010.5572,0.45430728260869563,-0.04882715789473688,3.599097717391304,2.789468947368421
2010.55994,0.4490667741935484,-0.028423645833333372,3.579203440860215,2.7775442708333333
2010.56268,0.46828723404255324,0.0033005154639174886,3.559669787234043,2.765877628865979
2010.56542,0.4973949473684211,0.010504285714285678,3.539592842105263,2.7539874489795917
2010.56816,0.5211044791666667,0.03244868686868683,3.5203002083333335,2.74254101010101
2010.5709,0.526688969072165,0.04693679999999996,3.501535360824742,2.7313146
2010.57364,0.5452942857142857,0.07520673267326729,3.483374081632653,2.72048396039604
2010.57638,0.5687519191919193,0.06798578431372546,3.4657881818181817,2.7101698039215685
2010.57912,0.5839977000000001,0.08663155339805821,3.4480766,2.6996721359223304
2010.58186,0.584220396039604,0.09878124999999997,3.4311032673267325,2.6893933653846154
2010.5846,0.5880000980392157,0.11631152380952377,3.4140759803921568,2.679195142857143
2010.58734,0.5772766019417476,0.12525877358490564,3.3977520388349514,2.669285
2010.59008,0.6120289423076923,0.14396112149532708,3.3818017307692307,2.6596843925233644
2010.59282,0.6276253333333334,0.1583085185185185,3.366694666666667,2.650898888888889
2010.59556,0.6484099999999999,0.16804541284403668,3.3505033018867922,2.641276697247706
2010.5983,0.6596341121495327,0.17160327272727272,3.335435327102804,2.6323108181818182
2010.60104,0.6704012962962963,0.18173927927927924,3.320666574074074,2.6236862162162162
2010.60378,0.6704037614678899,0.1694542857142857,3.305993211009174,2.614858660714286
2010.60652,0.6838636363636363,0.16425159292035396,3.291176363636364,2.606425663716814
2010.60926,0.6980341441441442,0.16938552631578946,3.2765333333333335,2.5977128947368424
2010.612,0.6929879464285714,0.18145460869565216,3.2619504464285716,2.5890418260869565
2010.61474,0.6807575221238938,0.1937378448275862,3.247988141592921,2.5806812068965517
2010.61748,0.6605115789473684,0.2066653846153846,3.234658947368421,2.5725700854700855
2010.62022,0.6515377391304348,0.21808694915254234,3.221302695652174,2.5644969491525424
2010.62296,0.6489691379310345,0.2458770588235294,3.2079703448275865,2.5564526050420167
2010.6257,0.6270747008547009,0.25098499999999996,3.194585042735043,2.5484220833333335
2010.62844,0.6134649152542374,0.26169214876033053,3.1817305084745766,2.5405440495867766
2010.63118,0.5991205882352941,0.2691629508196721,3.1694872268907566,2.533148360655738
2010.63392,0.5824862500000001,0.25339268292682926,3.1567890833333334,2.5255212195121954
2010.63666,0.5785342975206612,0.269266935483871,3.1447521487603307,2.5182871774193547
2010.6394,0.5390729508196722,0.28546488,3.1323764754098358,2.51074096
2010.64214,0.5130189430894309,0.29898682539682536,3.120743170731707,2.503660158730159
2010.64488,0.5052992741935484,0.303065905511811,3.1091498387096776,2.4971876377952755
2010.64762,0.49944584,0.31401046875,3.09785264,2.490439453125
2010.65036,0.47322769841269846,0.31342844961240307,3.0868596031746036,2.4836363565891473
2010.6531,0.4351296062992126,0.30050523076923075,3.0765259842519685,2.4771203846153846
2010.65584,0.4091459375,0.30451938931297706,3.065509921875,2.4705002290076337
2010.65858,0.38435054263565893,0.30041159090909086,3.0544096899224806,2.4637187878787876
2010.66132,0.36652353846153846,0.2944106766917293,3.044209230769231,2.4574157894736843
2010.66406,0.3545825954198473,0.3004131343283582,3.033841984732825,2.4515016417910447
2010.6668,0.31500189393939393,0.2818378518518518,3.069544696969697,2.481898740740741
2010.66954,0.2759590977443609,0.2393139705882353,3.084680977443609,2.4937658088235293
2010.67228,0.24638059701492537,0.23446620437956206,3.0891087313432832,2.5016078102189785
2010.67502,0.22826866666666668,0.21910905797101446,3.104480666666667,2.519341811594203
2010.67776,0.2250793382352941,0.25318561151079133,3.1219575735294116,2.538268129496403
2010.6805,0.20980503649635035,0.25867228571428574,3.1280363503649635,2.5464669285714288
2010.68324,0.19756340579710144,0.23386191489361702,3.138255507246377,2.559521134751773
2010.68598,0.18024201438848922,0.2352112676056338,3.145785899280576,2.5662971126760565
2010.68872,0.1685505714285714,0.23980783216783214,3.166536142857143,2.5838055944055944
2010.69146,0.15127297872340426,0.23455861111111112,3.177940780141844,2.5925943055555556
2010.6942,0.12367584507042252,0.2591028275862069,3.1870071830985918,2.6003818620689656
2010.69694,0.08951251748251747,0.2587239726027397,3.2032053146853148,2.6161134931506846
2010.69968,0.08569930555555555,0.2755590476190476,3.3252240972222222,2.658092993197279
2010.70242,0.04726820689655171,0.2747061486486486,3.3424526206896554,2.6815492567567567
2010.70516,0.0401399315068493,0.2568525503355704,3.3458036301369862,2.690191476510067
2010.7079,0.00612482993197278,0.2672348666666666,3.33780768707483,2.6854775333333336
2010.71338,-0.003858716216216226,0.26242556291390723,3.3270686486486487,2.6788780794701985
2010.71612,-0.024543288590604034,0.24427999999999997,3.3167139597315436,2.6723202631578946
2010.71886,-0.07580413333333334,0.19376601307189542,3.3154876,2.6751372549019607
2010.7216,-0.08985834437086093,0.19104785714285713,3.307258741721854,2.670995324675325
2010.72434,-0.10373940789473686,0.19500051612903224,3.2978892105263156,2.665165677419355
2010.72708,-0.11989104575163399,0.19845557692307692,3.287769411764706,2.6590528846153845
2010.72982,-0.13799,0.19757343949044584,3.2772755844155843,2.6525226114649683
2010.73256,-0.14370890322580648,0.18360386075949367,3.2668834838709677,2.6461117721518987
2010.7353,-0.16455333333333333,0.15722056603773585,3.25929891025641,2.641576918238994
2010.73804,-0.1634651592356688,0.1665344375,3.250967515923567,2.636535625
2010.74078,-0.1982481012658228,0.1835653416149068,3.2461993037974683,2.6340500621118013
2010.77914,-0.1832711320754717,0.20352160493827162,3.2600771698113205,2.64579012345679
2010.78188,-0.1871573125,0.203788773006135,3.251131875,2.64048754601227
2010.78462,-0.17602024844720496,0.2208571951219512,3.249722608695652,2.641643231707317
2010.78736,-0.20145395061728394,0.21128715151515154,3.24133462962963,2.6365172727272728
2010.7901,-0.2093054601226994,0.21240240963855422,3.2319356441717795,2.6305812048192774
2010.79284,-0.21224835365853656,0.22331628742514967,3.222950304878049,2.625061017964072
2010.79558,-0.21091896969696972,0.22893970238095238,3.2135323030303033,2.619209880952381
2010.79832,-0.22476837349397594,0.23267242603550292,3.2058489156626506,2.614941360946746
2010.8038,-0.23049353293413175,0.2338809411764706,3.204898203592814,2.6166822352941175
2010.80654,-0.24764845238095237,0.22730269005847956,3.196233392857143,2.6113390058479533
2010.80928,-0.25448473372781066,0.22649499999999997,3.187357041420119,2.605843953488372
2010.81202,-0.2800048823529412,0.2156264739884393,3.178777117647059,2.600324161849711
2010.81476,-0.29531994152046787,0.17626827586206895,3.170847134502924,2.595448563218391
2010.8175,-0.3016783720930233,0.1629492,3.1632101744186043,2.5905992
2010.82024,-0.3129521965317919,0.17147238636363638,3.1555286127167634,2.5862078409090907
2010.83394,-0.3113269540229885,0.16307994350282487,3.1595725287356324,2.5904114124293787
2010.83668,-0.3018450285714286,0.15107870786516853,3.1515584000000003,2.585412640449438
2010.83942,-0.2874959090909091,0.16611849162011172,3.1441076136363635,2.580974525139665
2010.84216,-0.29176774011299433,0.16324627777777778,3.136407401129943,2.5761547777777776
2010.8449,-0.3062800561797753,0.15753552486187844,3.128809157303371,2.571401988950276
2010.84764,-0.30731178770949724,0.1539637912087912,3.120888994413408,2.5662792307692306
2010.85038,-0.31341883333333337,0.14219120218579234,3.1136142777777778,2.5619545901639347
2010.85312,-0.32535629834254143,0.14794320652173915,3.106066740331492,2.5573554891304346
2010.85586,-0.3250217582417582,0.15110945945945944,3.098364120879121,2.5525143243243242
2010.8586,-0.32610234972677593,0.15344596774193547,3.0910763934426226,2.547987849462366
2010.86134,-0.3271395652173913,0.1532417112299465,3.0838520652173913,2.5436542245989306
2010.86408,-0.32792843243243247,0.13969638297872342,3.076412594594595,2.538956063829787
2010.86682,-0.32765301075268816,0.13475888888888887,3.069137741935484,2.5344378835978834
2010.86956,-0.33485401069518717,0.13581705263157892,3.062547593582888,2.530438105263158
2010.8723,-0.32747191489361704,0.1335469109947644,3.0558504255319145,2.526391256544503
2010.87504,-0.32686243386243385,0.13344796875,3.051263544973545,2.5241391145833334
2010.87778,-0.3314086315789474,0.13308948186528496,3.043996947368421,2.519737202072539
2010.88326,-0.3216399476439791,0.14639067010309278,3.0555944502617804,2.5317417525773194
2010.886,-0.3129384895833333,0.1309988717948718,3.0592194270833333,2.537439435897436
2010.88874,-0.3186156476683938,0.12635158163265306,3.0535853886010362,2.534463469387755
2010.92162,-0.3090669230769231,0.13062690355329948,3.0396708205128204,2.5300635532994926
2010.92436,-0.3084683163265306,0.1363230808080808,3.0325811734693877,2.5255225252525255
2010.9271,-0.29636010152284264,0.1407486432160804,3.0255027411167514,2.521302512562814
2010.92984,-0.2959126767676768,0.1505897,3.018385757575758,2.5168749
2010.93258,-0.2912499497487437,0.14505223880597015,3.0114801507537687,2.512560447761194
2010.93532,-0.28368965,0.13030272277227722,3.0047094,2.508393168316832
2010.93806,-0.2858989054726368,0.11549960591133004,2.997950199004975,2.5042222660098523
2010.9408,-0.28117202970297034,0.10499495098039215,2.9912674257425746,2.500261666666667
2010.94354,-0.2779834482758621,0.0963349268292683,2.9850462068965515,2.49657
2010.94628,-0.2598496568627451,0.08016087378640777,2.978584019607843,2.492705776699029
2010.94902,-0.2506793658536586,0.07737082125603865,2.972212682926829,2.4887614492753625
2010.95176,-0.25180674757281557,0.07963629807692306,2.968601067961165,2.4873835576923073
2010.9545,-0.24846850241545895,0.0796668899521531,2.9623314492753625,2.4835210526315787
2010.95724,-0.24682586538461537,0.08185223809523809,2.9563925961538464,2.479859476190476
2010.95998,-0.23668435406698565,0.07815611374407583,2.950579377990431,2.4763915639810428
2010.96272,-0.2418187619047619,0.09222561320754716,2.9496305714285715,2.4765525
2010.9682,-0.2386188151658768,0.1090763849765258,2.9524817535545025,2.4826492018779343
2010.97094,-0.23518995283018868,0.10604514018691588,2.946352783018868,2.4788137850467287
2010.97368,-0.22152530516431926,0.09731827906976744,2.940246103286385,2.474996930232558
2010.97642,-0.2036226168224299,0.10076347222222222,2.9341599532710276,2.471168935185185
2010.97916,-0.18788972093023257,0.09473963133640552,2.928041023255814,2.467283732718894
2010.9819,-0.17818319444444444,0.08460211009174311,2.9220593518518516,2.4634997706422017
2010.98464,-0.1654920737327189,0.0752269406392694,2.9163701843317975,2.459870547945205
2010.98738,-0.14875490825688073,0.06458140909090908,2.910523853211009,2.4562174090909092
2010.99012,-0.1495678082191781,0.05940787330316742,2.9052018721461184,2.4530198642533936
2010.99286,-0.1436938181818182,0.0585427027027027,2.8997793181818183,2.4496162162162163
2010.9956,-0.13949054298642535,0.05657448430493273,2.8942470588235296,2.446112914798206
2010.99834,-0.12442274774774775,0.04750138392857143,2.8888364414414416,2.442694330357143
