2004.55386,-1.17761,-1.38191,1.52636,2.65294
2004.5566,-0.6060650000000001,-2.251305,1.6262050000000001,2.75959
2004.55934,-0.12349000000000003,-2.1106266666666667,1.5925066666666667,2.7297499999999997
2004.56208,-0.16553,-2.4203099999999997,1.571915,2.7035425
2004.56482,-0.361822,-2.546546,1.5620560000000001,2.696848
2004.56756,-0.3623983333333333,-2.501045,1.555691666666667,2.6957583333333335
2004.5703,-0.24456857142857144,-2.4342714285714284,1.5541757142857142,2.693867142857143
2004.57304,-0.22586,-2.3490775,1.551635,2.6932275
2004.57578,-0.17656555555555556,-2.304492222222222,1.5479944444444445,2.6899622222222224
2004.57852,-0.244061,-2.3921330000000003,1.546081,2.68844
2004.58126,-0.2924045454545455,-2.403392727272727,1.5444018181818182,2.687619090909091
2004.584,-0.33088500000000004,-2.4087033333333334,1.5428983333333335,2.6861566666666667
2004.58674,-0.4638523076923077,-2.446893076923077,1.5430661538461539,2.6870746153846152
2004.58948,-0.5041321428571429,-2.6502764285714284,1.5431207142857144,2.691865
2004.59222,-0.496262,-2.7555479999999997,1.543168,2.69529
2004.59496,-0.4773325,-2.81835375,1.54633,2.698384375
2004.5977,-0.42164882352941174,-2.897952352941177,1.5475782352941176,2.699649411764706
2004.60044,-0.4418916666666667,-2.940322777777778,1.5466077777777778,2.698697777777778
2004.60318,-0.4876005263157895,-2.92524,1.5456078947368421,2.698747894736842
2004.60592,-0.4761025,-2.9687175,1.544895,2.6971585
2004.60866,-0.4869523809523809,-2.993439523809524,1.5439528571428571,2.696165238095238
2004.6114,-0.47283000000000003,-2.966418181818182,1.542359090909091,2.695262272727273
2004.61414,-0.46099304347826087,-2.952011304347826,1.5418804347826087,2.694031739130435
2004.61688,-0.4485720833333333,-2.94455875,1.5425337499999998,2.6973145833333336
2004.61962,-0.41823720000000003,-2.967506,1.5417372,2.6970344
2004.62236,-0.4082873076923077,-3.0270396153846155,1.54105,2.697075
2004.6251,-0.37560333333333334,-3.0299055555555556,1.544481111111111,2.699765185185185
2004.62784,-0.37562214285714285,-3.0657485714285713,1.5437003571428571,2.6988714285714286
2004.63058,-0.34117310344827584,-3.108717931034483,1.5455555172413793,2.702978275862069
2004.63332,-0.323926,-3.125850333333333,1.5447493333333333,2.70349
2004.63606,-0.3236851612903226,-3.152396451612903,1.545363870967742,2.706028064516129
2004.64154,-0.300640625,-3.232960625,1.5760103125,2.7729209375
2004.64428,-0.278469696969697,-3.2546906060606062,1.578098787878788,2.7751354545454547
2004.64702,-0.2349944117647059,-3.298615588235294,1.578559411764706,2.774380588235294
2004.64976,-0.27201257142857144,-3.3544902857142858,1.5778525714285714,2.77358
2004.6525,-0.2638161111111111,-3.3937633333333337,1.5763530555555556,2.7713533333333333
2004.69086,-0.21055972972972972,-3.4299756756756756,1.5830300000000002,2.78267
2004.69908,-0.1766571052631579,-3.4589997368421055,1.5812102631578948,2.7804852631578947
2004.70182,-0.18052666666666667,-3.492101794871795,1.58022,2.780009487179487
2004.70456,-0.16938625000000002,-3.510927,1.579716,2.7805695
2004.7073,-0.16169878048780487,-3.5807131707317073,1.5852331707317076,2.792190243902439
2004.71552,-0.16501857142857143,-3.5712540476190475,1.5838909523809523,2.7902092857142855
2004.71826,-0.1956381818181818,-3.448046590909091,1.590976818181818,2.7973095454545454
2004.72374,-0.1807582222222222,-3.4603491111111113,1.5893191111111113,2.7941013333333333
2004.72648,-0.17698913043478262,-3.4417065217391305,1.5879232608695653,2.7920819565217387
2004.72922,-0.16256936170212766,-3.450595319148936,1.5953497872340427,2.8013778723404257
2004.7347,-0.17760520833333335,-3.4467081250000002,1.5944064583333333,2.7998422916666663
2004.73744,-0.16889142857142855,-3.424227346938775,1.5930942857142858,2.797257346938775
2004.74018,-0.1521518,-3.4021665999999997,1.59146,2.7944022
2004.74292,-0.16609490196078433,-3.389816862745098,1.5896941176470587,2.791201176470588
2004.74566,-0.17666153846153848,-3.3307515384615387,1.588188076923077,2.7889017307692305
2004.7484,-0.22519377358490564,-3.2722564150943394,1.5870686792452828,2.786747735849057
2004.75114,-0.2302487037037037,-3.2386137037037037,1.5857596296296297,2.7841546296296293
2004.75388,-0.2356709090909091,-3.2082323636363634,1.584225818181818,2.781797272727273
2004.75662,-0.2237922807017544,-3.200481052631579,1.592267543859649,2.7917524561403506
2004.7621,-0.20425103448275864,-3.2068505172413793,1.5911958620689655,2.790486551724138
2004.76484,-0.22153050847457625,-3.239091186440678,1.5911545762711863,2.789896949152542
2004.76758,-0.20630583333333333,-3.226158666666667,1.5900955,2.7879516666666664
2004.77032,-0.22247081967213114,-3.2405368852459016,1.5904624590163934,2.787422950819672
2004.77306,-0.23678064516129033,-3.2557269354838714,1.5906564516129031,2.7871874193548387
2004.7758,-0.23618079365079367,-3.219975873015873,1.5899528571428572,2.786045079365079
2004.77854,-0.22985453125,-3.2090309375,1.59036328125,2.786349375
2004.78128,-0.2152366153846154,-3.231831846153846,1.6070241538461538,2.8133989230769227
2004.78402,-0.22465212121212122,-3.2511607575757573,1.610340303030303,2.8194363636363633
2004.79224,-0.23434179104477612,-3.244426119402985,1.609161343283582,2.8174394029850744
2004.79498,-0.2388980882352941,-3.2537291176470586,1.6080170588235294,2.8158445588235295
2004.79772,-0.288718115942029,-3.267053623188406,1.6069784057971015,2.814183188405797
2004.80046,-0.32673342857142856,-3.239913,1.6065042857142857,2.813659142857143
2004.80594,-0.3241938028169014,-3.2213,1.605533661971831,2.812184929577465
2004.81416,-0.3270848611111111,-3.2106383333333337,1.6040006944444445,2.8099299999999996
2004.8169,-0.33385986301369863,-3.20340698630137,1.6034671232876712,2.8087605479452056
2004.82512,-0.3616671621621622,-3.199172027027027,1.6020709459459461,2.8065497297297295
2004.82786,-0.3763904,-3.1931578666666667,1.6009117333333334,2.804377066666667
2004.8306,-0.41557236842105266,-3.1969873684210524,1.599996447368421,2.8034907894736842
2004.83334,-0.4129614285714286,-3.1751341558441557,1.598715974025974,2.8017580519480516
2004.83608,-0.4183188461538461,-3.1601116666666664,1.5980603846153845,2.800588717948718
2004.84156,-0.41129544303797466,-3.1748135443037975,1.597326582278481,2.7991139240506326
2004.8443,-0.4125765,-3.1739115,1.596065125,2.797014375
2004.84704,-0.4246445679012346,-3.169464938271605,1.5949425925925926,2.7952356790123454
2004.84978,-0.4293001219512195,-3.152530365853659,1.5940453658536586,2.793690243902439
2004.85252,-0.4131966265060241,-3.142077228915663,1.5935456626506024,2.7926322891566264
2004.85526,-0.39342083333333333,-3.1415883333333334,1.5967128571428573,2.7978085714285714
2004.858,-0.39353752941176473,-3.1418767058823533,1.5959880000000002,2.796580470588235
2004.86074,-0.3718179069767442,-3.123205930232558,1.5954540697674418,2.7958879069767444
2004.86348,-0.356267816091954,-3.101482643678161,1.5946312643678162,2.794567011494253
2004.86622,-0.3574723863636364,-3.085458636363636,1.593827159090909,2.793311477272727
2004.8717,-0.3580392134831461,-3.077224157303371,1.5929429213483146,2.791436966292135
2004.87444,-0.3512968888888889,-3.085129222222222,1.5923002222222222,2.7901230000000004
2004.87718,-0.3404535164835165,-3.0750703296703294,1.5915756043956044,2.788547142857143
2004.87992,-0.33687097826086954,-3.068600652173913,1.5908939130434785,2.787039347826087
2004.88266,-0.31452978494623657,-3.0640018279569894,1.5910589247311828,2.786953440860215
2004.88814,-0.3169685106382979,-3.0602155319148934,1.5901847872340427,2.785478085106383
2004.89088,-0.3091696842105263,-3.0538256842105267,1.589421052631579,2.784115789473684
2004.89362,-0.29688031249999997,-3.0367053125,1.5887511458333332,2.7827169791666666
2004.89636,-0.2865073195876289,-3.02111412371134,1.5880693814432991,2.781780412371134
2004.8991,-0.288624693877551,-3.0287502040816325,1.5877326530612246,2.780767551020408
2004.90184,-0.27730848484848486,-3.034081414141414,1.5877682828282829,2.78042
2004.90458,-0.2804718,-3.0381669,1.586967,2.7788027
2004.90732,-0.28368445544554455,-3.032152475247525,1.5860827722772277,2.7769091089108913
2004.91006,-0.26950382352941177,-3.03038431372549,1.5850323529411765,2.774915294117647
2004.9128,-0.26124233009708736,-3.0321076699029126,1.5840023300970874,2.772733495145631
2004.91554,-0.25976990384615384,-3.0181616346153843,1.5841080769230769,2.773093653846154
2004.92102,-0.25847219047619047,-3.0046854285714284,1.583451142857143,2.772216285714286
2004.92376,-0.2387679245283019,-2.9905869811320756,1.5829361320754718,2.7714583018867924
2004.9265,-0.22899560747663553,-2.9756220560747666,1.5823607476635515,2.7706562616822428
2004.92924,-0.2208700925925926,-2.956925833333333,1.5817498148148148,2.769148240740741
2004.93198,-0.21500660550458717,-2.95039,1.5810355963302751,2.7674536697247705
2004.93472,-0.21538890909090908,-2.9429556363636364,1.5806179999999999,2.766908
2004.93746,-0.24509144144144143,-2.922692072072072,1.580252882882883,2.7665405405405408
2004.9402,-0.25533785714285717,-2.915541160714286,1.5797716964285713,2.765734821428571
2004.94294,-0.23275964601769913,-2.897190176991151,1.5795972566371683,2.7655633628318586
2004.94568,-0.23384342105263156,-2.9011005263157896,1.578966052631579,2.764479912280702
2004.94842,-0.23930234782608698,-2.8895871304347827,1.5783133043478261,2.7636047826086956
2004.95116,-0.24767827586206898,-2.853333017241379,1.5778224137931034,2.762932672413793
2004.9539,-0.25977709401709403,-2.8425373504273503,1.5775852136752138,2.7627244444444448
2004.95664,-0.25447016949152546,-2.8366372881355932,1.5802606779661017,2.7664383898305083
2004.96486,-0.2444283193277311,-2.8200655462184874,1.5792938655462185,2.7646996638655463
2004.97034,-0.25276733333333334,-2.8006131666666665,1.5784471666666666,2.7632105
2004.97308,-0.25776454545454547,-2.773623553719008,1.5779754545454547,2.7623249586776857
2004.97582,-0.2615184426229508,-2.7449951639344263,1.5777160655737705,2.7615559836065575
2004.97856,-0.2650593495934959,-2.7300443902439024,1.5768115447154472,2.760090731707317
2004.9813,-0.2756666129032258,-2.713585483870968,1.5759920161290324,2.7588374193548386
2004.98404,-0.28942664,-2.6997506400000004,1.5753253600000001,2.75742976
2004.98952,-0.28865579365079364,-2.673065396825397,1.5747980952380953,2.7571318253968253
2004.99226,-0.2888995275590551,-2.656131811023622,1.5745346456692915,2.7574025196850394
2004.995,-0.29687625,-2.646885390625,1.573904765625,2.75707296875
2004.99774,-0.3110882945736434,-2.6310853488372095,1.5734007751937986,2.757170930232558
2005.00596,-0.32455046153846157,-2.6020304615384617,1.573038923076923,2.7571476153846155
2005.0087,-0.33345068702290076,-2.5811068702290076,1.5725492366412215,2.7569464122137406
2005.01144,-0.3409532575757576,-2.5543494696969695,1.5720291666666666,2.756760075757576
2005.01418,-0.3472927067669173,-2.548325939849624,1.5723426315789473,2.7574895488721802
2005.01966,-0.35279589552238805,-2.5287667910447764,1.5720460447761193,2.7574761940298504
2005.0224,-0.34671622222222226,-2.4984758518518517,1.5716521481481482,2.756794148148148
2005.02514,-0.3441473529411765,-2.489226617647059,1.5711906617647058,2.756190808823529
2005.02788,-0.35728978102189785,-2.464507226277372,1.570817883211679,2.755562189781022
2005.03062,-0.36577297101449274,-2.442516304347826,1.570378188405797,2.7548523913043477
2005.03336,-0.35998525179856117,-2.4186122302158273,1.5700974100719425,2.754264820143885
2005.0361,-0.3629324285714286,-2.3994287857142855,1.5717729999999999,2.7569996428571426
2005.04432,-0.36745439716312056,-2.356661205673759,1.5714509219858155,2.756504609929078
2005.04706,-0.3861331690140845,-2.3401726760563384,1.5711949295774648,2.7559288028169013
2005.0498,-0.3833360839160839,-2.3275447552447552,1.5723999999999998,2.758093776223776
2005.05254,-0.4001425,-2.2927178472222223,1.572712986111111,2.7587690972222223
2005.05528,-0.4032641379310345,-2.278647793103448,1.572832275862069,2.7589519310344826
2005.05802,-0.4085232191780822,-2.2686615068493152,1.572590890410959,2.758225821917808
2005.06076,-0.40372646258503403,-2.255321904761905,1.5725225850340137,2.757816734693878
2005.0635,-0.40199716216216214,-2.238137027027027,1.5725395945945946,2.7574447297297295
2005.06624,-0.4137489932885906,-2.227625503355705,1.572640134228188,2.7572240268456376
2005.06898,-0.4228928666666667,-2.2167814,1.5724398,2.7564562
2005.07172,-0.42645417218543047,-2.1924921192052977,1.5721511920529803,2.755595430463576
2005.07446,-0.4290890789473685,-2.1862861842105263,1.5718827631578947,2.754776710526316
2005.0772,-0.4373582352941176,-2.1836913725490197,1.5718788888888888,2.7541823529411764
2005.07994,-0.43369733766233765,-2.174552922077922,1.5714617532467532,2.7533126623376623
2005.08268,-0.4377243870967742,-2.1606168387096774,1.5709694838709678,2.7525043870967743
2005.08542,-0.4392146153846154,-2.1565202564102566,1.5707795512820513,2.7522055128205127
2005.08816,-0.44108910828025477,-2.151648407643312,1.570258152866242,2.751424522292994
2005.0909,-0.43570772151898735,-2.1390350000000002,1.5698223417721517,2.750525316455696
2005.09364,-0.4266869375,-2.1319760625,1.57132275,2.754414125
2005.7485,-0.4136981366459628,-2.1053878881987576,1.5714775776397516,2.7548282608695653
2005.75124,-0.40899160493827164,-2.079277222222222,1.5714764197530864,2.755102716049383
2005.75398,-0.39575576687116565,-2.045966012269939,1.5714523312883435,2.7553738036809814
2005.75672,-0.3904332926829268,-2.0152689024390242,1.5714132926829267,2.7556700609756097
2005.75946,-0.37580145454545455,-1.9803989696969697,1.5711402424242424,2.755604181818182
2005.7622,-0.361299578313253,-1.9446786144578312,1.5713516867469879,2.7562893975903613
2005.76494,-0.36332053892215566,-1.908182994011976,1.5711644910179643,2.7561553293413175
2005.76768,-0.35723595238095235,-1.8842176190476192,1.5707641071428573,2.7557911904761903
2005.77042,-0.3452429585798817,-1.8484298816568048,1.5705308875739643,2.7556524852071007
2005.77316,-0.33688705882352943,-1.8106166470588234,1.5705353529411765,2.7560648823529412
2005.7759,-0.3287535087719298,-1.7670181286549707,1.5705762573099413,2.7564269005847954
2005.77864,-0.31882680232558136,-1.7363689534883722,1.5705658720930233,2.7565312790697676
2005.78138,-0.3177796531791907,-1.6999705780346823,1.5707360115606936,2.7572284393063584
2005.78412,-0.3109647126436782,-1.6773704022988507,1.5706316091954022,2.7573717816091956
2005.78686,-0.3011894285714286,-1.6335090285714287,1.5703786285714285,2.757264342857143
2005.7896,-0.2913793181818182,-1.5949931818181817,1.5701639772727274,2.7573085227272727
2005.79234,-0.2722693785310734,-1.5596701129943502,1.5700293220338983,2.7574489830508475
2005.79508,-0.26857252808988763,-1.5127669101123595,1.5699873033707865,2.757788988764045
2005.79782,-0.2559689944134078,-1.4726396648044693,1.570057318435754,2.7580382681564246
2005.80056,-0.24232388888888887,-1.441775388888889,1.5701265555555555,2.7586999444444444
2005.8033,-0.2325550276243094,-1.4051090055248618,1.5698916574585635,2.7586833701657456
2005.80604,-0.22210406593406593,-1.374911978021978,1.569577032967033,2.7585215384615385
2005.80878,-0.20993295081967212,-1.3398432786885246,1.5693136065573772,2.758395519125683
2005.81152,-0.20130885869565218,-1.3041671195652174,1.5691751086956522,2.7584401086956523
2005.81426,-0.19368237837837837,-1.2688176756756757,1.569065135135135,2.758458972972973
2005.817,-0.18534387096774194,-1.2337305376344085,1.569117365591398,2.7587705913978495
2005.81974,-0.17847588235294115,-1.2076394652406417,1.568928770053476,2.7587957754010697
2005.82248,-0.16871989361702128,-1.1661455851063829,1.5689678723404255,2.7591022872340427
2005.82522,-0.16028571428571428,-1.136324074074074,1.5686697883597884,2.7588618518518517
2005.82796,-0.1543945789473684,-1.106280105263158,1.5684011578947368,2.758664947368421
2005.8307,-0.1440589005235602,-1.0752894240837696,1.5687626178010472,2.7590651308900527
2005.83344,-0.13374395833333333,-1.03521578125,1.5690618229166666,2.75939625
2005.83618,-0.12176031088082902,-0.9945164248704662,1.569364352331606,2.7598530569948188
2005.83892,-0.11259257731958763,-0.9636855670103094,1.5695479896907216,2.760080412371134
2005.84166,-0.10444866666666666,-0.9362688205128205,1.569748923076923,2.760265538461538
2005.8444,-0.10505780612244897,-0.9120812755102041,1.5701325,2.760710918367347
2005.84714,-0.10026639593908629,-0.8734087817258883,1.5704551269035534,2.761096446700508
2005.84988,-0.09589868686868688,-0.8476172727272727,1.5706736363636364,2.761352272727273
2005.85262,-0.08479753768844221,-0.819894472361809,1.570946432160804,2.7616993969849246
2005.85536,-0.075024,-0.78607935,1.5712601499999999,2.7619574
2005.8581,-0.06594910447761194,-0.7579409452736318,1.5716763184079603,2.762879004975124
2005.96222,-0.06851504950495049,-0.721844306930693,1.571322227722772,2.7625428712871285
2005.97592,-0.06882197044334976,-0.6765783743842364,1.5717524137931034,2.763061330049261
2005.97866,-0.06431357843137255,-0.6310456862745097,1.572117205882353,2.7634907843137255
2005.9814,-0.06386058536585365,-0.5862749268292683,1.5720888292682926,2.7634603902439023
2005.98414,-0.06701543689320388,-0.5393082038834951,1.5719577184466018,2.763415145631068
2005.98688,-0.06623309178743962,-0.5008295169082125,1.5719424154589372,2.7636712077294683
2005.98962,-0.06882995192307692,-0.4571491346153846,1.571951298076923,2.7640221153846154
2005.99236,-0.06617856459330143,-0.42329866028708135,1.571942153110048,2.764094019138756
2005.9951,-0.07256823809523809,-0.3856614761904762,1.5718261428571427,2.764024380952381
2005.99784,-0.07889867298578199,-0.35288364928909954,1.571752606635071,2.7639775355450236
2006.00332,-0.07810169811320754,-0.31251514150943394,1.5718564150943397,2.7642469339622644
2006.00606,-0.0789568544600939,-0.27959183098591545,1.5719357746478873,2.764506478873239
2006.0088,-0.08224004672897196,-0.250107476635514,1.5718219626168224,2.7645307943925235
2006.01154,-0.08056390697674419,-0.2127768837209302,1.5718426976744186,2.7646417674418604
2006.01428,-0.07644180555555556,-0.17546828703703704,1.5719441666666667,2.7648310185185183
2006.01702,-0.07796267281105991,-0.14417658986175114,1.5719814285714286,2.7648606912442397
2006.01976,-0.07833353211009174,-0.11827348623853211,1.5722931192660552,2.7650114678899085
2006.0225,-0.07915447488584475,-0.08068954337899541,1.5725734703196348,2.765246210045662
2006.02524,-0.08045572727272728,-0.04756586363636363,1.5728285909090909,2.7655637272727276
2006.02798,-0.08512669683257917,-0.013832850678733018,1.572787737556561,2.7655824886877824
2006.03072,-0.08768045045045046,0.0180282882882883,1.5733600450450451,2.76658990990991
2006.03346,-0.0826880269058296,0.04917278026905831,1.5734570852017937,2.7666248430493274
2006.0362,-0.08234410714285714,0.08323093750000002,1.5734975446428572,2.7665274107142857
2006.03894,-0.08205808888888888,0.1169146666666667,1.573493288888889,2.7664516
2006.04168,-0.0868733185840708,0.15015389380530975,1.5734669911504424,2.766397123893805
2006.04442,-0.0892025550660793,0.1760954625550661,1.573886255506608,2.7668986784140968
2006.04716,-0.09029785087719298,0.20578276315789476,1.5737927631578947,2.766835877192982
2006.0499,-0.08602248908296943,0.23024096069868996,1.5737164192139736,2.7669096069868995
2006.05264,-0.08540304347826087,0.25436,1.5736082173913044,2.7669894782608693
2006.05538,-0.0829200432900433,0.2832657142857143,1.5733982683982684,2.7669270995671
2006.05812,-0.0816625,0.3153052586206897,1.573190129310345,2.7668854310344826
2006.06086,-0.07677330472103004,0.35085909871244636,1.5729677253218886,2.766837424892704
2006.0636,-0.07040589743589742,0.37971978632478637,1.572848547008547,2.7668629914529914
2006.06634,-0.0733535744680851,0.3971940425531915,1.5725817021276596,2.766477617021277
2006.06908,-0.06188775423728813,0.4144520338983051,1.5722589406779661,2.7660097457627115
2006.07182,-0.05498835443037975,0.4357201265822785,1.571891518987342,2.765519535864979
2006.07456,-0.05088344537815126,0.4657378991596639,1.5715586134453783,2.765138109243697
2006.0773,-0.046485355648535565,0.49036100418410045,1.5828421338912133,2.7844783263598325
2006.08004,-0.04799445833333334,0.5138625,1.5826587916666666,2.784397333333333
2006.08552,-0.051082821576763485,0.5325831535269709,1.5825546473029046,2.7844978838174272
2006.08826,-0.05805190082644628,0.5537520247933885,1.5823430578512399,2.7843531404958677
2006.09374,-0.05435765432098765,0.6316395081967214,1.582472181069959,2.8537189754098358
2006.09648,-0.0501780737704918,0.650160081632653,1.5821859426229508,2.8533506530612245
2006.09922,-0.04716448979591836,0.6687086178861789,1.5817797959183673,2.85266256097561
2006.10196,-0.04521325203252033,0.6876572064777329,1.5813363821138213,2.8518602834008098
2006.1047,-0.037777044534412954,0.7105211693548387,1.5809167611336032,2.8511900403225807
2006.10744,-0.04068834677419355,0.7252573493975903,1.5805760080645161,2.8509065863453813
2006.11018,-0.0402,0.74763928,1.5804134136546184,2.8511049199999996
2006.11292,-0.03677672,0.7620617928286852,1.5799476,2.8504766932270917
2006.11566,-0.03618286852589641,0.7772383730158731,1.5794904780876495,2.849754603174603
2006.1184,-0.03690051587301588,0.7914369169960475,1.5791063095238096,2.8491859288537547
2006.12114,-0.03672438735177866,0.8113658267716535,1.5787547826086956,2.8486646456692917
2006.12388,-0.037731968503937,0.8270831764705883,1.578337244094488,2.8481169019607844
2006.12662,-0.038466196078431374,0.8482125390625,1.5779033725490197,2.8476038671875
2006.12936,-0.0383209375,0.8770136964980544,1.579218203125,2.849857237354086
2006.1321,-0.04271486381322957,0.896401472868217,1.5787794552529184,2.84927503875969
2006.13484,-0.04980860465116279,0.9100135521235522,1.578344108527132,2.8486492664092666
2006.13758,-0.060065675675675674,0.9220680769230769,1.5782349420849422,2.8488965384615383
2006.14032,-0.062363576923076924,0.939898275862069,1.5779442307692306,2.8485215708812257
2006.14306,-0.06394390804597701,0.9590004198473283,1.577560114942529,2.8479830534351147
2006.1458,-0.06842179389312977,0.9778238783269962,1.5772170229007634,2.8474664258555134
2006.14854,-0.07194285171102661,0.9999059090909092,1.576852813688213,2.8469124242424244
2006.15128,-0.07308223484848485,1.0132814716981131,1.576481931818182,2.846297962264151
2006.15402,-0.07387267924528303,1.0267096240601503,1.5763916981132076,2.8460627067669173
2006.15676,-0.07806537593984962,1.0392306741573032,1.5805201503759398,2.853240486891386
2006.1595,-0.08099659176029964,1.0518683208955224,1.5802799250936328,2.852899776119403
2006.16224,-0.08419444029850746,1.0679135315985129,1.5801299626865672,2.8528220446096655
2006.16498,-0.07860743494423791,1.107365074074074,1.586727063197026,2.8645253703703704
2006.16772,-0.07688162962962963,1.1227543173431733,1.586401777777778,2.8641640221402214
2006.17046,-0.0755090774907749,1.1357838970588237,1.5860374538745388,2.863404632352941
2006.1732,-0.07228022058823529,1.1543109523809525,1.5857216911764707,2.862781978021978
2006.17594,-0.07195893772893773,1.1723958759124087,1.5853899633699635,2.862158211678832
2006.17868,-0.07106083941605838,1.1824907636363635,1.5851016423357664,2.861578581818182
2006.18142,-0.07506861818181818,1.1909542028985507,1.584788181818182,2.860974963768116
2006.18416,-0.08380210144927537,1.1968327436823105,1.5845086594202897,2.8604262815884476
2006.1869,-0.09114512635379061,1.2091506834532375,1.5841770758122744,2.8598087410071944
2006.18964,-0.09086438848920864,1.2213335842293906,1.5838389208633092,2.8592068100358423
2006.19238,-0.09684494623655913,1.2344682500000002,1.5835702867383512,2.858770428571429
2006.19512,-0.09921603571428572,1.2431105338078292,1.5834996785714286,2.858719430604982
2006.19786,-0.10346106761565836,1.2541309219858157,1.5833985053380784,2.8587129787234042
2006.2006,-0.10723737588652484,1.2631685159010602,1.5832095390070922,2.8585690106007067
2006.20334,-0.10944038869257951,1.2746175,1.5832027208480566,2.858837218309859
2006.20608,-0.11070292253521127,1.2868279298245615,1.5832135211267604,2.859016140350877
2006.20882,-0.10968042105263158,1.3030682167832168,1.5831103859649123,2.8587583216783217
2006.21156,-0.11284804195804196,1.3190485017421603,1.582946888111888,2.858491463414634
2006.2143,-0.11640585365853658,1.3280911111111111,1.5827932055749128,2.8581561805555555
2006.21704,-0.11746086805555556,1.3365829411764705,1.5826405902777778,2.8578878546712803
2006.21978,-0.11744391003460208,1.3480917586206898,1.5825365397923876,2.8576052758620687
2006.22252,-0.11994193103448277,1.3625830240549828,1.5825149655172415,2.8576135395189
2006.22526,-0.12388776632302406,1.3831459589041097,1.5827037113402063,2.8580269520547943
2006.228,-0.12724934931506848,1.3939984300341297,1.5826774657534246,2.8578955631399316
2006.23074,-0.1274287372013652,1.401664387755102,1.5826641638225256,2.8577227210884355
2006.23348,-0.13030523809523809,1.413447559322034,1.5826127551020408,2.857609084745763
2006.23622,-0.13226159322033898,1.4243129729729729,1.5825997627118644,2.857385777027027
2006.23896,-0.13879699324324327,1.4329904377104377,1.5823760472972972,2.856744612794613
2006.2417,-0.14442747474747475,1.4413509731543623,1.5821244107744108,2.856086845637584
2006.24444,-0.14334671140939598,1.4529495986622074,1.5818241946308724,2.855391806020067
2006.24718,-0.1410701337792642,1.4598874000000002,1.581571906354515,2.8548052
2006.24992,-0.14052213333333335,1.4681325581395348,1.5815002,2.8545742192691033
2006.25266,-0.14015478405315615,1.47433619205298,1.5813335880398671,2.854081854304636
2006.2554,-0.13910993377483444,1.4817277557755775,1.5810978476821194,2.853402607260726
2006.25814,-0.14350534653465347,1.4880177631578946,1.5808265676567657,2.8527278289473683
2006.26088,-0.14074128289473684,1.4935383606557378,1.580696677631579,2.852292295081967
2006.26362,-0.13846524590163936,1.4941304248366014,1.5806331147540984,2.8522259477124186
2006.26636,-0.13337176470588236,1.490190651465798,1.5804108823529412,2.85181009771987
2006.2691,-0.13401931596091204,1.497759935064935,1.5801738436482085,2.8511897077922077
2006.27184,-0.1316376948051948,1.5032766990291262,1.5799221428571428,2.850533009708738
2006.27458,-0.13075792880258902,1.5099285483870968,1.5798255339805825,2.8502170322580644
2006.27732,-0.1299364516129032,1.5182254340836012,1.5797174838709678,2.849848038585209
2006.28006,-0.13089620578778136,1.519565,1.579441575562701,2.8491820192307693
2006.2828,-0.1337065705128205,1.5216145686900957,1.579287435897436,2.8487241853035146
2006.28554,-0.1339632268370607,1.525211305732484,1.5790385942492013,2.84809076433121
2006.28828,-0.13368738853503184,1.526597619047619,1.5787555732484075,2.8474959682539684
2006.29102,-0.12874444444444444,1.5317691772151898,1.578521873015873,2.846895063291139
2006.29376,-0.12701525316455697,1.53807952681388,1.5793086392405062,2.848080788643533
2006.2965,-0.1251076025236593,1.5484428930817609,1.5790392429022082,2.8474279874213835
2006.29924,-0.1243072641509434,1.555543510971787,1.578865754716981,2.846906175548589
2006.30198,-0.12276369905956112,1.56069946875,1.578650313479624,2.8462951875
2006.30472,-0.12014949999999999,1.56840246105919,1.57839721875,2.845649190031153
2006.30746,-0.11454632398753894,1.5729517391304348,1.5781767912772584,2.8450313975155277
2006.3102,-0.11226773291925467,1.5780948606811147,1.5779771118012422,2.844446346749226
2006.31294,-0.11310851393188855,1.5852847222222222,1.5781959752321981,2.844513611111111
2006.31568,-0.1090321913580247,1.5937172923076923,1.5788217901234567,2.8448966153846156
2006.32116,-0.09923236923076924,1.5919446012269938,1.5786642153846155,2.8444415337423314
2006.3239,-0.09244147239263803,1.5963048012232417,1.5784923006134968,2.843946360856269
2006.32664,-0.09220868501529052,1.591598262195122,1.5792526911314984,2.8455759756097563
2006.32938,-0.08605329268292683,1.5912292705167173,1.5791675304878048,2.8450472644376896
2006.33212,-0.08443106382978724,1.586860272727273,1.5789766869300912,2.8445264545454543
2006.33486,-0.079159,1.585864833836858,1.5787529393939395,2.84391003021148
2006.3376,-0.07633060422960726,1.5803329518072289,1.5785305438066466,2.843311385542169
2006.34034,-0.07246295180722892,1.5790502402402402,1.5782869578313252,2.842678918918919
2006.34308,-0.0724633033033033,1.5779665568862276,1.578071051051051,2.8421201796407187
2006.34582,-0.06904541916167665,1.574166686567164,1.5779050299401196,2.84164376119403
2006.34856,-0.06605188059701493,1.571115357142857,1.5777362686567165,2.8412721428571426
2006.3513,-0.06301458333333335,1.5728148071216617,1.5776427976190477,2.8409396735905044
2006.35404,-0.05893688427299704,1.5726045562130178,1.5774276557863502,2.840332810650888
2006.35678,-0.05818008875739645,1.572070796460177,1.5772248816568046,2.8397433038348083
2006.35952,-0.055121887905604725,1.5681222647058823,1.577041710914454,2.8392351176470587
2006.36226,-0.05060905882352942,1.5642816715542525,1.5769256764705881,2.838880557184751
2006.365,-0.043801055718475077,1.5605656140350876,1.5767700879765394,2.8383869590643274
2006.36774,-0.037644883040935676,1.5608126530612245,1.5765898538011696,2.8378326822157436
2006.37048,-0.03168877551020408,1.5613079941860466,1.5765889504373176,2.8373766860465115
2006.37322,-0.024381569767441866,1.5621944057971016,1.5765046220930232,2.836909797101449
2006.37596,-0.018024869565217393,1.5599887283236995,1.5763737391304347,2.836445606936416
2006.3787,-0.013246271676300578,1.5609799423631123,1.5763121676300578,2.836293659942363
2006.38144,-0.010553775216138329,1.562542787356322,1.5762869164265128,2.836151551724138
2006.38418,-0.006932241379310345,1.563901575931232,1.5761972413793104,2.8358719484240686
2006.38692,-0.006658997134670488,1.5678066285714285,1.5763083381088825,2.835807457142857
2006.38966,-0.0068624857142857145,1.5722504273504274,1.576739742857143,2.836648205128205
2006.3924,-0.006333504273504274,1.5746687215909092,1.5767491168091168,2.8365642045454544
2006.39514,-0.0022089772727272726,1.5748152691218131,1.5768222443181819,2.836533597733711
2006.39788,-0.00146,1.5694861581920905,1.5768984985835695,2.8365339548022597
2006.40062,-0.00024155367231638427,1.5719755492957748,1.5768544632768364,2.836310647887324
2006.40336,-0.002535070422535211,1.576689466292135,1.576817690140845,2.836071095505618
2006.4061,0.00010758426966292135,1.5740237815126052,1.5767390730337079,2.8357979831932774
2006.40884,0.003560896358543417,1.5698643575418993,1.576653893557423,2.835565530726257
2006.41158,0.010563882681564244,1.5726025069637883,1.5765517597765364,2.8353127019498605
2006.41432,0.011050640668523676,1.575819638888889,1.5766101114206128,2.8352904999999997
2006.41706,0.014631055555555555,1.581378808864266,1.57670975,2.8354193628808866
2006.4198,0.0171907756232687,1.5806694475138123,1.5767535180055403,2.8353754696132594
2006.42254,0.022843232044198893,1.5758452892561983,1.576786685082873,2.83546476584022
2006.42528,0.025455426997245175,1.5730171703296705,1.5768403030303029,2.8355236538461535
2006.42802,0.02760461538461538,1.5714536164383561,1.5783439835164834,2.837842904109589
2006.43076,0.03595758904109589,1.5712590163934426,1.5787623287671233,2.8387627322404367
2006.4335,0.04443346994535519,1.5712178201634877,1.5786668852459018,2.838472779291553
2006.43624,0.05269882833787466,1.5704401902173915,1.578599182561308,2.8382266847826085
2006.43898,0.05884777173913043,1.5704903794037939,1.578508097826087,2.8379988075880758
2006.44172,0.06674574525745257,1.5720076216216217,1.5784039837398374,2.837810027027027
2006.44446,0.07538667567567567,1.5711175202156333,1.5783544054054055,2.837567708894879
2006.4472,0.07957315363881401,1.5732615322580645,1.578406010781671,2.8375234139784946
2006.44994,0.08292715053763441,1.5677771849865951,1.5783432795698924,2.8372706434316353
2006.45268,0.08725965147453082,1.564714973262032,1.5787058176943698,2.8375936898395717
2006.45542,0.09032751336898397,1.5620608533333333,1.5789195721925136,2.83770328
2006.45816,0.08954575999999999,1.5614252393617023,1.5793884533333333,2.838677686170213
2006.4609,0.09560819148936169,1.5568252785145889,1.5793602659574468,2.8384741114058354
2006.46364,0.10062700265251989,1.5515377777777777,1.5793719628647214,2.838288068783069
2006.46638,0.10757875661375661,1.5466763588390502,1.579353888888889,2.838090686015831
2006.46912,0.11125817941952505,1.5423402894736842,1.5792865171503956,2.837804210526316
2006.47186,0.1185647894736842,1.5413863254593176,1.5792424736842103,2.8376540944881885
2006.4746,0.12450152230971129,1.5405627748691102,1.5792150393700788,2.8374721465968586
2006.47734,0.13510531413612567,1.5337850652741514,1.579220445026178,2.8372545691906006
2006.48008,0.14149101827676241,1.5320554427083335,1.5792160313315926,2.8370259635416666
2006.48282,0.14842598958333333,1.527009922077922,1.5792408854166666,2.8369036883116885
2006.48556,0.1578488051948052,1.5247364248704665,1.579272103896104,2.836709455958549
2006.4883,0.1640691450777202,1.5214718604651163,1.5792481865284973,2.8364719638242892
2006.49104,0.1699852196382429,1.513538324742268,1.5791889147286822,2.836151443298969
2006.49378,0.18103494845360824,1.5040900771208228,1.5791653350515462,2.8359125964010286
2006.49652,0.19208619537275065,1.4993567179487177,1.5793311825192802,2.836098128205128
2006.49926,0.20138764102564102,1.4943557800511509,1.579291358974359,2.8358725831202047
2006.502,0.21168419437340152,1.4906581887755104,1.5793953708439898,2.8359778571428573
2006.50474,0.21688150510204082,1.4897399999999998,1.5795943877551022,2.836181628498728
2006.50748,0.22686837150127223,1.48789730964467,1.5797193384223918,2.8362460659898474
2006.51022,0.23232152284263957,1.480446,1.5798056345177665,2.836389012658228
2006.51296,0.2420551392405063,1.4708578535353534,1.5799072911392407,2.83648797979798
2006.5157,0.24911252525252525,1.463766146095718,1.5799958333333335,2.8365158690176324
2006.51844,0.2600353400503778,1.459242512562814,1.5801090931989925,2.836551432160804
2006.52118,0.2679301256281407,1.4534255388471178,1.58025,2.836770200501253
2006.52392,0.27585473684210526,1.447559925,1.5804027067669173,2.8368983500000002
2006.52666,0.28299395,1.4402869326683292,1.58057025,2.8370879800498754
2006.5294,0.2891042643391521,1.4320125870646767,1.5806809476309227,2.8372030845771143
2006.53214,0.29403910447761195,1.4284614640198512,1.5808376616915425,2.837336947890819
2006.53488,0.2990280893300248,1.4225588861386138,1.5809378411910668,2.837416188118812
2006.53762,0.3049569554455445,1.4146753580246914,1.5810128217821784,2.837445061728395
2006.54036,0.31575795061728396,1.4089517733990147,1.5815219259259259,2.8382138916256157
2006.89108,0.3232028571428571,1.4085321621621623,1.587758472906404,2.8485268550368548
2006.89382,0.3271256511056511,1.4008962009803922,1.587647493857494,2.848051299019608
2006.89656,0.3256044362745098,1.3931922249388753,1.5875339950980394,2.8476123227383865
2006.8993,0.32793584352078237,1.3856329268292684,1.5873020293398534,2.8469856341463418
2006.90204,0.3289990243902439,1.3805384184914842,1.5870833902439025,2.8463695620437957
2006.90478,0.3315891240875912,1.3748446359223303,1.5869690510948906,2.8459341019417477
2006.90752,0.32766347087378644,1.370509927360775,1.5867189563106796,2.8451803147699755
2006.91026,0.33048489104116224,1.3589374879227054,1.586485181598063,2.8445768357487924
2006.913,0.33606729468599034,1.3592278313253012,1.5863399516908212,2.8441150602409637
2006.91574,0.33926539759036145,1.3545766586538461,1.586177373493976,2.8435806730769233
2006.91848,0.34251468749999997,1.3489955395683455,1.5859855769230768,2.8429704316546762
2006.92122,0.3462512470023981,1.3391944976076555,1.5857617745803356,2.8422849043062204
2006.92396,0.35196200956937795,1.3357908591885441,1.5856166746411484,2.841781002386635
2006.9267,0.35649202863961815,1.3327794047619046,1.5856241766109784,2.841538976190476
2006.92944,0.3623640238095238,1.3310789548693587,1.5854741666666665,2.8410133491686462
2006.93218,0.36568242280285035,1.326229952606635,1.5853219002375296,2.8404274881516587
2006.93492,0.3710436018957346,1.3201034278959811,1.5852856872037915,2.8400321040189125
2006.93766,0.3741895744680851,1.3156706839622643,1.5851375413711584,2.8395027358490563
2006.9404,0.3762515801886792,1.3151832941176471,1.585087216981132,2.839151694117647
2006.94314,0.38563581176470585,1.3030347417840376,1.5910541882352942,2.8465940610328637
2006.95136,0.3888954225352113,1.2943910304449648,1.5909228403755868,2.845991053864169
2006.9541,0.39901997658079624,1.2837581775700935,1.5948869789227167,2.851243761682243
2006.9952,0.4043149065420561,1.2857208391608392,1.594913504672897,2.850864988344988
2006.99794,0.407740606060606,1.2888276511627905,1.5948380652680652,2.8503902325581394
2007.00342,0.41055355813953487,1.2950611600928075,1.5948790930232557,2.849975475638051
2007.00616,0.41363580046403714,1.2956475462962962,1.594812784222738,2.849483333333333
2007.0089,0.4171150925925926,1.2945381755196306,1.594778564814815,2.848971893764434
2007.01164,0.4211642032332564,1.288221728110599,1.5946724480369514,2.8483552073732716
2007.01438,0.4259865668202765,1.2887617011494255,1.5945639400921658,2.847805770114942
2007.01712,0.430048091954023,1.2895604587155964,1.5944731494252873,2.847415963302752
2007.01986,0.434516880733945,1.2925979176201372,1.5943369724770642,2.8469246224256293
2007.0226,0.4409667963386728,1.2938199315068493,1.59417,2.8464355251141553
2007.02534,0.445258698630137,1.2893641913439635,1.5940322831050229,2.845966400911162
2007.02808,0.4516123462414579,1.2834103181818184,1.5939293166287016,2.8456267954545456
2007.03082,0.4559068636363636,1.2769526303854877,1.5937303636363636,2.8450698412698414
2007.03356,0.4698455782312925,1.2779538235294117,1.601801700680272,2.8602181674208143
2007.0363,0.47435400452488685,1.276293408577878,1.6015096153846153,2.859486704288939
2007.03904,0.47753663656884876,1.2731672972972974,1.6012385553047404,2.8587795720720717
2007.04178,0.48041594594594594,1.2733831235955055,1.6010558558558559,2.8583345168539327
2007.04452,0.483699595505618,1.2714968834080718,1.600775820224719,2.85768899103139
2007.04726,0.48509114349775784,1.2687598210290827,1.6005921748878924,2.857102080536913
2007.05,0.4844265324384787,1.2707245089285715,1.6004428635346757,2.8566567857142857
2007.05274,0.4815119642857143,1.268078908685969,1.6002802901785713,2.856293229398664
2007.05548,0.47979008908685966,1.2634559777777778,1.6000406013363029,2.8556614444444444
2007.05822,0.4799751777777778,1.2626072283813747,1.5998657777777778,2.8550842350332597
2007.06096,0.4791787139689579,1.2622465486725662,1.5996917294900221,2.8545199115044246
2007.0637,0.4766306637168142,1.2609203752759381,1.599471504424779,2.853961523178808
2007.06644,0.47183708609271524,1.2572253964757711,1.5993679690949227,2.853481035242291
2007.06918,0.4671410352422908,1.2539992087912089,1.5991081938325993,2.8528212967032966
2007.07192,0.46137483516483513,1.25146899122807,1.5988824835164834,2.8522225
2007.07466,0.4542670175438596,1.2475995404814004,1.5986495394736842,2.8516671991247264
2007.0774,0.44772135667396057,1.2422926419213973,1.5983903063457332,2.851008951965065
2007.08014,0.44176473799126637,1.2393550762527232,1.5981567467248907,2.850380697167756
2007.08288,0.4319030936819172,1.233399652173913,1.5979269063180828,2.849765326086956
2007.08562,0.42508365217391303,1.2279102169197396,1.5977225000000002,2.849162776572668
2007.08836,0.4166141648590022,1.218712748917749,1.597537917570499,2.8486538095238094
2007.0911,0.4092542640692641,1.216757840172786,1.5973595454545453,2.84818403887689
2007.09384,0.40392116630669544,1.216024525862069,1.5971630669546435,2.847625689655173
2007.09658,0.39864918103448277,1.2136769677419355,1.5970051077586207,2.847119956989247
2007.09932,0.39533251612903225,1.2139937982832616,1.5968263440860215,2.8465362231759657
2007.10206,0.39191997854077254,1.2142191434689509,1.5966135407725324,2.8459183083511777
2007.1048,0.383859721627409,1.2181121367521366,1.5965192291220556,2.8454660470085473
2007.10754,0.3793247008547008,1.219593880597015,1.596414658119658,2.844922771855011
2007.11028,0.3751772281449894,1.222122319148936,1.5962599786780385,2.8443818085106383
2007.11302,0.36742972340425534,1.2234508704883227,1.5960873617021276,2.8437472823779193
2007.11576,0.3632027813163482,1.2226867372881356,1.5958757324840764,2.8430824576271183
2007.1185,0.36044434322033897,1.2208093657505286,1.595696716101695,2.8425191966173364
2007.12124,0.3571218604651163,1.2173194936708862,1.595502642706131,2.8419221729957806
2007.12398,0.35000472573839664,1.2170336,1.5953304430379747,2.841366989473684
2007.12672,0.3439463789473684,1.2169588025210083,1.5951773684210526,2.840794516806723
2007.12946,0.3392594747899159,1.213517253668763,1.5950668907563026,2.8403680503144653
2007.1322,0.33422888888888885,1.2074330125523012,1.5948888469601676,2.839774016736402
2007.13494,0.3258525732217573,1.2028875574112734,1.5946671548117155,2.839182463465553
2007.13768,0.31899701461377866,1.2037566875,1.594482860125261,2.8386031041666664
2007.14042,0.311738125,1.2006552806652806,1.5942941458333335,2.8380455717255715
2007.14316,0.308105446985447,1.2013030705394192,1.5941036174636174,2.837480663900415
2007.1459,0.30093740663900415,1.1962854658385094,1.5938983402489626,2.836995445134576
2007.14864,0.2948211801242236,1.1943937809917355,1.5936706625258799,2.836409297520661
2007.15138,0.28699816115702476,1.1930354845360824,1.5934671280991737,2.835886556701031
2007.15412,0.2787985154639175,1.1919418518518519,1.5932927422680412,2.8353147119341564
2007.15686,0.2728459670781893,1.1916020123203286,1.5930959670781892,2.8347708008213552
2007.1596,0.2668966940451745,1.1877879713114754,1.5929230595482546,2.8342099795081968
2007.16234,0.2588523155737705,1.1813656237218813,1.592827581967213,2.8338584049079754
2007.16508,0.25362139059304706,1.1791754285714287,1.5927044171779141,2.8334034081632655
2007.16782,0.24714177551020408,1.180879918533605,1.5925970408163266,2.832972464358452
2007.17056,0.24140279022403258,1.1792358333333333,1.5924773930753564,2.8325052845528456
2007.1733,0.23531861788617886,1.1805272413793102,1.5923734552845528,2.832096855983773
2007.17604,0.2272726977687627,1.1808213360323887,1.5922294320486816,2.831639655870445
2007.17878,0.22033767206477733,1.1793908282828283,1.5921870445344128,2.8313038181818184
2007.18152,0.2122179191919192,1.1739316330645162,1.5921019595959596,2.830890866935484
2007.18426,0.205394375,1.171184366197183,1.5919870362903226,2.8304357142857146
2007.18974,0.20598599597585512,1.1650896987951807,1.595415814889336,2.835350220883534
2007.19248,0.199825,1.1696551903807617,1.5953573493975906,2.835015871743487
2007.19522,0.19425120240480961,1.16693024,1.5951565531062124,2.83449292
2007.19796,0.18858308,1.1638646906187626,1.5949915000000001,2.834046646706587
2007.2007,0.18372936127744513,1.156777310756972,1.594824610778443,2.833599043824701
2007.20344,0.18157364541832668,1.1544733996023857,1.5947056374501993,2.8332213121272365
2007.20618,0.17661475149105368,1.1504244841269842,1.5945226242544732,2.8326968055555555
2007.20892,0.17121261904761906,1.147343900990099,1.5943328968253967,2.8322329504950496
2007.21166,0.16989859405940594,1.145427490118577,1.5941834653465345,2.8317924703557313
2007.2144,0.16679666007905136,1.1397354240631163,1.5940765612648222,2.831516489151874
2007.21714,0.1618739842209073,1.1341620472440945,1.594041459566075,2.8313335236220474
2007.21988,0.15469029527559053,1.1259420039292731,1.5939082283464567,2.8309218860510805
2007.22262,0.1482279960707269,1.120256392156863,1.593741198428291,2.8304355294117647
2007.22536,0.1421492549019608,1.1182680039138941,1.593582156862745,2.830033346379648
2007.2281,0.13796062622309196,1.11561337890625,1.5934115264187867,2.8296114453125
2007.23084,0.13058658203125,1.1079221442495126,1.59323912109375,2.829121384015594
2007.23358,0.12481376218323587,1.1033540466926068,1.5931184795321638,2.828790739299611
2007.23632,0.12240132295719844,1.0961433203883495,1.5929813229571985,2.828458349514563
2007.23906,0.1196112427184466,1.0905204457364341,1.592801067961165,2.8280186434108527
2007.2418,0.11881781007751938,1.084354352030948,1.5926553875968992,2.8275776208897483
2007.24454,0.1149262669245648,1.0773914285714286,1.5924909477756286,2.827126274131274
2007.24728,0.11222096525096525,1.068227803468208,1.5923078764478764,2.8266466666666665
2007.25002,0.10640793834296723,1.0601761923076922,1.5921182851637765,2.8262018461538463
2007.25276,0.10428013461538461,1.053685067178503,1.5919390192307694,2.8258035508637236
2007.2555,0.10098291746641075,1.0473616475095786,1.5918035700575817,2.82549030651341
2007.25824,0.10031308429118774,1.040055258126195,1.5916710344827585,2.8251484894837477
2007.26098,0.09709072657743786,1.0324597900763357,1.5915652581261952,2.824855515267176
2007.26372,0.09429610687022902,1.028096895238095,1.591397958015267,2.8244302095238094
2007.26646,0.09117249523809524,1.016826463878327,1.591285961904762,2.824104182509506
2007.2692,0.08846699619771863,1.0062551802656545,1.59114355513308,2.823785313092979
2007.27194,0.08521899430740038,0.9992161931818181,1.591051423149905,2.823505984848485
2007.27468,0.07925354166666666,0.9903132892249527,1.5908863636363637,2.82309820415879
2007.27742,0.07731194706994328,0.9830702264150945,1.5907337240075614,2.822756603773585
2007.28016,0.07258464150943396,0.9749729190207156,1.5906734905660378,2.822460263653484
2007.2829,0.06910410546139359,0.966454417293233,1.5937958945386064,2.827965338345865
2007.28564,0.06653851503759398,0.9568629831144465,1.5936550563909775,2.8277713320825515
2007.28838,0.06407577861163226,0.9467679775280898,1.5934913320825514,2.8273710486891384
2007.29112,0.05997749063670412,0.9372582056074766,1.5933539325842696,2.827039196261682
2007.29386,0.056529457943925235,0.9293658395522387,1.5931843925233644,2.8266679104477612
2007.2966,0.052224216417910446,0.9211089757914339,1.5932087499999998,2.826561843575419
2007.29934,0.04838875232774674,0.9162154089219331,1.6079190502793297,2.8394408736059478
2007.30208,0.044461152416356876,0.9073238775510204,1.6077094609665428,2.8390226530612246
2007.30482,0.040376864564007416,0.8962002962962964,1.6075029684601114,2.838626166666667
2007.30756,0.03654231481481481,0.8874171164510167,1.6073457777777778,2.8383030868761554
2007.3103,0.036368317929759704,0.8774466236162362,1.6072514417744916,2.838035774907749
2007.31304,0.03520915129151291,0.8684961141804788,1.6071183210332103,2.83774364640884
2007.31578,0.03309419889502762,0.8629037132352941,1.6069466114180477,2.8374211213235294
2007.31852,0.02959305147058823,0.857179376146789,1.6067709375,2.8370883486238534
2007.32126,0.030882165137614673,0.8477560622710624,1.6066142385321103,2.8368024175824176
2007.324,0.027708113553113548,0.8380361425959781,1.6064352564102564,2.8364577513711153
2007.34044,0.03484215722120658,0.8270059854014599,1.6063344972577698,2.8362933394160583
2007.34318,0.03302076642335766,0.8200067395264117,1.6061726277372261,2.8359905646630237
2007.34592,0.032883041894353364,0.814543690909091,1.605993151183971,2.835669072727273
2007.34866,0.03163798181818181,0.8053035753176043,1.6058075272727272,2.835396787658802
2007.3514,0.02967637023593466,0.7960732246376812,1.605624827586207,2.835153695652174
2007.35414,0.028083623188405793,0.7873571066907775,1.6056010688405797,2.835063508137432
2007.35688,0.026770922242314647,0.7786722924187726,1.6055751356238699,2.834939927797834
2007.35962,0.027104999999999997,0.7688312252252252,1.6054366606498196,2.8346652972972977
2007.36236,0.024406684684684682,0.7641530935251799,1.6052964324324324,2.8344224640287767
2007.3651,0.024159964028776976,0.7530337881508079,1.6051589568345324,2.834214039497307
2007.36784,0.024805852782764808,0.7439237096774193,1.60502644524237,2.8339617204301075
2007.37058,0.027563566308243727,0.7365097495527728,1.6048832258064516,2.833699177101968
2007.37332,0.02657023255813953,0.7239417499999999,1.604807495527728,2.8335014999999997
2007.37606,0.02607453571428571,0.7139281996434937,1.6047454107142858,2.8333322816399287
2007.3788,0.025148680926916217,0.7102294839857651,1.604639055258467,2.833144270462633
2007.38154,0.023028060498220638,0.7019362877442273,1.604484234875445,2.8328712078152756
2007.38428,0.022269662522202482,0.6898904255319149,1.60429891651865,2.832610159574468
2007.38702,0.021586099290780137,0.6829560707964601,1.6041607269503546,2.8323886017699116
2007.38976,0.020435362831858404,0.6731131978798587,1.6039987256637167,2.8321265724381623
2007.3925,0.01868567137809187,0.6647898941798942,1.603934328621908,2.831986278659612
2007.39524,0.021826772486772485,0.6551790140845071,1.604222328042328,2.832309718309859
2007.40072,0.021996408450704222,0.6454098594024604,1.6040325176056338,2.8320519507908615
2007.40346,0.021530456942003513,0.6315432456140351,1.6038784710017575,2.8318251228070177
2007.4062,0.021183122807017542,0.6170192644483362,1.6037118245614035,2.831560928196147
2007.40894,0.021904763572679505,0.6066752797202797,1.6035435726795095,2.8313956468531467
2007.41168,0.024418793706293702,0.5966307678883072,1.6033606293706295,2.8311059511343806
2007.41442,0.02635282722513089,0.5850026480836237,1.6032001047120419,2.8308335365853656
2007.41716,0.026884111498257833,0.5757974260869566,1.6030249303135888,2.830627060869565
2007.4199,0.027468660869565214,0.567627482638889,1.6028764173913044,2.830394270833333
2007.42264,0.029144374999999993,0.5628132582322357,1.60282375,2.830305285961872
2007.42538,0.026167296360485266,0.5531591349480969,1.6027366551126516,2.8302489273356404
2007.42812,0.026506211072664355,0.5419026252158895,1.6025656574394465,2.829969585492228
2007.43086,0.024114576856649392,0.5325175344827586,1.6023973920552677,2.8296831551724138
2007.4336,0.02241168965517241,0.5216448020654044,1.6021995862068965,2.8294539931153184
2007.43908,0.019625817555938035,0.5168366151202749,1.6021098623063683,2.8293085395189004
2007.44182,0.020903951890034363,0.5090259005145799,1.6020268900343642,2.8290968267581476
2007.44456,0.02103480274442538,0.498341095890411,1.6019570497427102,2.828856506849315
2007.4473,0.02024686643835616,0.4944396752136752,1.6018853082191782,2.8287341196581197
2007.45004,0.020791008547008542,0.48729885665529016,1.6017796752136753,2.8286041638225257
2007.45278,0.018941979522184297,0.48124354344122655,1.601646723549488,2.828424258943782
2007.45552,0.018662606473594547,0.47413554421768705,1.6014887052810904,2.8281628911564622
2007.45826,0.01720336734693877,0.467954753820034,1.6013524489795918,2.827915619694397
2007.461,0.016196774193548383,0.4588117118644068,1.6011996943972835,2.8276243389830507
2007.46922,0.02056059322033898,0.4579890355329949,1.6025070508474575,2.830107986463621
2007.47196,0.020307664974619288,0.4510772297297297,1.6023676480541456,2.829856064189189
2007.4747,0.022364172297297293,0.4399238279932546,1.6022160641891892,2.8295446037099494
2007.47744,0.02216870151770657,0.428514898989899,1.6020797301854974,2.8292656397306395
2007.48018,0.023020505050505048,0.41618786554621845,1.6019207407407408,2.8290294789915964
2007.48292,0.025166403361344535,0.4058030536912752,1.601756,2.8287888926174496
2007.48566,0.030068003355704698,0.39225355108877724,1.602010620805369,2.829031557788945
2007.93502,0.07665425460636516,1.693673628762542,1.6019947068676716,2.828932357859532
2007.93776,0.12144371237458194,2.987202337228715,1.6019517056856187,2.8288438898163606
2007.9405,0.16513485809682804,4.2822591333333335,1.601898430717863,2.8287012166666665
2007.94324,0.21021651666666666,5.569997787021631,1.6018245333333334,2.8285460732113146
2007.94598,0.25456599001663893,6.8548176079734215,1.6021329783693845,2.8292035049833886
2007.94872,0.30030732558139533,8.134833797678276,1.6020153986710963,2.8289783250414593
2007.95146,0.3435896351575456,9.411096473509934,1.6018982089552238,2.8287410099337746
2007.9542,0.38893837748344373,10.682892016528925,1.60179380794702,2.8285276363636362
2007.95694,0.4322860495867768,11.948417376237623,1.6017640165289255,2.828494801980198
2007.95968,0.4770373927392739,13.210362685337728,1.601678712871287,2.828267149917628
2007.96242,0.5204941515650742,14.470125460526315,1.6015895881383855,2.8280607236842106
2007.96516,0.5617350822368421,15.725296091954025,1.6015623355263158,2.827926568144499
2007.9679,0.6042817733990148,16.97699060655738,1.6014695894909687,2.8277213770491803
2007.97064,0.6449327213114754,18.22214914893617,1.6013505573770492,2.827504124386252
2007.97338,0.68911294599018,19.470068464052286,1.6013319967266777,2.827384248366013
2007.97612,0.7316613398692811,20.709619216965745,1.6012360130718954,2.8271530179445348
2007.97886,0.7755630668841762,21.944904185667752,1.6011240456769984,2.826902247557003
2007.9816,0.8177398534201954,23.1710417398374,1.6009941530944625,2.826667479674797
2007.98434,0.8600944227642277,24.40015922077922,1.6008240975609755,2.8264360064935063
2007.98708,0.9037151948051949,25.6224074554295,1.6007032142857143,2.8263087358184764
2007.98982,0.9441085413290112,26.83985322006472,1.6013716045380875,2.827842071197411
2008.01174,0.9776321197411003,28.0624746365105,1.6012441747572814,2.827599757673667
2008.01448,1.0123376736672052,29.279368096774196,1.601058675282714,2.827323080645161
2008.01722,1.0465033548387097,30.491045974235103,1.6008697580645161,2.8270748631239937
2008.01996,1.0816519001610305,31.701060755627008,1.600731690821256,2.8269500964630225
2008.0227,1.115108151125402,32.90657454253611,1.6005820257234726,2.8267807544141252
2008.02544,1.1481306420545747,34.11134134615384,1.6004108025682182,2.8265021634615386
2008.02818,1.1819346153846153,35.308884752000004,1.6002641346153847,2.826276784
2008.03092,1.2148779200000002,36.50206685303514,1.600223776,2.8262361661341853
2008.03366,1.2492458306709264,37.69451457735247,1.6000559424920129,2.826016889952153
2008.0364,1.2830698086124401,38.88151487261146,1.5999344338118022,2.825828057324841
2008.03914,1.3160387579617834,40.06247686804451,1.599773550955414,2.825590333863275
2008.04188,1.3517354372019077,41.24532773015873,1.5996250874403815,2.82544726984127
2008.04462,1.3851056031746032,42.420115530903324,1.5994850158730158,2.8253046592709983
2008.04736,1.4198037400950871,43.59448772151899,1.599394849445325,2.8251083069620253
2008.0501,1.4544485443037976,44.76315717219589,1.5992654746835442,2.824905197472354
2008.05284,1.4897243127962085,45.929441104100945,1.5991187519747234,2.82467570977918
2008.05558,1.524080741324921,47.089777543307086,1.5989744637223975,2.824449401574803
2008.05832,1.5586292598425195,48.24429517295597,1.5988188346456693,2.824216462264151
2008.06106,1.595645676100629,49.395842433281004,1.5986676257861636,2.8239671428571427
2008.0638,1.629815400313972,50.544367460815046,1.5985012087912087,2.8237137304075235
2008.06928,1.6619771786833855,51.687623943661976,1.6000528526645768,2.825763552425665
2008.08298,1.6956145539906102,52.831120859375005,1.599998075117371,2.8256930000000002
2008.08572,1.730771828125,53.96904904836193,1.59986546875,2.8254550702028083
2008.08846,1.7646457566302653,55.10359881619937,1.5997118564742587,2.825181510903427
2008.0912,1.7976628971962618,56.235823250388805,1.5995703894080997,2.8248894245723175
2008.09394,1.8324633125972005,57.363653990683225,1.5994526594090201,2.824673198757764
2008.09668,1.8705790838509315,58.48932697674418,1.5993914906832298,2.8245131627906974
2008.09942,1.9046971162790698,59.60966801857585,1.5993072868217055,2.824293359133127
2008.10216,1.9388081114551083,60.72647309119011,1.599207894736842,2.8241175579598146
2008.1049,1.9726508964451313,61.838986959876536,1.59903743431221,2.8238053549382713
2008.10764,2.009043070987654,62.952079999999995,1.5988771296296298,2.8235300924499227
2008.11038,2.0469666718027733,64.05885107692308,1.5987653929121723,2.8233275384615384
2008.11312,2.081948492307692,65.16149675883257,1.5986194461538463,2.8230347158218123
2008.11586,2.1184260522273424,66.26209277607362,1.5985065284178188,2.8228192024539878
2008.1186,2.160976242331288,67.35696332312403,1.6023199539877302,2.828283552833078
2008.12134,2.1937070903522207,68.44894337920489,1.602144379785605,2.8279487920489297
2008.12408,2.225291498470948,69.53874320610687,1.602093379204893,2.827783816793893
2008.12682,2.2574939083969467,70.62430278963414,1.6023740916030533,2.828561554878049
2008.12956,2.2940250152439026,71.70578512937595,1.6062477896341465,2.834047884322679
2008.1323,2.3266246270928463,72.78178934650457,1.606065403348554,2.833758449848024
2008.13504,2.3584666261398177,73.85583286798179,1.6059025379939211,2.833479347496206
2008.13778,2.3912039301972685,74.92861703030303,1.605730698027314,2.833201090909091
2008.14052,2.42388853030303,75.99704316187595,1.6055442575757577,2.832923676248109
2008.14326,2.455898865355522,77.06430321752266,1.6053791527987897,2.8326517975830816
2008.146,2.4874328700906343,78.12783233785822,1.6051994561933534,2.832371357466063
2008.14874,2.5177219607843138,79.18698171686746,1.6050221870286576,2.8320917620481927
2008.15148,2.5485729668674697,80.2427275037594,1.6048548493975905,2.8317825714285716
2008.15422,2.579602902255639,81.29636731231231,1.6046692481203007,2.831514039039039
2008.15696,2.619065165165165,82.349194017991,1.609047267267267,2.8385989505247373
2008.1597,2.650676536731634,83.39848962574851,1.6088540629685157,2.838307035928144
2008.16244,2.6810730389221558,84.44283055306428,1.6086614371257484,2.8380532286995517
2008.16518,2.712242182361734,85.48422107462686,1.6084880418535128,2.8377862388059705
2008.16792,2.743499910447761,86.52151044709389,1.6082984029850744,2.837503800298063
2008.17066,2.77306043219076,87.55388959821428,1.6081018926974666,2.8372731696428573
2008.1734,2.804606919642857,88.58712632986627,1.6079059672619047,2.836953016344725
2008.17614,2.8357961812778605,89.61332068249258,1.6077773848439822,2.8366661424332347
2008.17888,2.868301928783383,90.63573063703703,1.6075566023738872,2.83632477037037
2008.18162,2.9021479407407407,91.65750315088758,1.6073716000000002,2.8360650147928994
2008.18436,2.935340103550296,92.67740471196454,1.6071723816568046,2.83579682422452
2008.1871,2.961852245199409,93.69115233038349,1.607023515509601,2.8356189823008853
2008.18984,2.98932802359882,94.70724441826215,1.6068438053097345,2.8353201325478645
2008.19258,3.0189565095729014,95.71503692647059,1.6068061561119291,2.835328970588235
2008.19532,3.0490175294117647,96.72114152716594,1.6068420294117647,2.8353652129221736
2008.19806,3.076266387665198,97.72271816715543,1.6071820117474305,2.8361432697947215
2008.2008,3.1050536510263926,98.72465462664715,1.6070177565982406,2.835918345534407
2008.20354,3.1333418155197656,99.72241277777778,1.60681196193265,2.8356326315789473
2008.20628,3.161874298245614,100.71811748905111,1.6066177046783625,2.8353250218978103
2008.20902,3.1921390656934308,101.70633750728862,1.6065041897810217,2.835172638483965
2008.21176,3.22031806122449,102.69334423580786,1.6063837317784255,2.8350388209606985
2008.2145,3.248127816593887,103.67761534883721,1.6063544541484716,2.8352584156976746
2008.21724,3.277120813953488,104.65700891146588,1.606187398255814,2.8350954862119013
2008.21998,3.3057577939042093,105.63945627536233,1.606017198838897,2.834903695652174
2008.22272,3.3352461014492754,106.61369816208394,1.6058312173913043,2.834676410998553
2008.22546,3.391118309248555,108.55403936507936,1.6063806647398846,2.8362547474747473
2008.23094,3.4202787445887446,109.51860067723342,1.6063264213564212,2.836226167146974
2008.23368,3.4458611095100866,110.4836361294964,1.606180619596542,2.8360587769784176
2008.23642,3.474477438848921,111.44723906609197,1.6068666762589927,2.8370640086206897
2008.23916,3.502496609195402,112.40737941176471,1.6067294827586205,2.8368579196556674
2008.2419,3.5311852941176474,113.3658000286533,1.6065139024390245,2.8366658022922637
2008.24738,3.5614742550143266,115.28749298571428,1.6063132521489973,2.836516757142857
2008.25012,3.591803433476395,116.24225932952923,1.606122103004292,2.836303751783167
2008.25286,3.6222012285714285,117.18821994301993,1.6059350571428572,2.836224415954416
2008.2556,3.6507843223965764,118.13419049786629,1.6057147218259629,2.836014637268848
2008.25834,3.680717165242165,119.07990532670455,1.6055216809116808,2.8358231534090907
2008.26108,3.7091120483641538,120.0235825390071,1.605329189189189,2.8356145390070924
2008.26382,3.7376928693181815,120.96457215297451,1.6051212926136365,2.8354087252124645
2008.26656,3.7668276312056737,121.9015234794908,1.6049015886524822,2.835168260254597
2008.2693,3.794805764872521,122.83464995762712,1.604682507082153,2.8349372740112995
2008.27204,3.822446888260255,123.7647703102962,1.6045170014144272,2.8347662200282087
2008.27478,3.8502284180790958,124.69518315492958,1.6043202401129943,2.834569338028169
2008.27752,3.8774840197461216,125.62056517580872,1.6041522002820876,2.834403670886076
2008.28026,3.9072933943661967,126.54371566011235,1.6040004507042254,2.8341991011235956
2008.283,3.9360297327707454,127.4630296914446,1.6038157805907174,2.834064978962132
2008.28574,3.962729859550562,128.38011302521008,1.6036316292134833,2.833881078431373
2008.28848,3.9898371248246844,129.2945008951049,1.603467237026648,2.833715118881119
2008.29122,4.018247577030812,130.20725068435755,1.603359243697479,2.8335757122905028
2008.29396,4.046720769230769,131.11678347280335,1.6032131468531468,2.833454072524407
2008.2967,4.0753472346368715,132.02441771587743,1.6030256284916202,2.8332720473537605
2008.29944,4.1033048535564856,132.9296397774687,1.6028194839609482,2.8330515577190543
2008.30218,4.130790013927577,133.83347359722222,1.602619136490251,2.832836
2008.30492,4.15803695410292,134.7347543550624,1.6024176077885952,2.83264479889043
2008.30766,4.186734166666667,135.63257023545708,1.6022998472222223,2.8325921329639887
2008.3104,4.215501123439667,136.52974058091286,1.602185866851595,2.8325180774550485
2008.31314,4.24286524930748,137.423443480663,1.6021430747922438,2.832528093922652
2008.31588,4.2707521438450895,138.31417742068965,1.6019588520055323,2.832336220689655
2008.31862,4.297777044198895,139.20289268595042,1.6018544337016576,2.832374338842975
2008.32136,4.3260552413793105,140.0897310316369,1.6017313655172414,2.8324037826685005
2008.3241,4.351884586776859,140.9735903021978,1.6016499035812672,2.832522967032967
2008.32684,4.37861492434663,141.85526465020575,1.601577248968363,2.8326674485596706
2008.32958,4.40670684065934,142.7335014109589,1.6014002197802197,2.832472438356164
2008.33232,4.433072427983539,143.61185367989057,1.6012510562414266,2.8323248153214773
2008.33506,4.459495493150684,144.48559967213114,1.6010493013698632,2.8321690846994536
2008.3378,4.486815745554035,145.35838579809004,1.6008924897400822,2.8320052933151434
2008.34054,4.514783606557377,146.22966284741145,1.6007855601092897,2.831952234332425
2008.34328,4.5413691268758525,147.09589820408164,1.6006125102319237,2.8317955374149664
2008.34602,4.567159713896458,147.9644317119565,1.6004807493188011,2.8316731114130436
2008.34876,4.5914647346938775,148.82983746268656,1.6002865170068026,2.8314834192673
2008.3515,4.61526714673913,149.69135310298103,1.600109769021739,2.8313174390243905
2008.35424,4.63893263229308,150.5509551826793,1.599921641791045,2.8311350608930987
2008.35698,4.6631622899729,151.40798794594596,1.5997526287262873,2.830959486486486
2008.35972,4.686553274695535,152.26267097165993,1.599563802435724,2.8307780836707153
2008.36246,4.70933872972973,153.1125204986523,1.5995188513513512,2.8308825202156336
2008.3652,4.73381665317139,153.9627996500673,1.5993156950067478,2.830718465679677
2008.36794,4.759139231805929,154.81178088709677,1.5991349595687332,2.8305402016129033
2008.37068,4.784720282637954,155.65863587919463,1.5989429475100942,2.8303958523489934
2008.37342,4.809363870967742,156.50041473190348,1.5987179032258065,2.8301725871313677
2008.37616,4.830528805369127,157.33831186077643,1.5993093020134228,2.832067456492637
2008.3789,4.8550749061662195,158.17465967914438,1.5991010991957104,2.831882098930481
2008.38164,4.878064912985274,159.00909189586113,1.5989051539491297,2.831726341789052
2008.38438,4.902253729946524,159.84368950666666,1.5987380882352942,2.8315377866666664
2008.38712,4.924015727636849,160.67601376830893,1.5985464753004006,2.8313497336884152
2008.38986,4.9472752799999995,161.50374795212764,1.59836536,2.8311145611702124
2008.3926,4.968702836218375,162.33086120849933,1.598184727030626,2.830884143426295
2008.39534,4.990974574468085,163.1536623740053,1.5979780186170214,2.830687374005305
2008.39808,5.0151986985391765,163.97454209271524,1.5977950597609563,2.830507629139073
2008.40082,5.038749403183024,164.7964273015873,1.597615901856764,2.830293346560847
2008.40356,5.063356516556292,165.6156984280053,1.5976438543046356,2.8304292602377807
2008.4063,5.086339920634921,166.43129325857518,1.5974785846560846,2.830227968337731
2008.40904,5.10707857331572,167.2447243478261,1.5973236327608984,2.83004977602108
2008.41178,5.13011036939314,168.05731339473684,1.5971476912928761,2.8298536184210525
2008.41452,5.152439433465085,168.86563927726675,1.5970133201581027,2.829721392904074
2008.41726,5.175354065789473,169.6732017191601,1.596836605263158,2.8294996194225717
2008.42,5.196619369250985,170.47806401048493,1.5966423127463862,2.829249855832241
2008.42274,5.219963622047244,171.27958492146598,1.5965255118110235,2.8291698821989533
2008.42548,5.239848204456094,172.08100905882353,1.59657749672346,2.829332300653595
2008.42822,5.25892472513089,172.88047100522192,1.596474162303665,2.8292300783289814
2008.43096,5.279318287581699,173.67663436766622,1.5963498823529412,2.8290794002607558
2008.4337,5.298803107049608,174.47285708333334,1.5962552610966059,2.828927096354167
2008.43644,5.320170221642764,175.26576182054615,1.5961250847457626,2.8287650585175554
2008.43918,5.3417065494791665,176.05721344155842,1.5960277473958333,2.8286438831168828
2008.44192,5.360434837451235,176.8470308300908,1.595881976592978,2.828512918287938
2008.44466,5.380737441558442,177.6344353626943,1.5957333376623377,2.8283722150259067
2008.4474,5.403535616083009,178.41999009055627,1.595601271076524,2.828211733505821
2008.45014,5.4259051554404145,179.2015445607235,1.5954291321243523,2.828015465116279
2008.45288,5.446780452781371,179.9828084516129,1.595333324708926,2.8279402322580642
2008.45562,5.4693972739018095,180.76090273195877,1.5952232558139534,2.8278351030927835
2008.45836,5.491845651612903,181.53628365508365,1.5950683741935483,2.8276160231660232
2008.4611,5.513729317010309,182.3111339203085,1.5949171134020619,2.8274535475578406
2008.46384,5.536032445302446,183.08150820282412,1.5947790862290863,2.8272874839537865
2008.46658,5.558018200514139,183.84955064102564,1.5946333933161956,2.827087923076923
2008.46932,5.580798202824133,184.61616391805376,1.5944832734274712,2.826898834827144
2008.47206,5.603175807692308,185.38320006393863,1.5943447307692307,2.82679584398977
2008.4748,5.624395838668374,186.1472666538953,1.5941889756722152,2.8266195402298853
2008.47754,5.645558606138107,186.9072831505102,1.5940527621483376,2.8264635459183673
2008.48028,5.666075632183908,187.66416579617834,1.5938913920817368,2.826264318471338
2008.48302,5.688311607142857,188.4200409923664,1.5937208801020406,2.8260477735368954
2008.48576,5.708304547770701,189.1757715374841,1.593644611464968,2.825904968233799
2008.4885,5.729237315521628,189.9279506218274,1.5935097837150125,2.8257407994923858
2008.49124,5.749842033036849,190.6800606970849,1.5933467598475222,2.825539556400507
2008.49398,5.773150393401015,191.42964506329113,1.5932063197969544,2.825348670886076
2008.49672,5.795313092522179,192.17888270543617,1.593112103929024,2.8252842351453853
2008.49946,5.817480050632911,192.92406407828284,1.5930291898734177,2.8251924368686865
2008.5022,5.8378598482933,193.66673290037832,1.5929149304677621,2.825144073139975
2008.50494,5.857428952020203,194.40999816120907,1.5928371969696968,2.8250938664987406
2008.50768,5.877614136191677,195.1489833962264,1.5927061538461538,2.824934113207547
2008.51042,5.897812304785894,195.88640071608037,1.5925801511335014,2.8248217085427134
2008.51316,5.920903924528302,196.62099755332497,1.5924434842767294,2.8246158218318693
2008.5159,5.940527587939698,197.35617298245614,1.592293052763819,2.8244163032581455
2008.51864,5.961642396486826,198.08735161451816,1.5921508281053953,2.8242309261576968
2008.52138,5.980721441102757,198.81721218750002,1.5920355388471177,2.8240693625
2008.52412,5.99821041301627,199.54643004993758,1.5919627158948686,2.8240092759051185
2008.52686,6.0167727625,200.2717133416459,1.5918698,2.823908566084788
2008.5296,6.036604232209738,200.9953694146949,1.5917054307116105,2.823697596513076
2008.53234,6.051835985037407,201.71851503731344,1.591558591022444,2.823533631840796
2008.53508,6.070304632627647,202.43944776397515,1.591402801992528,2.8233565341614906
2008.53782,6.089399838308458,203.15747980148882,1.5912396268656714,2.8231605583126553
2008.54056,6.10783852173913,203.87309157372985,1.5911171677018634,2.8230557372986373
2008.5433,6.126343970223325,204.59112375,1.5909532133995037,2.822858688118812
2008.54604,6.146472304832714,205.3064078986403,1.5908515241635688,2.8228218541409147
2008.54878,6.165717512376237,206.01669493827163,1.5907485396039605,2.8227466790123454
2008.55152,6.184553819530285,206.7252709247842,1.5906272929542644,2.8225795437731196
2008.55426,6.204366691358024,207.43285892857142,1.590534086419753,2.822456908866995
2008.557,6.22312045622688,208.14130392373923,1.5903887916152897,2.8222867035670354
2008.55974,6.242256219211823,208.84568014742013,1.590243854679803,2.8221570884520886
2008.56248,6.261639717097172,209.54693755828222,1.5900885239852398,2.821945644171779
2008.56522,6.280561203931205,210.24572854166667,1.5899473710073708,2.8217652450980393
2008.56796,6.297990478527608,210.94465334149325,1.5898264785276073,2.821631028151775
2008.5707,6.316350919117647,211.64383004889976,1.589675294117647,2.821428618581907
2008.57344,6.334066279069767,212.33887434676433,1.589585581395349,2.8214148962148964
2008.57618,6.3515093398533,213.03427452439024,1.5895143887530563,2.821408804878049
2008.57892,6.370130415140415,213.72801344701585,1.5894570940170942,2.821417892813642
2008.58166,6.388925207317073,214.4171665206813,1.5893268780487804,2.8212773357664234
2008.5844,6.407185408038977,215.1057929890644,1.589187856272838,2.821114422843256
2008.58714,6.424527323600974,215.79398336165048,1.589026399026764,2.820895218446602
2008.58988,6.441570340218712,216.4795852848485,1.5889244714459294,2.820750145454545
2008.59262,6.46039807038835,217.16355004842615,1.5890727063106795,2.821003123486683
2008.59536,6.478908254545454,217.8459525151149,1.5889195393939393,2.820818730350665
2008.5981,6.495397457627119,218.52655196859905,1.5888120702179178,2.8207156400966182
2008.60084,6.512137823458283,219.2051293606755,1.5887350423216446,2.8206860434258143
2008.60358,6.530768538647343,219.88436428915662,1.5887245289855072,2.820802831325301
2008.60632,6.547041507840772,220.5588115403129,1.5886206996381182,2.820743225030084
2008.60906,6.566152000000001,221.23152082932694,1.5885246385542167,2.8206856250000003
2008.6118,6.5838791696750905,221.90197140456183,1.5883927677496992,2.820577707082833
2008.61454,6.602996045673077,222.57205388489209,1.5882597115384616,2.8204457793764988
2008.61728,6.621145882352941,223.2419037245509,1.5881254741896758,2.8203178922155687
2008.62002,6.64010793764988,223.90978730861244,1.5880020383693048,2.8201977631578945
2008.62276,6.65843977245509,224.57571885304657,1.5878908502994011,2.82013
2008.6255,6.676299150717703,225.24012181384248,1.5877858971291867,2.820040107398568
2008.62824,6.693073655913978,225.90187174016688,1.5876961051373955,2.819926305125149
2008.63098,6.710135918854415,226.56131501190475,1.587642279236277,2.819935107142857
2008.63372,6.72690326579261,227.22070599286565,1.5875320500595949,2.819858727705113
2008.63646,6.745893416666667,227.87861850356296,1.587469630952381,2.8198768289786225
2008.6392,6.763867764565993,228.53713016607352,1.587361355529132,2.8198320996441284
2008.64194,6.778904750593824,229.19139406398105,1.5872711163895485,2.819732132701422
2008.64468,6.795001767497035,229.84421344378697,1.5871588849347569,2.8196324023668637
2008.64742,6.813467855450236,230.49846340425532,1.5871105094786728,2.819604680851064
2008.65016,6.830312355029586,231.14790629279813,1.5870075976331361,2.819532904368359
2008.6529,6.84823841607565,231.79612161556605,1.586896075650118,2.819450283018868
2008.65564,6.865778217237309,232.44175328621907,1.5868349232585597,2.8193770318021203
2008.65838,6.883696096698113,233.08816336470588,1.5868386674528303,2.8194559764705884
2008.66112,6.904922391048292,233.7341845945946,1.5867483274440517,2.8194011750881316
2008.66386,6.923194847058824,234.37529017605635,1.5866508588235293,2.819288028169014
2008.6666,6.940255957696827,235.0163063071512,1.5865536192714453,2.8191915826494722
2008.66934,6.958239096244132,235.6553574238876,1.5864580633802818,2.8190698360655735
2008.67208,6.976606436107855,236.29211591812867,1.5863539624853458,2.818941087719298
2008.67482,6.994122435597189,236.9278106191589,1.5862267213114754,2.8188180957943922
2008.67756,7.01274445614035,237.56277430571762,1.5862515789473686,2.8189933255542594
2008.6803,7.030115829439253,238.1980141958042,1.586152453271028,2.818886888111888
2008.68304,7.0471604200700115,238.83284015133876,1.5860331738623106,2.8187516996507567
2008.68578,7.064261655011655,239.46540594186047,1.585927261072261,2.8186711395348834
2008.68852,7.080966484284051,240.09619911730545,1.5858070663562283,2.8185437514518
2008.69126,7.097514662790698,240.72475370069606,1.5857132674418606,2.818537668213457
2008.694,7.114465389082462,241.35149229432216,1.5855921486643436,2.8184125376593276
2008.69674,7.131893851508121,241.97522333333333,1.585485788863109,2.8183003125
2008.69948,7.146799490150638,242.59877449710984,1.585410046349942,2.8182261387283236
2008.70222,7.163258229166667,243.22209102771362,1.585318587962963,2.8181215704387994
2008.70496,7.178487803468208,243.84185885813147,1.5851999306358382,2.8179938985005766
2008.7077,7.1956333487297925,244.4612791935484,1.5850714549653582,2.817853974654378
2008.71044,7.21306770472895,245.07756151898735,1.5850109342560554,2.817762738780207
2008.71318,7.231769124423963,245.69211550574713,1.5849936866359446,2.817838137931034
2008.71592,7.2495560299194475,246.30931335246842,1.5848716455696201,2.817714959816303
2008.71866,7.266010885057471,246.92490857798165,1.58475991954023,2.817677763761468
2008.7214,7.282057910447762,247.5380842382589,1.5846412858783008,2.817580022909507
2008.72414,7.299532224770642,248.15196648741417,1.584528646788991,2.817478935926774
2008.72688,7.317880240549829,248.76325918857142,1.5844305612829324,2.8174029942857146
2008.72962,7.334359816933639,249.36940157534247,1.5843084324942793,2.8172792351598175
2008.73236,7.351984228571429,249.97595630558723,1.5842236685714286,2.8172338768529075
2008.7351,7.370455034246575,250.58299372437358,1.5841718607305935,2.817225854214123
2008.73784,7.4059333712984055,251.79242481818181,1.5839591571753986,2.817011715909091
2008.74332,7.4222533105802055,252.39377331441543,1.5838283162684867,2.816908547105562
2008.7488,7.439748306818181,252.99284880952382,1.5836949431818181,2.8168162018140586
2008.75154,7.471911882086168,254.1915838235294,1.5834531519274375,2.81662157239819
2008.75428,7.487421517553795,254.78969061016952,1.5833588108720271,2.8165492090395476
2008.75702,7.501551821266968,255.38654084650113,1.5832449208144797,2.8165033747178327
2008.75976,7.518418192090396,255.98228759864713,1.583131288135593,2.816420777903044
2008.7625,7.535079097065463,256.57875103603607,1.5830052370203158,2.81632259009009
2008.76524,7.552739289740699,257.1718533745782,1.582935749718151,2.81635246344207
2008.76798,7.5694787274774775,257.7615845955056,1.5828340878378377,2.816291314606741
2008.77072,7.586664971878514,258.349708013468,1.5826947581552306,2.816134197530864
2008.77346,7.604969550561798,258.9378523542601,1.582587988764045,2.8159913901345295
2008.7762,7.622289921436589,259.5231060134379,1.5824436363636365,2.815829731243001
2008.77894,7.640270661434978,260.10815318791947,1.5823136098654709,2.815649272930649
2008.78168,7.658171590145576,260.69186160893855,1.5821992385218364,2.8155214078212287
2008.78442,7.675062326621924,261.2746129910714,1.5820753579418345,2.815393828125
2008.78716,7.6926524022346365,261.85379069119284,1.581969877094972,2.8153411594202895
2008.7899,7.711437243303571,262.43518727171494,1.5818646316964284,2.815292082405345
2008.79264,7.730413957636566,263.0160355951057,1.5818403232998886,2.815329699666296
2008.79538,7.7480173273942095,263.5943508222222,1.581753530066815,2.8152599777777776
2008.79812,7.764276407119022,264.1716474916759,1.5816530478309232,2.8151541287458377
2008.80086,7.7825056777777775,264.7454156873614,1.5815347555555557,2.815045066518847
2008.8036,7.8003312097669255,265.31976015503875,1.5814208879023308,2.8149069324473976
2008.80634,7.817967206208426,265.89176415929205,1.5813197228381375,2.814741548672566
2008.80908,7.8348760575858245,266.4623879005525,1.5812118715393133,2.8146487845303865
2008.81182,7.8505469579646014,267.03071219646796,1.5811014933628318,2.814544194260486
2008.81456,7.867020453038674,267.6013554244763,1.5809803314917128,2.814417519294377
2008.8173,7.883580860927152,268.1690037444934,1.5808373951434878,2.8142396806167405
2008.82004,7.900535501653804,268.7370025742574,1.5806961521499447,2.814057095709571
2008.82278,7.916690341409692,269.3034177912088,1.5806184471365639,2.8140511318681316
2008.82552,7.932561760176017,269.8688144346871,1.5805107040704072,2.8140434796926455
2008.82826,7.947756197802198,270.43226164473685,1.5804031978021977,2.8139436513157894
2008.831,7.965834610318331,270.9989465498357,1.5803233260153677,2.813826987951807
2008.83374,7.982250230263158,271.5615073194748,1.580203947368421,2.813693555798687
2008.83648,7.998112541073384,272.1221060546448,1.580203756845564,2.8137203497267755
2008.83922,8.013753457330417,272.6805488864629,1.5801598687089715,2.813713100436681
2008.84196,8.03067350819672,273.238816172301,1.5800533333333333,2.8136175790621594
2008.8447,8.04667673580786,273.7957152069717,1.5799374890829694,2.8134985185185184
2008.84744,8.063557131952019,274.3521622089227,1.579851842966194,2.8134068226332967
2008.85018,8.080994444444444,274.9081261086956,1.579739193899782,2.813315326086957
2008.85292,8.09933471164309,275.4614461237785,1.5796756800870513,2.8132646036916396
2008.85566,8.115802163043478,276.0135267353579,1.5795621086956522,2.813122798264642
2008.8584,8.13253319218241,276.5666861646804,1.5794433659066232,2.8129610617551464
2008.86114,8.149777472885033,277.1175248051948,1.5793451843817787,2.8128249567099566
2008.86388,8.167350249187432,277.6685582918919,1.579230985915493,2.8127009189189187
2008.86662,8.185878160173159,278.21694474082074,1.5791643181818182,2.8126208639308854
2008.86936,8.202024054054055,278.76466682847894,1.579126118918919,2.8125342718446604
2008.8721,8.21815741900648,279.31007476293104,1.579005788336933,2.812414310344827
2008.87484,8.234143732470335,279.8524531324004,1.5789288025889967,2.8123750484391823
2008.88032,8.270604994617868,280.93565116004294,1.5789217545748118,2.812497443609023
2008.88306,8.289328290322581,281.47717929184546,1.578806193548387,2.8123596566523608
2008.8858,8.308549162191193,282.0174929046088,1.5787257357679914,2.8122505359056804
2008.88854,8.326413004291846,282.55511731263385,1.57864008583691,2.812134978586724
2008.89128,8.344813751339764,283.09301190374333,1.5785211789924973,2.81199135828877
2008.89402,8.362907119914347,283.62777952991456,1.5784065417558886,2.811912916666667
2008.89676,8.379660898395722,284.1606072785485,1.578293486631016,2.811826339381003
2008.8995,8.395359337606838,284.6948735074627,1.5781926709401708,2.8117133901918976
2008.90224,8.411904706510139,285.2266854952077,1.5782239274279617,2.8119405750798725
2008.90772,8.443949201277956,286.2873449628055,1.579506389776358,2.813753496280553
2008.91046,8.460845159574468,286.81766622080676,1.5794060425531915,2.8136373248407645
2008.9132,8.476104452709883,287.34720197242837,1.5792899893730075,2.8134933297985154
2008.91594,8.491884097664544,287.8753318326271,1.5792020063694265,2.813384279661017
2008.91868,8.507275758218452,288.40277772486775,1.5791142099681867,2.813268867724868
2008.92142,8.52514719279661,288.9284910782241,1.5790160169491525,2.813105972515856
2008.92416,8.542835502645502,289.45228413938753,1.5789220000000002,2.81300096092925
2008.9269,8.55719432346723,289.9762326054852,1.578820264270613,2.8128649683544302
2008.92964,8.57095015839493,290.50091027397264,1.5787358711721224,2.812739104320337
2008.93238,8.58734858649789,291.02178852631585,1.5786516561181434,2.8126020315789475
2008.93512,8.60327798735511,291.53950395373295,1.5785623603793466,2.8124750788643533
2008.93786,8.619021947368422,292.05640896008407,1.5784469789473683,2.8123516596638654
2008.9406,8.63522668769716,292.5741367366212,1.57832396424816,2.812220335781742
2008.94334,8.651006292016806,293.09019728511527,1.5782352941176472,2.8121692452830187
2008.94608,8.665439758656873,293.6061371937173,1.5781376495278068,2.812147612565445
2008.94882,8.68036675052411,294.1203511924686,1.5780271278825995,2.812016914225941
2008.95156,8.695915560209425,294.6316127168234,1.5778867748691099,2.811849070010449
2008.9543,8.70971289748954,295.14286211899787,1.5777454079497908,2.811689697286013
2008.95704,8.723272089864158,295.6530462565172,1.577822131661442,2.8119251616266947
2008.95978,8.737962348643007,296.16363616666666,1.5776876409185805,2.8118211875
2008.96252,8.752478790406673,296.67350779396463,1.5775482273201251,2.811655858480749
2008.96526,8.766848000000001,297.17322990644493,1.5774455104166667,2.8116446257796257
2008.968,8.78351996878252,297.6777105503635,1.5772962539021853,2.8114539563862926
2008.97074,8.801818076923077,298.18413927385893,1.5771641683991684,2.8113137551867218
2008.97348,8.822062284527517,298.6872841139896,1.577028473520249,2.8111867461139894
2008.97896,8.84908496373057,299.1836282091097,1.5768484559585492,2.8112308385093168
2008.9817,8.862319917184264,299.6818660703206,1.5767083333333334,2.8110784177869697
2008.98444,8.873982998965873,300.17880987603303,1.57678791106515,2.811510144628099
2008.98992,8.90034343653251,301.17504028865983,1.5777605779153765,2.812899
2008.99266,8.915156288659794,301.67328770339856,1.577647113402062,2.8127935942327498
2008.9954,8.92836569515963,302.17041929012345,1.5775364572605561,2.8126691872427987
2008.99814,8.942558919753086,302.6676522610483,1.5774337345679013,2.812578633093525
2009.00362,8.954390369989722,303.1621422689939,1.577305570400822,2.812454702258727
2009.00636,8.968675646817248,303.65546912820514,1.5771686960985625,2.8123134564102563
2009.0091,8.980976430769232,304.14704727459014,1.5770410666666665,2.812154948770492
2009.01184,8.99108569672131,304.6362208700103,1.576992981557377,2.812184810644831
2009.01458,9.0040664790174,305.12720690184045,1.5768875025588536,2.812055419222904
2009.01732,9.017363957055213,305.6192541573034,1.5767605521472392,2.811931062308478
2009.02006,9.033227415730337,306.10579612244896,1.5766721041879468,2.8118657346938774
2009.0228,9.050234714285715,306.59294545361877,1.5765609081632654,2.8117338837920487
2009.02554,9.0669898980632,307.0810098676171,1.5764372171253822,2.8115927902240325
2009.02828,9.08190615071283,307.56645656154626,1.576315050916497,2.8114488199389625
2009.03102,9.098275971515768,308.0523636382114,1.5762045574771109,2.8113035569105693
2009.03376,9.114025823170731,308.53672157360404,1.5760942886178861,2.8111396243654823
2009.0365,9.130504802030456,309.0209154056795,1.5759855126903553,2.810996551724138
2009.03924,9.1466853346856,309.5031553596758,1.5758643002028399,2.8108285309017225
2009.04198,9.160918885511652,309.98489979757085,1.5757471225937183,2.8106687246963564
2009.04472,9.175769048582996,310.4644768149646,1.5756263967611335,2.8104982305358948
2009.04746,9.191656612740141,310.9429859090909,1.5755122244691606,2.810331222222222
2009.0502,9.20653601010101,311.42124665993947,1.575410888888889,2.810166125126135
2009.05294,9.222090413723512,311.89810760080644,1.5753047225025227,2.810004495967742
2009.05568,9.236711935483871,312.37443298086606,1.5751685786290324,2.8098134038267877
2009.05842,9.249165035246726,312.84870181086524,1.5751646727089628,2.8098451106639835
2009.06116,9.264230965794768,313.32274784924624,1.5750854426559355,2.8097515778894473
2009.0639,9.277983195979898,313.79616872489964,1.5749787738693466,2.809601957831325
2009.06664,9.291010712851406,314.26869297893677,1.5748698192771085,2.8094292076228684
2009.06938,9.30546815446339,314.7378193086172,1.5747460581745234,2.8092443286573148
2009.07212,9.319539599198396,315.2075559059059,1.5746463026052104,2.8090722822822825
2009.07486,9.333612592592592,315.67767693999997,1.5745242642642643,2.8088881299999997
2009.0776,9.348139119999999,316.1456527872128,1.57440621,2.808702787212787
2009.08034,9.361967982017982,316.61203078842317,1.574484135864136,2.8088860678642713
2009.08308,9.37561523952096,317.0784508175474,1.5744435828343313,2.8088470089730806
2009.08582,9.389154217347956,317.54309701195217,1.5744006181455634,2.8087599601593625
2009.08856,9.4034637250996,318.00930103482585,1.5743241832669324,2.8086420995024874
2009.0913,9.416888726368159,318.4713962127237,1.5742131243781095,2.8084579224652084
2009.09404,9.430002425447316,318.9328893247269,1.5741072465208747,2.8083019463753724
2009.09678,9.44179582919563,319.3933654960317,1.5740040615690167,2.8081447321428574
2009.09952,9.453084375,319.8559010901883,1.573909751984127,2.8080094350842417
2009.10226,9.465645579781963,320.3153365247525,1.5738069672943509,2.807828158415842
2009.105,9.47742714851485,320.7741053313551,1.573698207920792,2.807647240356083
2009.10774,9.491312700296737,321.23254446640317,1.573610652818991,2.8074743675889327
2009.11048,9.503235148221345,321.68762795656465,1.573546699604743,2.807387907206318
2009.11322,9.515345093780848,322.14418506903354,1.5735087462981243,2.8073062228796846
2009.11596,9.526908639053254,322.5985969458128,1.5734068639053254,2.807121931034483
2009.1187,9.539488502463055,323.0520423720472,1.5732891921182266,2.806927273622047
2009.12144,9.552444872047245,323.50515546706,1.573198779527559,2.8067682104228124
2009.12418,9.566011642084563,323.956650373281,1.573091366764995,2.8065849901768174
2009.12692,9.578950265225934,324.4084906378803,1.5729890667976425,2.806406712463199
2009.12966,9.591846506378802,324.85979191176466,1.572899214916585,2.8062684705882353
2009.1324,9.603937745098039,325.308227668952,1.5727911862745099,2.8060725563173357
2009.13514,9.616859059745346,325.756096927593,1.5727139275220372,2.805878542074364
2009.13788,9.629212436399216,326.2037456109482,1.5726881115459883,2.8058036168132943
2009.19268,9.65762751953125,327.09647564878054,1.574127216796875,2.8085234439024394
2009.19542,9.669312507317072,327.53951381091616,1.5740148682926831,2.808288343079922
2009.19816,9.681591374269004,327.98280206426483,1.5739136842105264,2.8080734079844203
2009.2009,9.693046874391431,328.4243517607004,1.5738673807205452,2.8079240175097273
2009.20364,9.705680807392996,328.8645479494655,1.5737798929961089,2.8077174246841596
2009.20638,9.719110174927113,329.30682633009707,1.5736768027210883,2.8075036699029123
2009.20912,9.731695067961166,329.7483959844811,1.5736296504854368,2.8073824442289044
2009.21186,9.744492521823473,330.1875119767442,1.5735160135790496,2.8071558527131786
2009.2146,9.757109835271317,330.62663636979676,1.5734388759689921,2.8069734075508226
2009.21734,9.769414878993224,331.0648058413926,1.573332894482091,2.806752166344294
2009.22008,9.7822983655706,331.50067349758456,1.5732500483558993,2.806582502415459
2009.22282,9.795508347826088,331.93704904440153,1.5731336038647343,2.806357557915058
2009.2283,9.80796084942085,332.37169891031823,1.5734739575289576,2.806886721311475
2009.23378,9.829766685934489,333.24256165543795,1.576414315992293,2.8136810683349376
2009.27488,9.84360947064485,333.67636456730764,1.577579355149182,2.8161971826923073
2009.31324,9.86063973076923,334.11452403458213,1.5794717788461539,2.8199288472622475
2009.32146,9.875977329490874,334.5475135796545,1.5815847646493757,2.824209174664108
2009.3242,9.90327971236817,335.4147902011494,1.584166414189837,2.8287322030651345
2009.33242,9.916758524904214,335.8419714066986,1.5840620306513409,2.82862804784689
2009.33516,9.930696411483254,336.2671550478011,1.5839471004784689,2.828501768642447
2009.3379,9.944978661567877,336.6906667335243,1.5841199426386234,2.8289021298949377
