2003.29894,-4.69364,-0.62115,3.32528,1.2151
2003.30168,-4.83812,0.05384,3.31968,1.2154500000000001
2003.30442,-5.0132666666666665,0.44583,3.3467599999999997,1.2188166666666667
2003.30716,-4.8400775,0.44707,3.3371874999999998,1.2205
2003.3099,-4.924756,0.25921000000000005,3.330884,1.219282
2003.31264,-5.186201666666666,0.5818,3.4181950000000003,1.2464383333333333
2003.31538,-5.154227142857143,0.5362185714285714,3.4149271428571426,1.2452442857142856
2003.31812,-5.01474125,0.48590500000000003,3.40302125,1.2417375
2003.32086,-4.9244699999999995,0.5059922222222223,3.400297777777778,1.2421044444444445
2003.3236,-4.817648,0.36226,3.3880339999999998,1.239474
2003.32634,-4.651062727272727,0.42875,3.3861490909090906,1.24093
2003.32908,-4.582820833333334,0.4654066666666667,3.3843449999999997,1.241795
2003.33182,-4.446228461538461,0.5328061538461538,3.4263484615384616,1.2528115384615384
2003.33456,-4.212289285714285,0.49186142857142856,3.4227314285714283,1.25166
2003.3373,-4.118205333333333,0.532708,3.4141806666666668,1.2498259999999999
2003.34004,-4.007066875,0.55826,3.408449375,1.24917875
2003.34278,-3.9822364705882354,0.5840988235294118,3.4032276470588236,1.247870588235294
2003.34552,-3.9381066666666666,0.5987322222222222,3.400142222222222,1.2467077777777777
2003.34826,-3.8444621052631582,0.5985084210526316,3.397676842105263,1.2464368421052632
2003.351,-3.77898,0.663856,3.420951,1.2540615000000002
2003.35374,-3.6392080952380947,0.5956457142857142,3.4149280952380954,1.2525709523809523
2003.35648,-3.538777272727273,0.5055445454545455,3.4085613636363634,1.2506463636363636
2003.35922,-3.480468695652174,0.3838426086956521,3.403844347826087,1.24898
2003.36196,-3.3718091666666665,0.3588233333333333,3.39975375,1.2480908333333334
2003.3647,-3.2331208,0.3580444,3.3959904,1.2479688
2003.36744,-3.098675769230769,0.38744,3.394456153846154,1.2475884615384616
2003.37018,-2.9987437037037035,0.347212962962963,3.4092214814814814,1.2520848148148147
2003.37292,-2.917519642857143,0.2641085714285714,3.408925,1.2517835714285714
2003.37566,-2.8026196551724136,0.27780379310344827,3.404785172413793,1.2506148275862068
2003.3784,-2.7147783333333333,0.2333853333333333,3.4006410000000002,1.249965
2003.38114,-2.6026674193548387,0.23505774193548387,3.3977583870967742,1.2497164516129033
2003.38388,-2.503811875,0.2259375,3.3939178125000002,1.2488959375
2003.38662,-2.417370606060606,0.19327848484848484,3.3914136363636365,1.2483572727272727
2003.38936,-2.408395294117647,0.1773929411764706,3.4028988235294118,1.2525605882352941
2003.3921,-2.3602742857142855,0.18935742857142857,3.400361142857143,1.2520077142857142
2003.39484,-2.345631111111111,0.2041288888888889,3.399598611111111,1.2521816666666665
2003.40032,-2.2636148648648646,0.19301945945945947,3.4024356756756755,1.2531556756756757
2004.33192,-2.101025263157895,0.1930715789473684,3.401511052631579,1.2521726315789474
2004.33466,-1.926721282051282,0.1704794871794872,3.4012087179487183,1.2517933333333333
2004.34014,-1.75455525,0.14186829268292683,3.403863,1.2510056097560975
2004.34288,-1.6201034146341462,0.17522666666666667,3.406592682926829,1.250615
2004.34562,-1.4632435714285714,0.1979632558139535,3.4079916666666668,1.249983488372093
2004.3511,-1.3631425581395349,0.11673688888888889,3.4101074418604655,1.248974888888889
2004.35384,-1.2664315909090909,0.1491304347826087,3.4127638636363637,1.2485867391304348
2004.35658,-1.157729111111111,0.12103872340425531,3.4138080000000004,1.2480225531914895
2004.35932,-1.0531430434782607,0.11747125000000001,3.4149284782608698,1.2477864583333333
2004.36206,-0.9264108510638297,0.12966122448979592,3.415703404255319,1.2473467346938776
2004.3648,-0.81575,0.120003,3.4162708333333334,1.2468132
2004.36754,-0.7183395918367347,0.1344878431372549,3.4167008163265304,1.2461641176470588
2004.37028,-0.6212247999999999,0.11281903846153846,3.4170016,1.2455534615384614
2004.37302,-0.5486233333333332,0.08862792452830187,3.4175101960784318,1.244992075471698
2004.37576,-0.47877499999999995,0.09336944444444445,3.4178376923076925,1.2446190740740741
2004.3785,-0.4073730188679245,0.09008363636363635,3.417677169811321,1.2441583636363636
2004.38124,-0.3172627777777777,0.09261125,3.416951851851852,1.2440373214285714
2004.38398,-0.22484672727272723,0.09431298245614034,3.415794545454545,1.2436884210526318
2004.38672,-0.1437483928571428,0.0976108620689655,3.415328928571429,1.243291551724138
2004.38946,-0.09561754385964909,0.10289830508474576,3.4149287719298242,1.243037966101695
2004.3922,-0.04685258620689652,0.09915916666666666,3.413866206896552,1.2424563333333334
2004.39494,-0.00955355932203387,0.11482098360655738,3.4249,1.2474073770491803
2004.39768,0.06185300000000003,0.10663838709677419,3.424547,1.2470435483870967
2004.40042,0.10788622950819676,0.09998507936507936,3.4239300000000004,1.2464260317460316
2004.40316,0.13882225806451615,0.105851875,3.4236491935483873,1.24638265625
2004.4059,0.16050714285714288,0.10632246153846153,3.423199523809524,1.2463406153846155
2004.40864,0.19437437500000004,0.1035360606060606,3.42162578125,1.2456668181818182
2004.41138,0.23701569230769234,0.08277283582089552,3.4200573846153848,1.2448885074626865
2004.41412,0.26136545454545457,0.06750235294117646,3.4183666666666666,1.2442047058823529
2004.41686,0.3116008955223881,0.07834086956521738,3.4171446268656718,1.24358115942029
2004.4196,0.3581536764705882,0.08091228571428571,3.4158761764705883,1.2429754285714285
2004.42234,0.40800985507246385,0.07488985915492957,3.4143602898550722,1.2423867605633803
2004.42508,0.4700850000000001,0.08413166666666666,3.413167857142857,1.241911111111111
2004.42782,0.5164404225352113,0.10781863013698628,3.4129953521126764,1.2417346575342465
2004.43056,0.5767309722222222,0.09675689189189189,3.411855,1.241271216216216
2004.4333,0.6130004109589042,0.10772319999999998,3.4108609589041095,1.240718
2004.43604,0.6524794594594595,0.11524276315789474,3.4097802702702706,1.240133552631579
2004.43878,0.7178796,0.12855376623376624,3.408616266666667,1.2397089610389609
2004.44152,0.7684539473684211,0.12729243589743588,3.407298552631579,1.239188205128205
2004.44426,0.8177412987012987,0.14077164556962027,3.4060879220779223,1.2384778481012657
2004.447,0.8507141025641025,0.12383862500000001,3.405159743589744,1.23788975
2004.44974,0.8791565822784811,0.11423703703703703,3.404255063291139,1.2375482716049382
2004.45248,0.8948259999999999,0.11210109756097561,3.4043535,1.237359512195122
2004.45522,0.9352077777777777,0.10971518072289155,3.4040690123456794,1.2375360240963855
2004.45796,0.9931296341463416,0.11375488095238095,3.4035523170731707,1.2375341666666668
2004.4607,1.0512948192771083,0.12160517647058823,3.4036556626506025,1.2374177647058824
2004.46344,1.1204803571428572,0.13591209302325583,3.404023333333333,1.2377331395348836
2004.46618,1.1765797647058824,0.14414275862068965,3.4029651764705884,1.2373689655172413
2004.46892,1.2385726744186047,0.1407997727272727,3.401768720930233,1.2369497727272727
2004.47166,1.2938190804597702,0.14481258426966293,3.400599770114942,1.23654
2004.4744,1.4254389887640448,0.08885505494505493,3.4269843820224724,1.2464219780219778
2004.48262,1.4684825555555556,0.07887858695652172,3.435285777777778,1.2489653260869564
2004.48536,1.512281978021978,0.0897168817204301,3.4339538461538464,1.2484290322580645
2004.4881,1.5693471739130436,0.08424989361702126,3.43252902173913,1.2477856382978723
2004.49084,1.6173898924731183,0.07695042105263157,3.431526451612903,1.2472216842105264
2004.49358,1.662698085106383,0.09456322916666665,3.431171063829787,1.246821875
2004.49632,1.695295052631579,0.1042764948453608,3.4307936842105264,1.2464015463917526
2004.49906,1.75203625,0.10494438775510204,3.4295194791666668,1.245762448979592
2004.5018,1.806968762886598,0.10525515151515151,3.4287048453608246,1.2452910101010102
2004.50454,1.8411990816326531,0.09746949999999999,3.4276780612244897,1.2446131
2004.50728,1.8714049494949496,0.10416455445544553,3.427153131313131,1.244148514851485
2004.51002,1.9051271,0.11412029411764706,3.4265546000000002,1.2437272549019607
2004.51276,1.9410532673267327,0.11451359223300969,3.4264949504950493,1.2435507766990292
2004.5155,1.9382263725490196,0.11531259615384615,3.427397745098039,1.243873173076923
2004.51824,1.9587849514563107,0.11397238095238094,3.426515145631068,1.2434001904761904
2004.52098,1.9853235576923076,0.11144028301886791,3.426026634615385,1.2430281132075471
2004.52372,1.999042761904762,0.10743196261682243,3.424800380952381,1.242487289719626
2004.52646,2.021409245283019,0.10396064814814814,3.423808679245283,1.2420467592592592
2004.5292,2.03329261682243,0.10481880733944952,3.4225213084112154,1.2415056880733943
2004.53194,2.048919259259259,0.09320663636363637,3.4217506481481483,1.241101090909091
2004.53468,2.047681651376147,0.07777648648648648,3.421148348623853,1.2407476576576577
2004.53742,2.0467578181818182,0.0449699107142857,3.4205315454545455,1.240381875
2004.54016,2.0476618018018016,0.03584999999999999,3.42144009009009,1.2401766371681415
2004.5429,2.0477286607142857,0.03910043859649122,3.421231875,1.2398894736842105
2004.54564,2.0397504424778763,0.03195504347826086,3.421250442477876,1.2397950434782607
2004.54838,2.030158245614035,0.007544741379310333,3.421440701754386,1.239774224137931
2004.55112,2.028654956521739,0.006816495726495714,3.421359739130435,1.2394681196581194
2004.55386,2.021988275862069,-0.004247033898305098,3.420603965517241,1.2389193220338983
2004.63058,2.0140660683760685,-0.018335210084033625,3.461188034188034,1.2551444537815126
2004.63332,2.01238406779661,-0.02500150000000001,3.460107542372881,1.25464825
2004.63606,2.0114785714285714,-0.043037107438016545,3.4588568907563024,1.2541487603305785
2004.6388,2.0036468333333333,-0.0711460655737705,3.4581406666666665,1.2537259836065573
2004.64154,1.9759449586776858,-0.09636723577235774,3.457482561983471,1.2534232520325204
2004.64428,1.9646811475409836,-0.11526241935483873,3.4568581967213112,1.2531198387096774
2004.64702,1.946430081300813,-0.13159144,3.456198455284553,1.2527767200000002
2004.64976,1.9164899193548386,-0.13469317460317462,3.455458951612903,1.2524666666666666
2004.6525,1.89229312,-0.14304543307086617,3.45443992,1.2519750393700788
2004.65524,1.867361746031746,-0.14870484375,3.4538373015873014,1.251632578125
2004.65798,1.8521776377952757,-0.1614162015503876,3.453552992125984,1.2513224031007752
2004.66072,1.81820765625,-0.16673984615384618,3.4532075,1.2510063076923077
2004.66346,1.7874391472868219,-0.1874175572519084,3.453127906976744,1.250806641221374
2004.6662,1.7789981538461537,-0.18532,3.4523384615384614,1.2504728787878787
2004.66894,1.768106183206107,-0.1957278195488722,3.4522667175572517,1.2503430827067668
2004.67168,1.7516675,-0.20876402985074627,3.4512834848484846,1.2499657462686566
2004.67442,1.744543984962406,-0.22138503703703705,3.4505045864661654,1.2495888888888889
2004.67716,1.7296838059701491,-0.23135000000000003,3.4497582835820895,1.2492738970588235
2004.6799,1.7091997037037037,-0.23180467153284673,3.448856962962963,1.2489685401459854
2004.68264,1.6990244852941176,-0.23260797101449274,3.44813375,1.2486171739130434
2004.68538,1.6957426277372263,-0.23654374100719427,3.4472574452554743,1.2482107194244605
2004.68812,1.69458115942029,-0.23749485714285715,3.4468201449275364,1.2479592857142858
2004.69086,1.6766741007194246,-0.22513475177304965,3.4461473381294963,1.2477065248226948
2004.6936,1.666730357142857,-0.22863197183098594,3.4453440714285715,1.2473641549295775
2004.69634,1.6570556028368792,-0.22173783216783216,3.4451482269503546,1.2472262237762237
2004.69908,1.6362075352112677,-0.21234930555555556,3.444244929577465,1.2468774305555557
2004.70182,1.6142318181818183,-0.21812489655172415,3.4437068531468533,1.2466919310344828
2004.70456,1.6055407638888888,-0.2120886301369863,3.4433708333333333,1.246594794520548
2004.7073,1.5886319310344827,-0.21037272108843538,3.442730344827586,1.2462763265306123
2004.71004,1.5633317808219178,-0.1928760810810811,3.4420602054794522,1.2459762837837838
2004.71278,1.5289067346938776,-0.18092315436241613,3.4417231972789115,1.2456895973154363
2004.71552,1.5059133783783785,-0.17764306666666668,3.4409743243243245,1.2453278666666667
2004.71826,1.480658523489933,-0.16915490066225167,3.4402730872483223,1.24492940397351
2004.721,1.4536606666666667,-0.16560092105263158,3.4394504666666665,1.2445590789473684
2004.72374,1.434788940397351,-0.15923732026143791,3.4386201986754963,1.2442072549019607
2004.72648,1.4148302631578948,-0.16267727272727275,3.437874539473684,1.2438374025974026
2004.72922,1.390505294117647,-0.16522141935483872,3.437321764705882,1.243508258064516
2004.73196,1.3694965584415584,-0.17159846153846156,3.4366306493506493,1.2431833333333333
2004.7347,1.340939806451613,-0.15834025477707006,3.4361110967741935,1.2429290445859873
2004.73744,1.3201083974358976,-0.14955379746835443,3.4353108974358975,1.242563417721519
2004.74018,1.3001605095541402,-0.14075849056603773,3.434610063694268,1.242180503144654
2004.74292,1.2739780379746837,-0.13810450000000002,3.433793987341772,1.2417849374999999
2004.74566,1.2452761006289308,-0.13978795031055902,3.4328472327044026,1.2414332298136646
2004.7484,1.195121801242236,-0.12487337423312886,3.4360002484472054,1.2422379754601227
2004.7895,1.172998024691358,-0.1315904268292683,3.4358529012345675,1.242076768292683
2004.79224,1.1358269325153374,-0.14106860606060606,3.435415153374233,1.2419301818181818
2004.79498,1.1004996951219512,-0.14473993975903615,3.434914451219512,1.241726626506024
2004.79772,1.06771,-0.14644532934131738,3.4344028484848486,1.2414129341317364
2004.80046,1.0344421686746987,-0.1408626785714286,3.4341167469879523,1.2412314285714285
2004.8032,1.0065610179640718,-0.13976633136094677,3.433733473053892,1.2410438461538462
2004.80594,0.9781191666666667,-0.14655947058823532,3.4332880357142854,1.2408912352941175
2004.80868,0.9608958579881657,-0.15441362573099415,3.4328644378698225,1.2407974269005848
2004.81142,0.9532048235294117,-0.15851377906976744,3.432314,1.2405427906976743
2004.81416,0.9286741520467836,-0.1635435260115607,3.4316880701754386,1.2402146242774565
2004.8169,0.9083127325581396,-0.16123971264367817,3.4309880232558143,1.2399062068965518
2004.81964,0.8808921387283237,-0.1535909142857143,3.430846589595376,1.2398321142857143
2004.82238,0.8530053448275863,-0.1566200568181818,3.430577988505747,1.2396599431818183
2004.82512,0.8235861142857143,-0.16275067796610168,3.4299922857142855,1.239403163841808
2004.82786,0.8024786931818183,-0.16940241573033707,3.429429204545454,1.2391141011235955
2004.8306,0.7712032768361582,-0.17482357541899443,3.4294897175141243,1.2389760893854749
2004.83334,0.7622570224719101,-0.17050127777777777,3.42898297752809,1.2387003333333333
2004.83608,0.7433774301675977,-0.17504453038674034,3.4287636312849163,1.23856226519337
2004.83882,0.7170412222222222,-0.18676873626373627,3.4282510000000004,1.2382956043956044
2004.84156,0.6935045303867403,-0.174211912568306,3.4280845303867404,1.238187868852459
2004.8443,0.6745014285714286,-0.1756721195652174,3.427427307692308,1.237801304347826
2004.84704,0.6555915300546449,-0.17272205405405405,3.4270222404371586,1.2375242702702702
2004.84978,0.6352623913043479,-0.16952424731182797,3.4267129347826084,1.2372951612903225
2004.85252,0.6194667567567568,-0.17123775401069521,3.426573513513514,1.2371764705882353
2004.85526,0.6089218817204302,-0.1694597340425532,3.430020215053763,1.2388072872340425
2004.858,0.5897466844919786,-0.17201280423280424,3.4300294117647057,1.23862291005291
2004.86074,0.576626755319149,-0.16883384210526317,3.4301875,1.2386457368421053
2004.86348,0.5657782010582011,-0.1592432984293194,3.4297361904761905,1.2383547643979058
2004.86622,0.5491493157894737,-0.15713296875000002,3.429274894736842,1.2380414583333332
2004.86896,0.5345586910994765,-0.1564953886010363,3.4287744502617805,1.2377674611398963
2004.8717,0.5197765104166666,-0.14968922680412372,3.42855640625,1.23754293814433
2004.87444,0.4987798445595855,-0.13657861538461538,3.428645440414508,1.237420717948718
2004.87718,0.48408237113402064,-0.1360559693877551,3.4281992783505153,1.2371469897959184
2004.87992,0.46991020512820514,-0.13417832487309644,3.4277720512820515,1.2368972588832488
2004.88266,0.46165836734693877,-0.1380217676767677,3.427906632653061,1.236745
2004.8854,0.4527748223350254,-0.13639452261306534,3.428338477157361,1.2366782412060302
2004.88814,0.4382640404040404,-0.12954865,3.4282707575757576,1.23647285
2004.89088,0.4245274371859297,-0.1292336815920398,3.42792216080402,1.2362314427860697
2004.89362,0.41148345,-0.12804074257425743,3.42754905,1.2360130693069307
2004.89636,0.39524109452736317,-0.12481044334975369,3.427514129353234,1.2359237931034484
2004.8991,0.3711152475247525,-0.13254818627450982,3.4272715346534652,1.2357056862745097
2004.90184,0.3668578325123153,-0.13541053658536586,3.4277213300492613,1.235727463414634
2004.90458,0.35348549019607844,-0.14083742718446604,3.427329019607843,1.2354583495145632
2004.90732,0.3334389756097561,-0.13439072463768115,3.4267902439024387,1.2351043478260868
2004.91006,0.3212863106796117,-0.13758783653846154,3.426066310679612,1.2347102403846153
2004.9128,0.30948314009661837,-0.13585492822966508,3.4254441062801932,1.2343232057416267
2004.91554,0.2997071634615385,-0.1288719523809524,3.424881730769231,1.2339862857142856
2004.91828,0.2835081818181818,-0.12057611374407584,3.424633062200957,1.2338406635071089
2004.92102,0.26744461904761907,-0.11373127358490566,3.4242266666666663,1.23368
2004.92376,0.2526852132701422,-0.09931230046948357,3.4238241232227486,1.2335143192488263
2004.9265,0.24084353773584904,-0.09532257009345795,3.423465,1.2332753271028039
2004.92924,0.22108507042253522,-0.09089102325581395,3.422951455399061,1.2329057674418606
2004.93198,0.2054881308411215,-0.09882930555555555,3.422573598130841,1.2326943981481482
2004.93472,0.18829227906976745,-0.09299866359447005,3.4224207906976742,1.2325876497695853
2004.93746,0.16103828703703707,-0.07733628440366973,3.4222434259259256,1.2324850917431194
2004.9402,0.14129834101382488,-0.07018689497716896,3.4220418894009215,1.2323357534246575
2004.94294,0.12782224770642203,-0.06232986363636364,3.422214862385321,1.232266909090909
2004.94568,0.10727310502283106,-0.05948972850678733,3.4219769406392695,1.232100995475113
2004.94842,0.08957913636363637,-0.048648243243243246,3.421371909090909,1.2318331081081082
2004.95116,0.0755658371040724,-0.03391304932735426,3.421114570135747,1.231648789237668
2004.9539,0.05611594594594596,-0.022644330357142865,3.4207712162162163,1.2314319196428571
2004.95664,0.026933348214285727,-0.00564159292035399,3.4237205803571427,1.2327601769911503
