2007.06918,0.84169,6.20324,1.51434,2.4931
2007.07192,1.3306499999999999,5.95674,1.514975,2.4915599999999998
2007.07466,1.46261,6.643236666666667,1.5219733333333334,2.5074533333333333
2007.0774,1.37207,6.0509825,1.526745,2.51463
2007.08014,1.25833,6.14783,1.524264,2.5152460000000003
2007.08288,1.1938233333333332,5.95956,1.5249433333333335,2.511041666666667
2007.18152,1.378337142857143,6.175197142857143,1.5386985714285715,2.5234185714285715
2007.18426,1.7592125,6.197175,1.54456125,2.5271262500000002
2007.187,1.7319955555555557,6.093267777777778,1.55605,2.5462444444444445
2007.18974,1.8488140000000002,5.956542000000001,1.561805,2.551388
2007.19248,1.8141127272727273,5.9099472727272735,1.5665136363636363,2.554618181818182
2007.19522,1.585355,5.850368333333333,1.5636508333333332,2.5511575
2007.19796,1.425246153846154,5.856262307692308,1.561423846153846,2.5492946153846154
2007.2007,1.3160757142857145,5.9173857142857145,1.5616057142857145,2.5502242857142856
2007.20344,1.3952406666666666,5.844675333333333,1.5668533333333334,2.556874666666667
2007.20618,1.4369568750000001,6.028756875,1.56571875,2.555388125
2007.20892,1.5902900000000002,5.835651764705882,1.5669635294117648,2.5571523529411766
2007.21166,1.5795816666666669,5.769669444444444,1.5667972222222222,2.557097222222222
2007.2144,1.6747331578947369,5.673211052631579,1.5686578947368421,2.5633615789473687
2007.21714,1.7401655000000003,5.6698485,1.569505,2.567769
2007.21988,1.673552857142857,5.598900952380952,1.5679080952380953,2.5659709523809524
2007.22262,1.6738104545454546,5.567948181818182,1.5668613636363637,2.564196818181818
2007.22536,1.7716508695652176,5.228252173913043,1.5688934782608697,2.5663882608695654
2007.2281,1.84050125,5.082072083333333,1.5695895833333333,2.56609
2007.23084,1.8128404,5.0862264,1.5677359999999998,2.5636012
2007.23358,1.8365734615384615,5.048368461538461,1.5695000000000001,2.5690526923076926
2007.23632,1.8952862962962964,4.984166666666666,1.5699077777777777,2.57073962962963
2007.23906,1.8571600000000001,4.968300357142858,1.5686957142857143,2.5691203571428574
2007.2418,1.8366603448275862,5.01459724137931,1.5681379310344827,2.568461379310345
2007.24454,1.7672580000000002,4.964874,1.5673626666666667,2.567231
2007.24728,1.698943548387097,4.953616774193548,1.5663912903225805,2.565534193548387
2007.25002,1.6151775,4.9475628125,1.564725,2.5644240625
2007.25276,1.6034251515151514,4.944966666666667,1.5633909090909093,2.5630551515151514
2007.2555,1.6174499999999998,4.920846470588236,1.5626967647058823,2.5622191176470586
2007.25824,1.6339854285714286,4.939018857142857,1.5624785714285714,2.562661142857143
2007.26098,1.6373777777777778,5.0012925,1.5622372222222223,2.5633777777777778
2007.26372,1.6094224324324324,5.045740540540541,1.5616648648648648,2.5630994594594596
2007.26646,1.537988947368421,5.006743684210527,1.5607544736842105,2.5630381578947365
2007.2692,1.4907294871794872,4.891259487179487,1.5611305128205129,2.56392641025641
2007.27194,1.422706,4.84484925,1.56062875,2.5639244999999997
2007.27468,1.3392426829268291,4.818580731707318,1.559499756097561,2.5632848780487802
2007.27742,1.2930852380952382,4.838158333333333,1.5585457142857144,2.562712380952381
2007.28016,1.2463286046511628,4.867778604651163,1.5575176744186046,2.561880465116279
2007.2829,1.2110590909090908,4.725870681818182,1.5580113636363635,2.5644070454545456
2007.28564,1.2063553333333332,4.669069555555556,1.5578326666666666,2.566787111111111
2007.31578,1.1393152173913044,4.636345652173913,1.5574958695652175,2.5669239130434782
2007.31852,1.06619,4.571843829787234,1.557335744680851,2.5676765957446808
2007.32126,1.033735,4.530196041666667,1.557633125,2.568237708333333
2007.324,0.966154081632653,4.508839999999999,1.5573987755102041,2.5688073469387755
2007.32674,0.9108548000000001,4.484458,1.5577083999999999,2.5691388
2007.32948,0.8580166666666668,4.441953725490196,1.5580556862745099,2.569668431372549
2007.33222,0.8304784615384615,4.363660961538462,1.558976923076923,2.5727211538461536
2007.33496,0.75011,4.327209433962264,1.5589511320754716,2.574875283018868
2007.3377,0.7141981481481481,4.309033703703704,1.5593033333333335,2.5758388888888892
2007.34044,0.7164270909090908,4.267137090909091,1.5592261818181818,2.576236
2007.34318,0.6799321428571429,4.2475580357142855,1.5593564285714285,2.576536607142857
2007.34592,0.6365057894736842,4.242315087719298,1.5595936842105262,2.577042456140351
2007.34866,0.6040410344827586,4.258942413793104,1.5598446551724139,2.578193793103448
2007.3514,0.5330483050847458,4.26239593220339,1.5598713559322033,2.5790194915254236
2007.35414,0.5021373333333333,4.2552674999999995,1.5612121666666667,2.5814325
2007.35688,0.4578122950819672,4.2691268852459014,1.5621544262295082,2.5833881967213115
2007.35962,0.4249641935483871,4.246651935483871,1.5618962903225806,2.58347
2007.36236,0.3701893650793651,4.204985714285715,1.561767619047619,2.5841350793650792
2007.3651,0.345296875,4.20660578125,1.56237859375,2.58612515625
2007.36784,0.31609215384615386,4.204806769230769,1.5625206153846154,2.5870127692307694
2007.37058,0.2977409090909091,4.204031818181818,1.562349696969697,2.587407424242424
2007.37332,0.24520492537313435,4.2079664179104475,1.562544776119403,2.588433134328358
2007.37606,0.20391882352941176,4.197858823529412,1.5632207352941176,2.589586911764706
2007.3788,0.1980457971014493,4.227261449275362,1.5633975362318842,2.590439855072464
2007.38154,0.1198394285714286,4.193395428571429,1.5634238571428571,2.591312285714286
2007.38428,0.12763774647887324,4.130948028169014,1.564166338028169,2.5925067605633805
2007.38702,0.13323222222222222,4.065763055555555,1.5646231944444446,2.593048611111111
2007.38976,0.11387780821917808,4.040418630136986,1.5643876712328766,2.59338602739726
2007.3925,0.08039675675675677,4.025542972972973,1.5651386486486487,2.5945040540540543
2007.39524,0.04064746666666667,3.968130533333333,1.5655812,2.5950796
2007.39798,0.008982631578947374,3.930084210526316,1.565258552631579,2.5953769736842105
2007.40072,-0.04406857142857143,3.8897142857142857,1.5649112987012987,2.5954668831168832
2007.40346,-0.09406820512820513,3.8546358974358976,1.5651929487179486,2.596047435897436
2007.4062,-0.13298025316455697,3.8171796202531643,1.5650969620253166,2.596048734177215
2007.40894,-0.163567625,3.8123253749999995,1.56560775,2.5980877500000004
2007.41168,-0.1970085185185185,3.7819334567901235,1.5653361728395063,2.597854938271605
2007.41442,-0.2399762195121951,3.7418559756097562,1.565164268292683,2.5978153658536587
2007.41716,-0.2735360240963855,3.725900722891566,1.5656251807228916,2.598443855421687
2007.4199,-0.3098572619047619,3.7063490476190477,1.565529761904762,2.598965833333333
2007.42264,-0.34865423529411765,3.663692705882353,1.5660503529411767,2.600072588235294
2007.42538,-0.36923593023255813,3.6232608139534888,1.5669436046511627,2.6019762790697674
2007.42812,-0.3941040229885058,3.548608965517241,1.5670264367816091,2.60213908045977
2007.43086,-0.4389646590909091,3.466517272727273,1.5669048863636363,2.602280681818182
2007.4336,-0.4760091011235955,3.431056853932584,1.566828988764045,2.602263595505618
2007.43634,-0.5112534444444444,3.3971176666666665,1.5671506666666668,2.602964666666667
2007.43908,-0.5307714285714286,3.3480205494505495,1.5688357142857143,2.605205164835165
2007.44182,-0.5577321739130435,3.3206346739130432,1.5692807608695651,2.605725217391304
2007.44456,-0.5734241935483871,3.311614623655914,1.57884311827957,2.619067311827957
2007.45004,-0.6011367021276596,3.297836914893617,1.578617234042553,2.618790744680851
2007.45278,-0.6361718947368421,3.2701807368421054,1.5785032631578946,2.6189732631578946
2007.45552,-0.6594884375,3.2437465625,1.5781928125,2.6188476041666666
2007.45826,-0.6822631958762887,3.2171047422680417,1.5781774226804124,2.6193271134020617
2007.461,-0.7087270408163266,3.196741326530612,1.5778636734693878,2.618980714285714
2007.46374,-0.7172934343434344,3.1859003030303032,1.5778133333333333,2.6192627272727274
2007.46648,-0.7424093,3.1637261,1.5776622,2.6192930000000003
2007.46922,-0.7761375247524752,3.152089900990099,1.577488811881188,2.619657722772277
2007.47196,-0.8094699019607843,3.1403092156862744,1.577518431372549,2.620256568627451
2007.4747,-0.825602427184466,3.151718446601942,1.5776093203883497,2.6202613592233006
2007.47744,-0.8464543269230769,3.1502639423076926,1.5778452884615386,2.620828076923077
2007.48018,-0.867033619047619,3.108322857142857,1.5779434285714284,2.621310761904762
2007.48292,-0.8721876415094341,3.0908522641509433,1.577907641509434,2.621421603773585
2007.48566,-0.8875357943925234,3.0842502803738316,1.5778368224299066,2.6218609345794395
2007.4884,-0.9147578703703704,3.0902797222222222,1.5776966666666667,2.6217225
2007.49114,-0.9273252293577982,3.0344187155963303,1.5783645871559633,2.622898899082569
2007.49388,-0.9435284545454545,2.994327818181818,1.5784072727272727,2.6228654545454546
2007.49662,-0.9625395495495496,2.984481801801802,1.5785179279279278,2.6234976576576576
2007.49936,-0.9831136607142856,2.9630525892857142,1.5784448214285713,2.623486875
2007.5021,-1.0002800884955751,2.9384893805309735,1.578271681415929,2.6234218584070796
2007.50484,-1.0113214912280701,2.918067543859649,1.5781127192982458,2.623196052631579
2007.50758,-1.0206411304347827,2.9037052173913045,1.5780119130434784,2.6231614782608697
2007.51032,-1.0160162931034482,2.888314568965517,1.5781102586206897,2.623087672413793
2007.51306,-1.0222233333333335,2.8612211965811967,1.5781090598290597,2.6231334188034188
2007.5158,-1.0277156779661016,2.8207140677966103,1.5780971186440678,2.6232957627118645
2007.51854,-1.0562087394957984,2.778341512605042,1.578021176470588,2.623132268907563
2007.52128,-1.0619775833333334,2.7530917500000003,1.5781055833333333,2.6232790833333337
2007.52402,-1.0705570247933884,2.716957603305785,1.5787985950413224,2.623842892561983
2007.52676,-1.0770002459016392,2.686116639344262,1.5789795081967213,2.6238931967213115
2007.5295,-1.0995832520325204,2.6332730081300815,1.5793334146341464,2.624205284552845
2007.53224,-1.102681693548387,2.5754187903225807,1.5796508064516128,2.624462741935484
2007.53498,-1.1211392,2.53300216,1.57988168,2.6247160800000002
2007.53772,-1.1437964285714286,2.487988968253968,1.580048253968254,2.62472126984127
2007.54046,-1.1518297637795274,2.437495590551181,1.5802623622047245,2.6249685826771656
2007.5432,-1.169996015625,2.385392734375,1.580264296875,2.625007734375
2007.54594,-1.1893773643410852,2.325260387596899,1.5804043410852713,2.625248992248062
2007.54868,-1.2055996153846154,2.2615531538461537,1.5804345384615386,2.6250724615384615
2007.55142,-1.2044908396946565,2.1768108396946566,1.5807070992366412,2.625356488549618
2007.55416,-1.2134420454545456,2.1149244696969696,1.583077196969697,2.6280713636363635
2007.5569,-1.2126606015037595,2.0654686466165413,1.5833257894736843,2.62797007518797
2007.55964,-1.2150257462686567,2.0074375373134328,1.5835042537313433,2.627927686567164
2007.56238,-1.2339120000000001,1.9636512592592592,1.583566962962963,2.6279542962962963
2007.56512,-1.2439622794117646,1.91064125,1.5835538970588234,2.6277204411764705
2007.56786,-1.2498591240875914,1.8573466423357665,1.5835874452554746,2.62759102189781
2007.5706,-1.2620696376811593,1.8106576811594202,1.5836481884057971,2.627530362318841
2007.57334,-1.2738100719424459,1.758244820143885,1.583616474820144,2.627503741007194
2007.57608,-1.2811047857142857,1.7096949285714287,1.5837125,2.6274995000000003
2007.57882,-1.2884739007092199,1.6553230496453901,1.583897375886525,2.627255319148936
2007.58156,-1.2958172535211268,1.6000267605633802,1.583855633802817,2.6270037323943662
2007.5843,-1.3068346853146855,1.5496856643356645,1.5838144755244754,2.6268094405594407
2007.58704,-1.319123263888889,1.509363125,1.5839329166666667,2.627119861111111
2007.58978,-1.3254704827586206,1.4699071034482758,1.5837952413793104,2.626863793103448
2007.59252,-1.327327191780822,1.4289846575342466,1.58428698630137,2.6271906164383565
2007.59526,-1.3405605442176871,1.3798366666666668,1.585031768707483,2.6279314965986393
2007.598,-1.3483453378378378,1.3353460135135136,1.5850012162162164,2.6280077027027025
2007.60074,-1.3656637583892617,1.2911169798657718,1.5847661073825505,2.6277525503355705
2007.60348,-1.3752784666666666,1.2461842666666667,1.5847971333333333,2.6276648666666667
2007.60622,-1.3889782781456952,1.204283774834437,1.5848193377483444,2.6275681456953643
2007.60896,-1.4024917763157896,1.1764411184210526,1.584799407894737,2.6275132236842103
2007.6117,-1.4154108496732027,1.1389624183006535,1.5849044444444444,2.627408758169935
2007.61444,-1.433156168831169,1.1025158441558442,1.5848263636363638,2.6273755194805197
2007.61718,-1.4476343225806452,1.0782750322580645,1.5857672903225806,2.628652516129032
2007.61992,-1.4563825000000001,1.0628641666666667,1.5866553846153846,2.629972307692308
2007.62266,-1.4676057324840763,1.0213565605095543,1.5872566242038215,2.6307658598726116
2007.6254,-1.492921582278481,0.9942794303797468,1.5876246835443037,2.6317051265822786
2007.62814,-1.5062150943396226,0.9526057232704404,1.5881962264150944,2.632748616352201
2007.63088,-1.5287804375,0.9137154375,1.588760625,2.633654125
2007.63362,-1.5381342857142857,0.8650535403726708,1.5891362111801242,2.634223602484472
2007.63636,-1.5507805555555556,0.8337763580246914,1.589467901234568,2.6346625925925924
2007.6391,-1.5581617177914109,0.8116190797546013,1.5898189570552148,2.635171717791411
2007.64184,-1.568197256097561,0.7795003048780488,1.589979451219512,2.635562073170732
2007.64458,-1.5812934545454544,0.7416132121212121,1.5905390909090908,2.636581575757576
2007.64732,-1.5943709036144578,0.7006464457831325,1.5912836144578313,2.637199638554217
2007.65006,-1.6127892215568862,0.6433858083832336,1.5922630538922158,2.6387128143712575
2007.6528,-1.6220006547619046,0.6083247023809524,1.5927839285714285,2.6392650595238094
2007.65554,-1.6343639053254437,0.5774772781065088,1.59319325443787,2.639601479289941
2007.65828,-1.6458997647058822,0.5427633529411765,1.593672588235294,2.6399881764705886
2007.66102,-1.6683888888888887,0.49387058479532164,1.594138888888889,2.6405502339181286
2007.66376,-1.678291395348837,0.44796494186046515,1.5948956976744186,2.6412309883720932
2007.6665,-1.6882359537572253,0.4063818497109827,1.5954231213872831,2.64161936416185
2007.66924,-1.7119402298850572,0.36301229885057473,1.5958713218390803,2.6421358620689657
2007.67198,-1.7159683428571428,0.3251669714285714,1.5963798285714286,2.642602514285714
2007.67472,-1.7297522727272727,0.27624596590909095,1.597352556818182,2.643640625
2007.67746,-1.7455264971751412,0.23329158192090396,1.5981776836158192,2.64460615819209
2007.6802,-1.7552881460674157,0.18491949438202251,1.5986289325842697,2.645120168539326
2007.68294,-1.7679579329608939,0.14029458100558662,1.5991178212290504,2.6456456424581005
2007.68568,-1.782926277777778,0.08551544444444445,1.5996153888888889,2.646156722222222
2007.68842,-1.7926467955801104,0.03636922651933702,1.6002269613259668,2.6467981215469614
2007.69116,-1.807282912087912,-0.01737983516483516,1.6006430219780219,2.647204285714286
2007.6939,-1.8192349180327867,-0.06478191256830601,1.601103224043716,2.647690054644809
2007.69664,-1.8353944021739128,-0.10594597826086956,1.6015515217391303,2.6481956521739134
2007.69938,-1.836309351351351,-0.15477313513513513,1.6020224864864865,2.6486043243243245
2007.70212,-1.8437256451612904,-0.21344629032258064,1.6023925806451613,2.6489672580645163
2007.70486,-1.8447956684491977,-0.2659250802139037,1.6028676470588235,2.649869144385027
2007.7076,-1.8521313297872342,-0.30324989361702126,1.6034459574468085,2.6504014893617023
2007.71034,-1.8642469312169312,-0.3521426984126984,1.6042538095238097,2.6511885714285714
2007.71308,-1.8806143684210526,-0.39142615789473684,1.6046111052631578,2.651222684210526
2007.71582,-1.8781197382198953,-0.4328427748691099,1.6045848691099476,2.651344973821989
2007.71856,-1.8860681770833334,-0.46930718749999994,1.6046715625,2.651249739583333
2007.7213,-1.8934009844559583,-0.49019689119170984,1.6048365284974093,2.651259067357513
2007.72404,-1.9008957216494846,-0.5313506185567011,1.604947319587629,2.651347577319588
2007.72678,-1.905914,-0.57099,1.6050243076923076,2.651135487179487
2007.72952,-1.9116762244897958,-0.6065297448979592,1.6051849489795917,2.651365
2007.73226,-1.9208231472081216,-0.6480044162436548,1.6052341116751268,2.6518731979695436
2007.735,-1.9293578787878787,-0.6841460101010101,1.6051799494949495,2.6517160101010098
2007.73774,-1.9297670351758793,-0.7182510552763819,1.6052414572864322,2.6520009547738694
2007.74048,-1.9295375,-0.7652900499999999,1.6054105,2.6521369499999996
2007.74322,-1.928165223880597,-0.8192826865671641,1.6056728358208956,2.652416965174129
2007.74596,-1.9327684653465345,-0.8625786138613861,1.6060018811881187,2.6526713861386138
2007.7487,-1.9266272413793102,-0.920521921182266,1.6063590147783253,2.6530217733990145
2007.75144,-1.9194240686274509,-0.9744069607843138,1.6071867156862745,2.653813529411765
2007.75418,-1.927003756097561,-1.0175273170731707,1.6079380975609756,2.65453756097561
2007.75692,-1.9307529611650487,-1.05905427184466,1.6080582524271845,2.6545378155339807
2007.75966,-1.928461497584541,-1.1027645893719806,1.6081218840579712,2.6545455072463766
2007.7624,-1.9320289903846155,-1.1204488461538462,1.6080442307692309,2.654538317307692
2007.76514,-1.9217636842105263,-1.1749926315789472,1.6084848325358854,2.6546195215311004
2007.76788,-1.9120584285714284,-1.1998931904761905,1.6091818095238095,2.655761904761905
2007.77062,-1.8963554976303318,-1.2089700473933649,1.6099927962085308,2.6568570142180095
2007.77336,-1.9017539150943397,-1.212711320754717,1.6101538679245284,2.657818443396226
2007.7761,-1.899942394366197,-1.230746103286385,1.610205868544601,2.6578538497652584
2007.77884,-1.9015734112149534,-1.2426404205607477,1.610203878504673,2.657723598130841
2007.78158,-1.907971023255814,-1.2493171162790697,1.6101013023255815,2.6575015813953486
2007.78432,-1.912652361111111,-1.269668148148148,1.6101233796296297,2.6575521759259257
2007.78706,-1.9153323963133642,-1.2885689400921658,1.6098813824884795,2.6574251152073733
2007.7898,-1.92264876146789,-1.3072917889908255,1.6100560550458713,2.6575179357798167
2007.79254,-1.922962602739726,-1.3240856621004566,1.6103395433789953,2.6578978538812783
2007.79528,-1.9239285000000002,-1.3397087272727273,1.6106377727272727,2.658435090909091
2007.79802,-1.935854298642534,-1.3716293212669683,1.6109448416289591,2.658932669683258
2007.80076,-1.907582927927928,-1.403320945945946,1.6111803603603603,2.659176351351351
2007.8035,-1.9085099551569507,-1.425569147982063,1.612389596412556,2.66085932735426
2007.80624,-1.9013771874999998,-1.4344602678571428,1.6125938392857144,2.6611334374999998
2007.80898,-1.8970770666666665,-1.4347701333333334,1.6127396888888887,2.6612547555555555
2007.81172,-1.8813374778761063,-1.4346259734513274,1.61298,2.661443053097345
2007.81446,-1.858684052863436,-1.4543200881057268,1.61305,2.6615890308370043
2007.8172,-1.8532823245614034,-1.4531704385964912,1.6131417105263157,2.6617
2007.81994,-1.848609344978166,-1.460825633187773,1.6129936681222707,2.6616353711790395
2007.82268,-1.840555608695652,-1.470840347826087,1.6128745652173913,2.661591347826087
2007.82542,-1.8230611255411255,-1.463474025974026,1.612982380952381,2.661953852813853
2007.82816,-1.8234764224137932,-1.4654341379310345,1.6128972844827585,2.661895603448276
2007.8309,-1.8179357081545064,-1.4701628755364808,1.6127309871244635,2.661752017167382
2007.83364,-1.8133230341880342,-1.4799751282051283,1.612604188034188,2.6618331623931626
2007.83638,-1.8026052765957445,-1.4881422127659574,1.6123322553191488,2.6616518297872345
2007.83912,-1.7906990254237287,-1.5021511016949152,1.6121381355932205,2.661543686440678
2007.84186,-1.782530717299578,-1.5158013080168777,1.6119832067510549,2.661585738396625
2007.8446,-1.7806288655462186,-1.5188452100840337,1.6117279831932771,2.661401260504202
2007.84734,-1.7757851046025106,-1.5238720502092051,1.611480251046025,2.661244058577406
2007.85008,-1.771177875,-1.5320028333333333,1.611266375,2.6611907083333337
2007.85282,-1.7665884647302905,-1.545846265560166,1.6112496680497925,2.6613547717842323
2007.85556,-1.7598885537190083,-1.5520257024793387,1.6115801652892563,2.6620195454545454
2007.8583,-1.7574581069958848,-1.5598168724279835,1.6117927160493828,2.662444691358025
2007.86104,-1.7462938114754099,-1.567712213114754,1.611601926229508,2.662324262295082
2007.86378,-1.7331189387755104,-1.5775227346938776,1.6115788979591839,2.662562612244898
2007.86652,-1.7227994715447155,-1.5802616666666667,1.6112974390243902,2.662511463414634
2007.86926,-1.7141914170040486,-1.582091781376518,1.6112294736842105,2.6624731578947367
2007.872,-1.6948426209677419,-1.587104758064516,1.6113057258064516,2.6625343951612903
2007.87474,-1.6849106024096385,-1.5917240562248995,1.6113967068273092,2.662533373493976
2007.87748,-1.66876636,-1.58949444,1.61127828,2.6624831600000003
2007.88022,-1.6578546613545815,-1.58046187250996,1.6111100796812747,2.6623659362549805
2007.88296,-1.6469862301587301,-1.5636518253968255,1.6109179761904762,2.662225238095238
2007.8857,-1.6409510671936758,-1.5460141897233202,1.610767628458498,2.662176837944664
2007.88844,-1.6294637401574803,-1.5284918503937006,1.6105232677165353,2.661983464566929
2007.89118,-1.6162785882352941,-1.5153932156862746,1.6103157647058823,2.661773529411765
2007.89666,-1.604375546875,-1.50478953125,1.61230703125,2.6653321484375
2007.8994,-1.5689408527131783,-1.4942367829457364,1.6164010465116279,2.671579689922481
2007.91036,-1.549234942084942,-1.4918444787644787,1.6167685714285716,2.672654247104247
2007.9131,-1.539945153846154,-1.4760773076923077,1.6165361153846154,2.672377730769231
2007.91584,-1.5301061685823754,-1.4599827203065134,1.616354214559387,2.67220938697318
2007.91858,-1.5181403053435114,-1.4575873664122136,1.616319427480916,2.6720716793893127
2007.92132,-1.490794258555133,-1.468890836501901,1.6165316730038022,2.6726192395437263
2007.92406,-1.4859662878787878,-1.4572526515151516,1.6166169696969697,2.672859696969697
2007.9268,-1.4590995849056603,-1.4375023018867925,1.6164567169811321,2.672657283018868
2007.92954,-1.4502321804511278,-1.4187425939849625,1.6162785338345864,2.6724563909774433
2007.93228,-1.446693670411985,-1.4081308988764045,1.6161684269662921,2.6723722097378277
2007.93502,-1.4363199253731342,-1.3876469402985074,1.615968917910448,2.672179589552239
2007.93776,-1.4278517100371746,-1.371500223048327,1.6159175464684015,2.6722742750929367
2007.9405,-1.4039850184501845,-1.3444960885608854,1.6244279704797049,2.684090258302583
2007.9542,-1.38259625,-1.3431632720588236,1.6321591544117648,2.6941484558823525
2007.95694,-1.3601038095238094,-1.3212230036630035,1.6320865201465202,2.694166923076923
2007.95968,-1.3423013868613138,-1.3172421532846716,1.6325438686131388,2.6953191240875913
2007.96242,-1.3244323636363637,-1.290232109090909,1.633266290909091,2.6967146181818182
2007.96516,-1.2980192028985507,-1.2829359420289856,1.633439420289855,2.6969799275362316
2007.9679,-1.2790064259927798,-1.2682411913357399,1.634318772563177,2.6983426714801446
2007.97064,-1.2636343165467627,-1.2480586690647482,1.6341160791366907,2.698351258992806
2007.97338,-1.2536486738351253,-1.2292466308243728,1.634065340501792,2.698381827956989
2007.97612,-1.2371132142857144,-1.2124725714285713,1.6339377142857143,2.6983682499999997
2007.97886,-1.2239448398576511,-1.190365943060498,1.6337566548042706,2.6984040213523133
2007.9816,-1.210653829787234,-1.1758452127659573,1.633558829787234,2.698417730496454
2007.98434,-1.196015335689046,-1.1700348763250883,1.633479293286219,2.6984856890459366
2007.98708,-1.186445,-1.1507725352112674,1.6332927816901408,2.698580246478873
2007.98982,-1.1725456140350876,-1.142178701754386,1.633286210526316,2.6989007719298246
2007.99256,-1.1655374125874127,-1.1215505944055943,1.6331595454545456,2.69909
2007.9953,-1.1563239721254355,-1.1031359233449478,1.6329805574912892,2.6992725435540073
2007.99804,-1.1392025694444443,-1.077196388888889,1.6326525694444445,2.699112048611111
2008.00078,-1.1221964705882352,-1.0431457093425605,1.6325338062283739,2.69915491349481
2008.00352,-1.1125424137931035,-1.0147816206896552,1.6324158620689655,2.699282310344828
2008.00626,-1.1006972508591066,-0.9960317182130585,1.6321500343642612,2.6991234364261167
2008.009,-1.0928889726027398,-0.9632561643835617,1.6318642465753426,2.6989656506849315
2008.01174,-1.0909909215017066,-0.9357043344709897,1.6315847440273037,2.698803686006826
2008.01448,-1.072548231292517,-0.9047311224489796,1.6312811904761906,2.698632380952381
2008.01722,-1.0630918644067797,-0.8841340338983051,1.6310530169491526,2.6985925762711864
2008.01996,-1.0518145270270272,-0.861159222972973,1.6309639527027027,2.6988855743243243
2008.0227,-1.0407009427609428,-0.8373997643097643,1.6306398316498316,2.698855521885522
2008.02544,-1.0327763087248323,-0.8248131879194631,1.6306253691275168,2.6988721476510067
2008.02818,-1.01080127090301,-0.8112807357859532,1.6304620401337793,2.6986983277591974
2008.03092,-0.9862163333333333,-0.7854918333333333,1.6303167666666667,2.6985923
2008.03366,-0.9676720930232557,-0.7689905980066445,1.6303035215946844,2.6989826245847177
2008.0364,-0.9525125165562913,-0.7464595695364239,1.6301681456953643,2.699008774834437
2008.03914,-0.9483443564356436,-0.7346317491749175,1.6303444554455446,2.6993088448844884
2008.04188,-0.9270821710526317,-0.6929738486842105,1.630201480263158,2.6995361184210527
2008.04462,-0.9190940983606557,-0.6725366885245901,1.629921737704918,2.699434131147541
2008.04736,-0.9133545751633986,-0.6455141503267974,1.62966045751634,2.6991769934640524
2008.0501,-0.8923009120521173,-0.627084625407166,1.6293386970684038,2.69894657980456
2008.05284,-0.8572153896103896,-0.6092877597402597,1.6291966883116882,2.698832532467532
2008.05558,-0.8499688673139159,-0.5803763430420712,1.6288497087378642,2.698530064724919
2008.05832,-0.8355758064516129,-0.5580869354838709,1.6284392580645162,2.698155129032258
2008.06106,-0.8210183279742765,-0.5364296463022509,1.6280887459807074,2.697782604501608
2008.0638,-0.8067916025641025,-0.5127861858974359,1.6278220512820512,2.6976047435897437
2008.06654,-0.7875218530351438,-0.483245910543131,1.627492012779553,2.697339552715655
2008.06928,-0.7698368789808917,-0.46662312101910824,1.6271397770700637,2.697080955414013
2008.07202,-0.7575342857142857,-0.4458963492063492,1.626914984126984,2.6967946984126985
2008.07476,-0.7469110759493671,-0.42645585443037975,1.6265506962025316,2.6964421202531645
2008.0775,-0.7320238801261829,-0.42364274447949524,1.626851072555205,2.69681952681388
2008.08024,-0.7159003773584905,-0.41241654088050317,1.626953459119497,2.697063962264151
2008.08298,-0.6935114420062696,-0.40575915360501563,1.6267959247648902,2.696940470219436
2008.08572,-0.6770439374999999,-0.39433090625,1.6265200624999998,2.69678409375
2008.08846,-0.6509316199376947,-0.38436638629283487,1.6262934890965732,2.6965472274143303
2008.0912,-0.641708447204969,-0.3622153416149068,1.6258904658385094,2.6961972049689438
2008.09394,-0.6268615170278637,-0.34026027863777086,1.6255254179566563,2.695863653250774
2008.09668,-0.5987577160493828,-0.3276136111111111,1.625618209876543,2.6963391358024693
2008.09942,-0.5843101846153846,-0.3111893846153846,1.6254363692307694,2.696276923076923
2008.10216,-0.5657061349693251,-0.29973098159509204,1.6252361042944785,2.6961443251533743
2008.1049,-0.5479959327217125,-0.28806743119266054,1.625044862385321,2.6959937308868502
2008.11038,-0.5203515243902439,-0.26424793313069905,1.6248547865853658,2.6959149848024313
2008.11586,-0.4951400911854103,-0.23783419939577038,1.6247277507598785,2.695939425981873
2008.1186,-0.4707695757575758,-0.2297406626506024,1.6245706363636363,2.695777831325301
2008.12134,-0.45843175226586097,-0.21269276276276275,1.6243875528700906,2.6956679879879877
2008.12408,-0.44868656626506026,-0.19636371257485027,1.6241672289156626,2.695545
2008.12682,-0.43214429429429424,-0.18870829850746268,1.6239406006006005,2.695340119402985
2008.12956,-0.4184767664670659,-0.17214904761904762,1.6237229341317363,2.695237142857143
2008.1323,-0.406106,-0.1580560534124629,1.6234040298507464,2.695052640949555
2008.13504,-0.3951483928571428,-0.14053757396449704,1.6231400297619047,2.694823727810651
2008.13778,-0.3832738575667656,-0.12559445427728613,1.6228624925816024,2.6945734808259587
2008.14052,-0.36963254437869825,-0.1115951176470588,1.6225113017751478,2.6942885
2008.14326,-0.35823713864306783,-0.09834653958944281,1.6222034808259587,2.694090909090909
2008.146,-0.3510825294117647,-0.08296783625730993,1.6219386470588237,2.6939259356725147
2008.14874,-0.3425536950146627,-0.07360011661807579,1.6216119061583576,2.693681224489796
2008.15148,-0.33342584795321634,-0.06300488372093023,1.6213280116959066,2.6934245058139537
2008.15422,-0.3263252186588921,-0.0469522608695652,1.6211904664723031,2.69344568115942
2008.15696,-0.3168823837209302,-0.029888381502890162,1.620835465116279,2.693288930635838
2008.1597,-0.30298660869565214,-0.02427086455331411,1.6206558840579708,2.6932970893371757
2008.16518,-0.2894744219653179,-0.02976827586206895,1.6221618208092488,2.6973402298850573
2008.19532,-0.27750164265129684,-0.014849340974212021,1.625349711815562,2.702043266475645
2008.19806,-0.27009557471264367,-0.0036495714285714152,1.6249831896551723,2.701740714285714
2008.20628,-0.25673836676217765,0.008554730878186981,1.624695329512894,2.701148328611898
2008.20902,-0.24482628571428572,-0.00020375706214687895,1.6247290857142855,2.701225338983051
2008.21176,-0.23309911680911677,0.011718056338028181,1.6245849857549857,2.701223943661972
2008.2145,-0.22047857954545452,0.01860938202247192,1.6243657954545454,2.701296011235955
2008.21724,-0.2100487252124646,0.02616798319327732,1.6240937677053826,2.7012556582633054
2008.21998,-0.19592943502824858,0.03837986033519554,1.623887966101695,2.7012670670391064
2008.22272,-0.18877160563380282,0.052039025069637895,1.6236439154929578,2.7012184401114205
2008.22546,-0.17523005617977527,0.062322277777777796,1.6234262359550562,2.701110277777778
2008.2282,-0.16346207282913164,0.0791552077562327,1.623099299719888,2.7010069806094186
2008.23094,-0.1537377094972067,0.09265477900552488,1.6228452793296089,2.70091273480663
2008.23368,-0.13454963788300836,0.09631964187327825,1.6226919220055709,2.700916473829201
2008.23642,-0.1191017222222222,0.10292862637362639,1.622560611111111,2.7008821703296704
2008.23916,-0.1136315789473684,0.11473427397260275,1.6223806925207758,2.700835397260274
2008.2419,-0.09865872928176794,0.10771035519125685,1.6221841712707183,2.7009527595628415
2008.24464,-0.09546005509641872,0.11371926430517712,1.6220798898071627,2.701237111716621
2008.24738,-0.08362807692307692,0.11668190217391305,1.6218223626373627,2.7011772282608697
2008.25012,-0.07716799999999999,0.1205309214092141,1.6215836712328768,2.701209349593496
2008.25286,-0.0678554644808743,0.13064559459459463,1.6211933060109291,2.7011706486486484
2008.2556,-0.05991542234332424,0.14117204851752022,1.6207669209809263,2.7009124258760107
2008.25834,-0.04958668478260868,0.151609623655914,1.6204189402173912,2.700750698924731
2008.26108,-0.03886699186991868,0.1494630831099196,1.6201004336043359,2.7006681769437
2008.26382,-0.028045999999999984,0.14941355614973265,1.619763,2.7005532085561494
2008.26656,-0.01114609164420484,0.1437642666666667,1.6194685444743935,2.70047576
2008.2693,0.0026170430107527,0.14631789893617023,1.6193056720430108,2.700558244680851
2008.27204,0.016976407506702425,0.1455396551724138,1.618976487935657,2.700366949602122
2008.27478,0.02405021390374333,0.15122849206349206,1.6186490641711229,2.7002580423280422
2008.27752,0.024152746666666683,0.15837804749340373,1.6183098133333333,2.700072612137203
2008.28026,0.03288750000000001,0.1660031315789474,1.6180366755319149,2.6999205526315793
2008.283,0.04046164456233423,0.17918396325459318,1.6176974801061008,2.6997894750656166
2008.28574,0.045215079365079375,0.18941358638743458,1.6174644444444446,2.6997154450261784
2008.28848,0.054201794195250674,0.18619028720626635,1.6174374670184695,2.7001116187989553
2008.29122,0.07483836842105264,0.187449921875,1.6173737894736842,2.700177317708333
2008.29396,0.07861574803149607,0.1991938961038961,1.6170131758530186,2.699923090909091
2008.2967,0.0863286387434555,0.20113608808290157,1.6166810994764398,2.6997737823834194
2008.29944,0.0867869451697128,0.19095193798449614,1.6165002872062662,2.699915348837209
2008.30218,0.09687546875000001,0.18843626288659793,1.6162574479166667,2.6999055670103096
2008.30492,0.10233735064935066,0.18412629820051413,1.6161447792207793,2.7001291002570693
2008.30766,0.11376036269430052,0.18568458974358973,1.616039274611399,2.7002371282051283
2008.3104,0.1200621188630491,0.19538833759590796,1.615796227390181,2.7001715089514065
2008.31314,0.12166623711340208,0.2028180612244898,1.6155904896907216,2.700157244897959
2008.31588,0.12516421593830335,0.21181302798982188,1.6153073007712084,2.7000452162849875
2008.31862,0.13119789743589744,0.22305926395939088,1.6152637692307692,2.7004997715736043
2008.32136,0.13418772378516625,0.23551944303797467,1.6149991560102301,2.70072617721519
2008.3241,0.13516719387755102,0.24369444444444444,1.6148559948979593,2.7010563131313132
2008.32684,0.14257404580152672,0.24093909319899245,1.6148527989821884,2.7016482115869014
2008.32958,0.15205223350253808,0.24209957286432163,1.61456538071066,2.701549296482412
2008.33232,0.16137589873417724,0.2469083709273183,1.6143213164556962,2.701531829573935
2008.33506,0.16689217171717174,0.2588131,1.6139788636363637,2.7014067749999997
2008.3378,0.17018649874055417,0.27090533665835415,1.613737506297229,2.7013897506234414
2008.34054,0.17096909547738695,0.28142495024875624,1.6134046231155779,2.7012121144278605
2008.34328,0.17528390977443611,0.291949429280397,1.613188245614035,2.701214739454094
2008.34602,0.17394445,0.3040430693069307,1.61286795,2.7010764851485147
2008.34876,0.17242443890274314,0.3112127901234568,1.6126349376558604,2.7009655061728397
2008.3515,0.16930980099502488,0.32105406403940884,1.6124410696517413,2.7009346305418718
2008.35424,0.1659498759305211,0.3323310073710074,1.612172382133995,2.7007716461916464
2008.35698,0.16458908415841583,0.3449300980392157,1.6118703712871287,2.700620759803922
2008.35972,0.16519777777777778,0.34631599022004894,1.611660987654321,2.700553349633252
2008.36246,0.160855,0.3516780243902439,1.6113680049261083,2.700369975609756
2008.3652,0.16357759213759215,0.3546392457420925,1.6110983292383294,2.700258588807786
2008.36794,0.1726640931372549,0.347117645631068,1.610992181372549,2.7002298786407763
2008.37068,0.17557149144254278,0.35142421307506055,1.6107714180929096,2.7000970217917675
2008.37342,0.17397670731707318,0.35577760869565217,1.6105424390243903,2.7000131159420286
2008.37616,0.17487798053527984,0.3696660240963856,1.6105653527980535,2.700214963855422
2008.3789,0.17086990291262139,0.3732358653846154,1.6107982038834951,2.7007670673076922
2008.38164,0.16907474576271186,0.37840726618705034,1.6106108716707022,2.700811247002398
2008.38438,0.16913589371980678,0.3740036842105263,1.6105658454106282,2.700869928229665
2008.38712,0.16319896385542168,0.37547789976133655,1.6103983614457833,2.7007301193317423
2008.38986,0.16191778846153845,0.38153795238095245,1.6102255769230769,2.7005653333333335
2008.3926,0.15735239808153476,0.38992548693586704,1.6102275539568345,2.7007081947743465
2008.39534,0.15449287081339716,0.4000054976303318,1.6101595215311006,2.7007738388625593
2008.39808,0.14960145584725537,0.4005768321513003,1.610122171837709,2.7007373758865247
2008.40082,0.14871830952380954,0.40510950471698115,1.6100122857142856,2.7006575471698113
2008.40356,0.1441698812351544,0.40637435294117646,1.6099694299287413,2.700780752941177
2008.4063,0.14040348341232228,0.4155604929577465,1.609905663507109,2.7007986854460095
2008.40904,0.13401167848699766,0.4212750117096019,1.6097549408983451,2.7006796721311472
2008.41178,0.12957200471698113,0.42860532710280375,1.6096139386792454,2.7006186915887853
2008.41452,0.12276009411764706,0.43474296037296034,1.609416705882353,2.7004827272727274
2008.41726,0.1171536854460094,0.4432241162790698,1.609229366197183,2.7003688372093024
2008.42,0.11237428571428572,0.4482552436194896,1.6090101170960187,2.7001983990719256
2008.42274,0.10894179906542056,0.4499575,1.6089465186915888,2.7003242361111113
2008.42548,0.10140857808857809,0.45225928406466515,1.6087971794871796,2.700264780600462
2008.42822,0.09553113953488374,0.4564075806451613,1.6087846744186047,2.700294193548387
2008.43096,0.10377127610208818,0.4531919770114942,1.6088460324825986,2.7005073333333334
2008.4337,0.09653789351851853,0.4471149541284404,1.6088452546296297,2.7005395871559634
2008.43644,0.09191048498845267,0.4486767276887872,1.608788637413395,2.7005189016018307
2008.43918,0.08808993087557605,0.45219025114155253,1.6087557373271888,2.700463196347032
2008.44192,0.0851120459770115,0.447241298405467,1.6088312413793104,2.700744077448747
2008.44466,0.07935405963302752,0.4494716363636364,1.6089034633027521,2.70097125
2008.4474,0.07697693363844395,0.4558641950113379,1.6087977345537758,2.7008730612244896
2008.45014,0.07283650684931507,0.45793821266968326,1.6086779452054796,2.70075443438914
2008.45288,0.06891749430523919,0.4632082844243792,1.6086920501138953,2.70097309255079
2008.45562,0.06642747727272728,0.4694816216216216,1.608619340909091,2.7009794819819817
2008.45836,0.061798911564625865,0.47547283146067415,1.6085325170068028,2.700954719101124
2008.4611,0.05664812217194571,0.4824954484304933,1.6083885067873305,2.7008507623318385
2008.46384,0.05523598194130927,0.48891615212527967,1.6082451467268621,2.70073351230425
2008.46658,0.049787229729729744,0.4953349776785715,1.608133963963964,2.700579017857143
2008.46932,0.04596952808988765,0.5039189532293987,1.6080232808988766,2.700507416481069
2008.47206,0.043787600896861,0.5113714444444445,1.608015807174888,2.700607022222222
2008.4748,0.03607834451901567,0.5151921951219512,1.6078717225950783,2.7004879379157427
2008.47754,0.030731450892857153,0.5212504646017699,1.60769703125,2.7003047345132742
2008.48028,0.02608748329621382,0.5321473068432672,1.6075797995545655,2.7001800441501103
2008.48302,0.021081755555555564,0.5367516519823788,1.6075451111111112,2.700249008810573
2008.48576,0.014415121951219523,0.5407950769230769,1.6075754545454546,2.7002737362637363
2008.4885,0.008277809734513284,0.5452856798245614,1.6074254867256639,2.700126337719298
2008.49124,0.0008053863134657936,0.548719409190372,1.6074166445916116,2.7002319912472648
2008.49398,-0.002475704845814968,0.5550879257641922,1.6073573788546254,2.7001356986899565
2008.49672,-0.0078787912087912,0.5635419607843138,1.607455010989011,2.7003279956427018
2008.49946,-0.011247390350877183,0.5649570652173913,1.607465701754386,2.7003690000000002
2008.5022,-0.011813676148796488,0.5673703470715835,1.607484682713348,2.7004832104121475
2008.50494,-0.01645626637554584,0.5606108441558442,1.6075563755458515,2.700660173160173
2008.50768,-0.020375098039215677,0.5558977969762419,1.6074863616557733,2.7005473866090717
2008.51042,-0.026627065217391294,0.5528408189655173,1.6074028260869566,2.700421831896552
2008.51316,-0.04001861171366593,0.5488620430107527,1.60747147505423,2.70040264516129
2008.5159,-0.04584203463203462,0.5477324034334764,1.6073855844155842,2.7003076394849788
2008.51864,-0.052135075593952473,0.5463870449678802,1.6075144492440605,2.700404047109208
2008.52138,-0.061177025862068954,0.5447461324786325,1.6075303017241378,2.7004540384615385
2008.52412,-0.07137380645161288,0.5448648827292111,1.6075187311827956,2.7004415138592752
2008.52686,-0.07772227467811157,0.5455107659574469,1.6075454291845495,2.700435574468085
2008.5296,-0.08574394004282654,0.5454702547770701,1.6074357601713063,2.7002892569002124
2008.53234,-0.09779724358974358,0.5416804237288135,1.6074897222222222,2.700303220338983
2008.53508,-0.10706420042643922,0.5393796617336153,1.6074484861407248,2.700193572938689
2008.53782,-0.11480891489361701,0.5366455485232068,1.6073316170212766,2.700048691983122
2008.54056,-0.1212852441613588,0.5364871578947369,1.607174713375796,2.6999173684210525
2008.5433,-0.12960082627118644,0.5332159663865547,1.6070508262711865,2.699731680672269
2008.54604,-0.13719008456659618,0.5291618448637316,1.6069516701902749,2.699762788259958
2008.54878,-0.14163567510548522,0.523731359832636,1.6068771097046415,2.6997937656903765
2008.55152,-0.14864538947368422,0.5199127974947808,1.6069368,2.6997603966597077
2008.55426,-0.15722084033613445,0.5140158541666666,1.6069507983193279,2.699659875
2008.557,-0.16159907756813416,0.5089126611226611,1.606828679245283,2.699518212058212
2008.55974,-0.16786083682008365,0.5013472199170125,1.6067576569037658,2.699549439834025
2008.56248,-0.17001519832985387,0.4947696066252588,1.6067294363256783,2.6994786542443063
2008.56522,-0.17877533333333331,0.4861427272727273,1.6066483125,2.6993477685950413
2008.56796,-0.182547027027027,0.4797761443298969,1.606583388773389,2.6992459793814434
2008.5707,-0.18760821576763487,0.4727958436213992,1.6064870539419087,2.699154094650206
2008.57344,-0.1980440579710145,0.4640495277207392,1.60647016563147,2.6993215605749485
2008.57618,-0.2051786776859504,0.45536774590163936,1.606469111570248,2.69937487704918
2008.57892,-0.21284898969072163,0.44473576687116567,1.606460206185567,2.6995066053169734
2008.58166,-0.2180928395061728,0.4321716734693878,1.6063596913580247,2.6994274897959185
2008.5844,-0.22637691991786446,0.41741026476578413,1.606314455852156,2.6994082077393076
2008.58714,-0.2334222950819672,0.40836333333333336,1.6061963934426229,2.6992670934959353
2008.58988,-0.24084188139059304,0.4024037931034483,1.60619591002045,2.69923261663286
2008.59262,-0.24785379591836734,0.39219914979757087,1.6061642653061223,2.699164048582996
2008.59536,-0.25377010183299387,0.38380945454545456,1.6060886965376782,2.699058464646465
2008.5981,-0.2590080487804878,0.3727277822580645,1.60603412601626,2.6990153225806455
2008.60084,-0.26556365111561864,0.3592460160965795,1.6061372413793102,2.699216820925553
2008.60358,-0.26911514170040485,0.34628626506024096,1.6062322064777328,2.699429859437751
2008.60632,-0.2749635555555555,0.3348593987975952,1.606265090909091,2.6995434268537073
2008.60906,-0.28573008064516126,0.32054824000000004,1.6063132258064516,2.69961962
2008.6118,-0.2914393561368209,0.308573632734531,1.6062613078470824,2.699603413173653
2008.61454,-0.29598730923694777,0.29966065737051795,1.606207048192771,2.699627111553785
2008.61728,-0.2993348296593186,0.28963998011928427,1.6061326052104208,2.699644592445328
2008.62002,-0.30494311999999996,0.2734269047619048,1.60615772,2.69966505952381
2008.62276,-0.311808622754491,0.26122655445544557,1.606144630738523,2.699670217821782
2008.6255,-0.3187266135458167,0.24635701581027672,1.6060935657370516,2.699620632411067
2008.62824,-0.323925407554672,0.23691102564102567,1.6062198011928428,2.69982607495069
2008.63098,-0.3313934126984127,0.22433488188976378,1.606201626984127,2.699933818897638
2008.63372,-0.3367092277227723,0.2121048133595285,1.6059012871287128,2.699823575638507
2008.63646,-0.3431128656126482,0.19090503921568627,1.6057756719367589,2.6999339215686273
2008.6392,-0.3464499802761341,0.173477084148728,1.6055175147928995,2.6998301369863014
2008.64194,-0.35097883858267714,0.16789453125,1.605260374015748,2.6997537890625
2008.64468,-0.35652345776031436,0.1606319883040936,1.6049417485265225,2.69961179337232
2008.64742,-0.35505041176470586,0.15310585603112842,1.6047890588235294,2.6996768093385217
2008.65016,-0.3625421917808219,0.13950798058252425,1.60455228962818,2.69958627184466
2008.6529,-0.36551808593749996,0.12154854651162791,1.604391015625,2.699665988372093
2008.65564,-0.36729584795321635,0.10785346228239846,1.6041981091617934,2.6996085493230173
2008.65838,-0.37159603112840467,0.09541972972972974,1.6040653696498055,2.6998512162162163
2008.66386,-0.37177302912621357,0.08103607692307693,1.6038565436893204,2.69973925
2008.6666,-0.3749940697674419,0.0707541650671785,1.603614011627907,2.6996614395393475
2008.66934,-0.3776322050290135,0.063184061302682,1.6034019535783366,2.6995662643678164
2008.67208,-0.3803124324324324,0.05523562141491396,1.6032373938223938,2.699600841300191
2008.67482,-0.38173200385356454,0.04510568702290077,1.60308816955684,2.6996147328244278
2008.67756,-0.3847558846153846,0.03729051428571429,1.6030520961538461,2.699903942857143
2008.6803,-0.3904554510556622,0.03062863117870723,1.6028403071017274,2.699811939163498
2008.68304,-0.3953191570881226,0.02424058823529413,1.6025927586206896,2.699685275142315
2008.68578,-0.40033267686424473,0.015490378787878798,1.6024142829827916,2.6996726893939393
2008.68852,-0.40660774809160305,0.009236370510396984,1.602185496183206,2.6995903780718336
2008.69126,-0.41078668571428567,-0.000848754716981122,1.601964838095238,2.6996215471698113
2008.694,-0.4153168060836502,-0.009860131826741987,1.6017740494296577,2.69950197740113
2008.69674,-0.41909174573055025,-0.02234515037593984,1.6015260341555977,2.699353947368421
2008.69948,-0.42526352272727275,-0.03315482176360224,1.6013367992424241,2.6992872795497185
2008.70222,-0.4280756332703214,-0.04195771535580524,1.6010809262759924,2.699117172284644
2008.70496,-0.4321697358490566,-0.05398192523364485,1.6008308301886793,2.699010953271028
2008.7077,-0.4362353860640301,-0.06541089552238805,1.6005864595103578,2.698867817164179
2008.71044,-0.4395359022556391,-0.07895001862197391,1.6003956390977443,2.6987595903165733
2008.71318,-0.4423082363977486,-0.09264514869888475,1.6002699999999999,2.6988518773234205
2008.71592,-0.4451489887640449,-0.10764382189239331,1.6000113857677902,2.6987440816326527
2008.71866,-0.45012880373831776,-0.12152770370370371,1.599727570093458,2.698605351851852
2008.7214,-0.4539726492537313,-0.1359517560073937,1.5994661753731343,2.69845292051756
2008.72414,-0.4568451582867784,-0.15475064575645756,1.599243668528864,2.698369151291513
2008.72688,-0.46246364312267657,-0.16816721915285449,1.599126059479554,2.698427311233886
2008.72962,-0.466237680890538,-0.1823855882352941,1.5989002968460113,2.6983580330882355
2008.73236,-0.4674793703703704,-0.19766554128440364,1.5986918518518518,2.698274899082569
2008.7351,-0.4669938817005545,-0.21614595238095236,1.5984700739371533,2.698200531135531
2008.73784,-0.47459593001841616,-0.23260335766423357,1.5980313075506445,2.698052591240876
2008.74332,-0.4784333455882353,-0.2451049726775956,1.5978213235294116,2.698021056466302
2008.7488,-0.47990636697247707,-0.25882839999999996,1.5975537431192661,2.6978554
2008.75154,-0.4879792870201097,-0.27955003623188407,1.5970517550274224,2.697626195652174
2008.75428,-0.4942301824817518,-0.29452916817359853,1.5968288321167883,2.6975483725135625
2008.75702,-0.4995076320582878,-0.3149018953068592,1.5965742805100183,2.697479151624549
2008.75976,-0.5024751272727273,-0.32922282882882886,1.5962928727272727,2.697352
2008.7625,-0.5062722867513612,-0.3370318345323741,1.596017114337568,2.697247428057554
2008.76524,-0.5108764855072464,-0.35083973070017954,1.595843786231884,2.6973475583482944
2008.76798,-0.5115473598553345,-0.35660532258064515,1.5955836528028933,2.697248888888889
2008.77072,-0.5123098194945849,-0.3613091413237925,1.5954783574007219,2.697266118067979
2008.77346,-0.5128354234234234,-0.3668801071428571,1.5951647747747748,2.6970058928571428
2008.7762,-0.51402654676259,-0.37293745098039216,1.5948569064748201,2.6967630481283424
2008.77894,-0.512814973070018,-0.379829128113879,1.5945661400359068,2.6965238078291818
2008.78168,-0.5128086021505376,-0.38956666074600355,1.594358512544803,2.6964138188277085
2008.78442,-0.5130331663685151,-0.40216507092198583,1.5940810554561717,2.6962278546099294
2008.78716,-0.5130159999999999,-0.4088781769911504,1.5938273214285714,2.6961704955752213
2008.7899,-0.5120685561497327,-0.4209651060070671,1.5937786452762923,2.696444840989399
2008.79264,-0.5064306761565837,-0.42875543209876543,1.5935467259786478,2.696330335097002
2008.79538,-0.5088467140319716,-0.4338757394366197,1.5932998046181173,2.696170193661972
2008.79812,-0.510000780141844,-0.4389112653778559,1.5930605319148936,2.696010615114236
2008.80086,-0.5106057699115044,-0.45113966666666666,1.5928085840707966,2.695840807017544
2008.8036,-0.5094225441696113,-0.46358968476357265,1.5925395406360425,2.6956715936952715
2008.80634,-0.5083353439153439,-0.467664020979021,1.5922647089947088,2.6954814685314683
2008.80908,-0.5056218309859155,-0.4704519022687609,1.5920602992957746,2.6953510471204187
2008.81182,-0.5053186994727592,-0.4764478397212544,1.5917939894551845,2.6951594599303137
2008.81456,-0.5059132631578948,-0.4824490260869565,1.5916447192982455,2.6952413739130434
2008.8173,-0.5048964273204903,-0.48633215277777775,1.5914246409807355,2.6951761458333334
2008.82004,-0.503357062937063,-0.48714811091854415,1.59120756993007,2.6950738128249565
2008.82278,-0.5019802792321117,-0.4932346020761246,1.5911111692844677,2.6953337197231835
2008.82552,-0.501280905923345,-0.497802677029361,1.5909685540069687,2.69545195164076
2008.82826,-0.49955627826086957,-0.5039825862068965,1.5907312695652174,2.6953231551724137
2008.831,-0.4941624305555556,-0.5108951118760757,1.5905279513888888,2.695208037865749
2008.83374,-0.48888273830155976,-0.5171928178694157,1.590360623916811,2.695127680412371
2008.83648,-0.4861820069204152,-0.5288119897084048,1.590193875432526,2.695026483704974
2008.83922,-0.4801125043177893,-0.53770301369863,1.5900057167530224,2.6949203767123286
2008.87484,-0.480417448275862,-0.5385073504273504,1.5900683448275863,2.6954219487179487
2008.87758,-0.47724987951807224,-0.5379045221843003,1.5898197246127366,2.6952157849829352
2008.88032,-0.4730125773195876,-0.539090800681431,1.5895653951890034,2.694999846678024
2008.88306,-0.4674812006861063,-0.537807074829932,1.5893381475128645,2.694808180272109
2008.8858,-0.45716582191780825,-0.538700882852292,1.5891596061643836,2.694666791171477
2008.89128,-0.44902491467576794,-0.534115668358714,1.5890323720136519,2.694770592216582
2008.89402,-0.4460479386712095,-0.5293541216216215,1.5888162521294718,2.694676739864865
2008.89676,-0.44204891156462583,-0.5227384822934233,1.5885900340136054,2.694544300168634
2008.8995,-0.43956275042444826,-0.5127966498316499,1.5883732258064516,2.6943786531986533
2008.90224,-0.4387851525423729,-0.5091773109243697,1.5881485254237286,2.694198050420168
2008.90498,-0.43569560067681895,-0.5016741610738255,1.5879267512690354,2.69398966442953
2008.90772,-0.4330102027027027,-0.5006735510887772,1.587710016891892,2.6937896984924623
2008.91046,-0.4262766610455312,-0.5032214381270903,1.5875133220910624,2.6936727090301003
2008.9132,-0.42304739057239055,-0.49861225375626045,1.5872958754208755,2.693471385642738
2008.91594,-0.41938709243697475,-0.4895651,1.5870855798319328,2.693280983333333
2008.91868,-0.4191620302013423,-0.48452311148086524,1.5868866610738255,2.6930988851913478
2008.92142,-0.41746381909547736,-0.47775867109634557,1.586660703517588,2.6928969601328907
2008.92416,-0.41279984949832776,-0.4706966169154229,1.5864525250836121,2.6927237645107795
2008.9269,-0.4101415692821369,-0.4616430463576159,1.5862535392320536,2.692556225165563
2008.92964,-0.4097272833333333,-0.4557004132231404,1.58607005,2.692384165289256
2008.93238,-0.40575710482529115,-0.44721138613861383,1.5859485856905158,2.69230402640264
2008.93512,-0.39504443521594684,-0.4495032289950576,1.58574719269103,2.69213294892916
2008.93786,-0.3887256384742952,-0.4520737171052631,1.5855253731343284,2.691987730263158
2008.9406,-0.3813898178807947,-0.450461724137931,1.5853527317880793,2.691921264367816
2008.94334,-0.3749428429752066,-0.45098616393442625,1.585163834710744,2.691849983606557
2008.94608,-0.3724908745874587,-0.44986733224222586,1.5849545709570958,2.691781456628478
2008.94882,-0.364635255354201,-0.4521508496732026,1.5848298517298187,2.691665392156863
2008.95156,-0.3610457401315789,-0.4470158401305057,1.584680427631579,2.691645057096248
2008.95704,-0.355824737704918,-0.42607725203252034,1.5877375901639346,2.6961660650406505
2008.95978,-0.35072428805237316,-0.42574662337662333,1.5875487397708674,2.6961035714285715
2008.96252,-0.34913900326797387,-0.4198287358184765,1.5872710947712418,2.6958966936790922
2008.96526,-0.3452409135399674,-0.41424231391585764,1.5870400163132137,2.695839805825243
2008.968,-0.3397107003257329,-0.4076077059773829,1.5867848208469055,2.6956613570274635
2008.97074,-0.3337530731707317,-0.40386387096774196,1.586604943089431,2.6956521612903224
2008.97348,-0.32946751623376624,-0.39666993558776165,1.5863306331168832,2.6954200966183577
2008.97622,-0.3239933873581848,-0.38832229903536974,1.5860675202593193,2.695213504823151
2008.98992,-0.30776514563106794,-0.3851416506410256,1.5876234789644013,2.697195592948718
2008.99266,-0.30127345718901455,-0.38738697599999994,1.5873817447495961,2.69703392
2008.9954,-0.29661412903225803,-0.38383279552715655,1.587122306451613,2.6968309904153354
2008.99814,-0.2923290338164251,-0.38138566188197764,1.5868903542673107,2.696672854864434
2009.00362,-0.28704028938906756,-0.3837170382165605,1.5866898392282958,2.696537277070064
2009.00636,-0.28373012841091494,-0.3804464228934817,1.5864123434991975,2.6963141017488077
2009.0091,-0.2838057051282051,-0.3762480952380952,1.5861622435897436,2.6960916349206347
2009.01184,-0.276914768,-0.37480477020602215,1.585921088,2.6958625515055465
2009.01458,-0.2632661661341853,-0.3752659335443038,1.5859774920127796,2.696315585443038
2009.0228,-0.2546122966507177,-0.37236587677725114,1.5857597288676235,2.6961257503949447
2009.02828,-0.24134218152866238,-0.36668570078740154,1.586138407643312,2.6966973228346456
2009.03376,-0.2286174244833068,-0.35871433281004705,1.5884601271860097,2.7012467189952902
2009.03924,-0.2125271156893819,-0.3444979186228482,1.5889411251980983,2.7020754773082944
2009.04198,-0.20587731012658225,-0.34078864062499997,1.5886881803797468,2.701818640625
2009.04472,-0.19944137440758292,-0.3378444617784711,1.5884360347551343,2.701567410296412
2009.04746,-0.19244542586750787,-0.3336119470404984,1.588198738170347,2.7013385202492213
2009.0502,-0.18526533858267713,-0.3211639968895801,1.587948157480315,2.701091213063764
2009.05294,-0.17826045597484277,-0.31039913043478257,1.58769036163522,2.700849440993789
2009.05568,-0.1711693720565149,-0.3014412868217054,1.5874373626373626,2.70057503875969
2009.05842,-0.16488205329153605,-0.2942565479876161,1.5873227899686522,2.700518142414861
2009.06116,-0.15869976525821597,-0.2872787171561051,1.5870890923317684,2.700271251931994
2009.0639,-0.154235359375,-0.28285638888888887,1.5868561250000002,2.7000275
2009.06664,-0.14999873634945396,-0.27652010785824344,1.586621887675507,2.699793975346687
2009.06938,-0.14496702492211835,-0.27039103076923077,1.5863745171339565,2.6995327692307693
2009.07212,-0.14120458786936235,-0.26683070660522273,1.5861674961119752,2.69934797235023
2009.07486,-0.13755644409937887,-0.2653196625766871,1.5859393788819875,2.6991094785276073
2009.0776,-0.1305259379844961,-0.2643752679938744,1.5857080155038759,2.698857595712098
2009.08034,-0.12419843653250773,-0.25984050458715596,1.5854872291021673,2.6986323394495413
2009.08308,-0.12098489953632147,-0.2586951603053435,1.585292689335394,2.698452396946565
2009.08582,-0.11671195987654319,-0.2552469207317073,1.585061435185185,2.6982190701219513
2009.08856,-0.10993921417565485,-0.24868436834094368,1.5849093220338983,2.6980988280060885
2009.0913,-0.10505666153846153,-0.24385454407294832,1.584759646153846,2.697880775075988
2009.09404,-0.10010935483870967,-0.2360682094081942,1.5845420122887863,2.6976400455235203
2009.09678,-0.09651630368098159,-0.22952063636363632,1.5843328527607363,2.6974210151515154
2009.09952,-0.09729425727411943,-0.22418954614220876,1.584108744257274,2.6971886838124055
2009.10226,-0.09354090214067277,-0.21856793051359516,1.583891146788991,2.6969408006042297
2009.105,-0.09152584732824426,-0.2147264856711915,1.5836606259541985,2.696670467571644
2009.10774,-0.08863138719512194,-0.21296739457831323,1.5834599085365855,2.696403268072289
2009.11048,-0.08669106544901065,-0.2085339097744361,1.5832501065449012,2.6961576842105264
2009.11322,-0.08373513677811549,-0.20034459459459458,1.583120243161094,2.6960721771771774
2009.11596,-0.08175071320182092,-0.19629266866566714,1.5829386342943852,2.695855487256372
2009.1187,-0.07866484848484848,-0.19382323353293412,1.5827113030303028,2.6956118263473052
2009.12144,-0.07374124054462933,-0.187983019431988,1.5824885022692887,2.695338998505232
2009.12418,-0.07030543806646525,-0.18402441791044774,1.5822740634441088,2.695078462686567
2009.12692,-0.06792235294117646,-0.17605080476900145,1.5820794720965308,2.694841624441133
2009.12966,-0.06326192771084335,-0.17126758928571426,1.5819372138554217,2.6947359523809524
2009.1324,-0.060982556390977424,-0.16600380386329866,1.5817092631578946,2.69445234769688
2009.13514,-0.05734228228228227,-0.16065178041543027,1.5815030180180178,2.6941741394658756
2009.13788,-0.05366356821589204,-0.1552682222222222,1.58128976011994,2.6938762518518518
2009.14062,-0.049377724550898186,-0.1488902366863905,1.5810961976047906,2.6936338461538463
2009.14336,-0.04616011958146486,-0.14015444608567207,1.5809032137518686,2.693392156573117
2009.1461,-0.044225373134328345,-0.13400342182890854,1.5807354925373134,2.693182935103245
2009.14884,-0.038271177347242905,-0.13338599410898377,1.5806080923994037,2.693049086892489
2009.15158,-0.03147470238095237,-0.13227038235294117,1.5804261607142858,2.692825161764706
2009.15432,-0.025653967310549766,-0.1283416152716593,1.580273135215453,2.6926064023494862
2009.15706,-0.02178534124629079,-0.12243904692082108,1.5801148961424334,2.6923544574780056
2009.1598,-0.016599407407407396,-0.1133604978038067,1.579943925925926,2.6921212737920936
2009.16254,-0.01129875739644969,-0.101764649122807,1.579762174556213,2.6918662865497076
2009.16528,-0.007443722304283592,-0.09010338686131385,1.5796091432791728,2.691654700729927
2009.16802,-0.003111976401179928,-0.08091199708454809,1.5795110029498527,2.691510991253644
2009.17076,0.0010007069219440483,-0.0754402328966521,1.5793269366715759,2.691233377001456
2009.1735,0.0034688235294117772,-0.06943497093023253,1.5792295,2.6910571656976745
2009.17624,0.005953069016152729,-0.06696092888243829,1.5793360352422907,2.6909283454281567
2009.17898,0.004910850439882711,-0.0645940724637681,1.5792332697947216,2.690764231884058
2009.18172,0.0077412591508052835,-0.05838602026049202,1.5790525475841874,2.690518234442836
2009.18446,0.010700701754385977,-0.05166702312138726,1.578864912280702,2.6902351734104046
2009.1872,0.014163795620437968,-0.04384043290043288,1.5786871240875913,2.689959581529582
2009.18994,0.017909679300291557,-0.03544275216138326,1.5785005685131195,2.689669279538905
2009.19268,0.021443668122270755,-0.028257726618705015,1.5783164192139738,2.689377597122302
2009.19542,0.023173677325581406,-0.02246117816091952,1.578123546511628,2.6890955890804595
2009.19816,0.027061103047895517,-0.01935414634146339,1.5779330769230768,2.688827632711621
2009.2009,0.032725550724637696,-0.01921734957020055,1.5778612028985508,2.6887014613180518
2009.20364,0.0367815918958032,-0.018477238912732456,1.5777656005788712,2.6886042489270388
2009.20638,0.04254689306358383,-0.01773352857142855,1.5776151011560693,2.6883711
2009.20912,0.04847614718614719,-0.014516562054208253,1.5775348196248196,2.6882154065620543
2009.21186,0.051461354466858795,-0.008678062678062657,1.5773264121037465,2.6879352706552706
2009.2146,0.05602523741007195,-0.007870056899004246,1.5772449352517985,2.687804708392603
2009.21734,0.05719193965517243,-0.004130042613636343,1.5771234770114944,2.687639559659091
2009.22008,0.057517302725968444,0.0005993475177305174,1.5770699139167863,2.687568680851064
2009.22282,0.05835164756446992,0.00293715297450427,1.5769526934097422,2.687452252124646
2009.22556,0.06486875536480688,0.003664370579915155,1.5767611731044349,2.6871708345120227
2009.2283,0.07012427142857144,0.0030053531073446537,1.5767792571428572,2.6872790536723166
2009.23104,0.07068564907275322,0.00933407616361074,1.5765921540656205,2.6870507334273626
2009.23378,0.07272679487179488,0.013730887323943683,1.576494415954416,2.6870461690140846
2009.23652,0.07454295874822192,0.017863558368495097,1.5764458321479375,2.6870545991561183
2009.23926,0.0786507244318182,0.01570793539325845,1.5763883380681818,2.6870068398876406
2009.242,0.07979920567375888,0.02064109396914448,1.5762479858156029,2.686905287517532
2009.24474,0.08277576487252125,0.022094047619047638,1.576311699716714,2.686972044817927
2009.24748,0.08879188118811883,0.024759706293706312,1.5761448514851484,2.6867826293706294
2009.25022,0.09680218926553674,0.028822946927374325,1.5760575564971753,2.686754846368715
2009.25296,0.10288569816643162,0.029728396094839633,1.5760369111424544,2.6866949651324967
2009.2557,0.106402661971831,0.03546000000000002,1.5758657746478875,2.6865131615598883
2009.25844,0.1084167088607595,0.040429485396383885,1.5757738677918423,2.686530792767733
2009.26118,0.1121615870786517,0.04748862500000003,1.5756554073033706,2.6864543888888885
2009.26392,0.11599823281907434,0.05212873786407769,1.5754748106591867,2.686265145631068
2009.26666,0.11777219887955183,0.05900667590027703,1.575307198879552,2.686114764542936
2009.2694,0.11840123076923079,0.06167609958506226,1.5751258181818182,2.6859562932226835
2009.27214,0.11886358938547488,0.06507570441988952,1.5749378351955308,2.6858025
2009.27488,0.11832873082287308,0.06886731034482761,1.5747557043235705,2.685649131034483
2009.27762,0.12174928969359333,0.07024900826446283,1.574579401114206,2.6854771212121213
2009.28036,0.1257401947148818,0.0693573039889959,1.5744407510431153,2.6854219394773042
2009.28584,0.1298892361111111,0.07022592592592594,1.5742812777777777,2.6852149931412894
2009.28858,0.13156063800277393,0.07672556164383564,1.5741045908460471,2.685071917808219
2009.29132,0.13725915512465375,0.0801868946648427,1.5739442659279779,2.6849460601915185
2009.29406,0.13994594744121716,0.0851988661202186,1.5737843845089903,2.684789030054645
2009.2968,0.1413475828729282,0.08909484311050478,1.573607361878453,2.684636630286494
2009.29954,0.1426321379310345,0.09507010899182562,1.573437848275862,2.684511880108992
2009.30228,0.1442436225895317,0.10091345578231295,1.5732582920110192,2.6843707346938777
2009.30502,0.14448605226960112,0.10558331521739132,1.573087977991747,2.684257133152174
2009.30776,0.1446191895604396,0.11270724559023068,1.5729041483516484,2.684093758480326
2009.3105,0.1443238683127572,0.1191248780487805,1.5727295473251028,2.6839329132791327
2009.31324,0.14544842465753424,0.12524096075778082,1.572546712328767,2.683799553450609
2009.31598,0.14592547195622438,0.13031483783783787,1.5723643775649794,2.683654081081081
2009.31872,0.14820984972677598,0.13599039136302296,1.5721860109289616,2.6835152361673416
2009.32146,0.14779893587994544,0.1393811051212938,1.5720116098226466,2.6833705390835583
2009.3242,0.14943944141689375,0.13999820995962317,1.5718948910081745,2.6832759084791387
2009.32694,0.15139646258503403,0.14482064516129034,1.5717629115646259,2.6831484677419355
2009.32968,0.14938338315217392,0.14977508724832217,1.5715707744565217,2.68300277852349
2009.33242,0.15175421981004072,0.15411839142091155,1.5714050610583448,2.6829234584450403
2009.33516,0.15293831978319783,0.15771645247657298,1.5712415176151764,2.682829933065596
2009.3379,0.15407412719891747,0.16266017379679146,1.571209296346414,2.682820962566845
2009.34064,0.15218681081081084,0.1671063684913218,1.571208108108108,2.6829762883845127
2009.34338,0.1565055600539811,0.1718807066666667,1.571347746288799,2.6832973066666668
2009.34612,0.15829369272237198,0.17294458055925432,1.571176590296496,2.6831792143808255
2009.34886,0.15865294751009423,0.17839525265957448,1.5709836339165544,2.683028710106383
2009.3516,0.15778397849462367,0.18641841965471448,1.5708527688172043,2.682970517928287
2009.35434,0.1557561610738255,0.1926576923076923,1.5706863758389262,2.6828308885941645
2009.35708,0.15612777479892762,0.19509500662251658,1.570588672922252,2.682787377483444
2009.35982,0.15841528781793843,0.19659596560846562,1.5705184872824631,2.682807037037037
2009.36256,0.15681155080213904,0.1984628401585205,1.5703957486631015,2.682781955085865
2009.3653,0.15915190921228306,0.20149232189973618,1.5702563417890523,2.682698100263852
2009.36804,0.15884786666666667,0.20813108036890648,1.57023948,2.682833306982872
2009.37078,0.1578967776298269,0.2147924868421053,1.5700701597869506,2.6827010263157893
2009.37352,0.15786433510638298,0.22118408672798953,1.5699334441489363,2.6825872930354797
2009.37626,0.15604966799468792,0.226980157480315,1.5697599070385124,2.682439540682415
2009.379,0.15402750663129974,0.2280716513761468,1.5696374668435014,2.682364744429882
2009.38174,0.15568874172185432,0.22887362565445027,1.569523774834437,2.6822881282722513
2009.38448,0.154383835978836,0.23296239215686276,1.5693396825396826,2.682167477124183
2009.38722,0.15410737120211362,0.23636422976501306,1.5691661690885073,2.6820411227154044
2009.38996,0.15215079155672825,0.24034911342894397,1.5690417941952506,2.68201335071708
2009.3927,0.15016105401844534,0.24301110677083335,1.5688490118577074,2.6818594921875003
2009.39544,0.1485817105263158,0.2474139011703511,1.5686785,2.6817300260078025
2009.39818,0.1453585808147175,0.24805459740259744,1.568491708278581,2.6815989090909094
2009.40092,0.1425322572178478,0.25162876783398186,1.5683655380577428,2.6815918028534367
2009.40366,0.14014311926605505,0.2544035233160622,1.5681863171690693,2.681463186528497
2009.4064,0.13735044502617802,0.2576885510996119,1.5680941884816755,2.6814861190168178
2009.40914,0.13496627450980395,0.2611007493540052,1.5679540522875817,2.681411627906977
2009.41188,0.13306442558746737,0.26300445161290326,1.567859138381201,2.68147624516129
2009.41462,0.13142718383311605,0.2657115592783505,1.5676782007822687,2.6813563788659796
2009.41736,0.12923290364583334,0.2691362676962677,1.5675192708333334,2.6812585842985843
2009.4201,0.1287594408322497,0.2739017866323908,1.5673475162548764,2.6811432519280207
2009.42284,0.1252702207792208,0.2781839409499358,1.5671811688311688,2.6810440179717583
2009.42558,0.12329189364461739,0.2835371666666667,1.567066420233463,2.6809746153846152
2009.42832,0.12072661917098447,0.28639267605633806,1.566922292746114,2.680864033290653
2009.43106,0.11834510996119017,0.2897715728900256,1.5667406727037516,2.680734066496164
2009.4338,0.11643993540051681,0.2937931673052363,1.5665644573643411,2.6806279948914433
2009.43654,0.11466602580645163,0.29644225765306126,1.5663854193548385,2.6805045408163264
2009.43928,0.1120563788659794,0.2994017834394905,1.5662117525773196,2.6803951210191084
2009.44202,0.10978281853281854,0.29952553435114504,1.5660434491634492,2.6802585877862595
2009.44476,0.10799829048843189,0.30001363405336723,1.565867403598972,2.6801243456162647
2009.4475,0.10650322207958923,0.30285709390862947,1.5656983440308088,2.6800372969543145
2009.45024,0.10369393589743592,0.30245252217997465,1.5655264487179485,2.679893929024081
2009.45298,0.10186613316261205,0.3014692151898734,1.5653387067861717,2.6797645569620254
2009.45572,0.10008638107416881,0.3001660176991151,1.565159578005115,2.679635512010114
2009.45846,0.09801860791826311,0.29860094696969697,1.5649857854406128,2.679514558080808
2009.4612,0.09552743622448981,0.3001772761664565,1.564814056122449,2.6794036065573774
2009.46394,0.09326543949044587,0.2991476070528967,1.564686535031847,2.679399471032746
2009.46668,0.09174446564885497,0.29560983647798744,1.5645803816793893,2.679397283018868
2009.46942,0.0884381829733164,0.29366134422110557,1.564424371029225,2.679284962311558
2009.47216,0.0873318147208122,0.28832878293601005,1.5642622969543147,2.6791710037641154
2009.4749,0.08511029150823829,0.2866110776942356,1.5640829024081115,2.679024561403509
2009.47764,0.08187783544303798,0.2859702628285357,1.5639619493670884,2.6789612515644556
2009.48038,0.07914144121365362,0.2837372875,1.5638429077117573,2.678917325
2009.48312,0.07814165404040405,0.28287443196004997,1.5637064898989899,2.678815905118602
2009.48586,0.0757823707440101,0.2822506234413965,1.5635880706179066,2.6787415960099747
2009.4886,0.07200827455919397,0.28187867995018684,1.5635180352644837,2.678749825653798
2009.49134,0.06874449056603775,0.2814582089552239,1.5634321635220125,2.6787236069651743
2009.49408,0.0637058542713568,0.2830508944099379,1.5633225251256282,2.678676434782609
2009.49682,0.06019419071518194,0.2833951985111663,1.5631812296110414,2.678560682382134
2009.49956,0.05636165413533836,0.2842132342007435,1.5630179699248121,2.6784318711276334
2009.5023,0.051984167709637055,0.2848547400990099,1.5629299749687109,2.6783852351485153
2009.50504,0.049082525000000016,0.28536733003708287,1.5628612874999999,2.678479394313968
2009.50778,0.04580101123595507,0.2840897654320988,1.5626942696629214,2.6783511604938273
2009.51052,0.03872113466334166,0.28480948212083845,1.5627022069825438,2.678467891491985
2009.51326,0.03500691158156913,0.2843371551724138,1.5626055292652552,2.6784687931034483
2009.516,0.03239664179104479,0.28323159901599015,1.5624806094527364,2.678418610086101
2009.51874,0.03018281987577641,0.2830968181818182,1.5623101490683229,2.6782929729729728
2009.52148,0.02750665012406949,0.2847145030674847,1.5621464267990075,2.6781638773006136
2009.52422,0.025019169764560114,0.28350101715686277,1.5619941511771995,2.6780332107843137
2009.52696,0.022009282178217834,0.2817335740514076,1.5618469801980197,2.6779141615667075
2009.5297,0.018816378244746614,0.2789936797066015,1.5617111866501854,2.677797273838631
2009.53244,0.016675703703703717,0.277260463980464,1.5615442962962962,2.6776356043956047
2009.53518,0.0134958199753391,0.2760863536585366,1.5613731196054255,2.6774799634146342
2009.53792,0.01082982758620691,0.27481277710109625,1.5612133251231528,2.6773284409257005
2009.54066,0.00788275522755229,0.27247934306569344,1.561190110701107,2.6774523357664233
2009.5434,0.0036169901719901865,0.27123510328068046,1.5610465724815725,2.677346063183475
2009.54614,8.429447852762179e-05,0.2700509223300971,1.56089245398773,2.67721765776699
2009.54888,-0.0038148406862744955,0.26748293333333334,1.5607309191176473,2.677076509090909
2009.55162,-0.00622350061199509,0.2641475423728814,1.5605697796817626,2.676909636803874
2009.55436,-0.00965081907090463,0.26051187424425637,1.5604183618581906,2.676752466747279
2009.5571,-0.014010036630036615,0.2568221739130435,1.5602579975579975,2.6765678140096623
2009.55984,-0.017353841463414618,0.2537963811821472,1.5601802682926829,2.6765041978287094
2009.56258,-0.019788258221680864,0.24757545783132534,1.5600903288672352,2.6764815060240967
2009.56532,-0.020811739659367383,0.24390259927797836,1.5600083576642336,2.6764551624548734
2009.56806,-0.023855917375455633,0.2403419230769231,1.5598709113001215,2.676293942307692
2009.5708,-0.02671925970873785,0.23767575030012006,1.5597446116504854,2.6761626410564228
2009.57354,-0.029530909090909076,0.2355723141486811,1.5596247878787879,2.6760574820143885
2009.57628,-0.032648196125907976,0.2328188263473054,1.559526828087167,2.676033616766467
2009.57902,-0.03568548972188632,0.23037095693779905,1.5593921765417171,2.6759178229665075
2009.58176,-0.0390319685990338,0.2264856869772999,1.559259384057971,2.6757986260454003
2009.5845,-0.0389687816646562,0.22272781622911697,1.559149939686369,2.675720095465394
2009.58724,-0.041078132530120465,0.21823516090584033,1.559025421686747,2.6755794278903453
2009.58998,-0.04444483754512634,0.21217938095238095,1.5589042719614923,2.6754757142857146
2009.59272,-0.0463552283653846,0.20406784780023782,1.5588017668269232,2.675423448275862
2009.59546,-0.04869690276110443,0.1984577553444181,1.558667418967587,2.6752964133016626
2009.5982,-0.051541450839328526,0.19368776986951367,1.5585395083932854,2.675182455516014
2009.60094,-0.05330383233532933,0.18862458530805687,1.5584088502994013,2.6750432582938393
2009.60368,-0.05608482057416266,0.18460059171597634,1.5582648086124402,2.674889822485207
2009.60642,-0.05778399044205494,0.17777169030732862,1.5581423894862605,2.674796749408983
2009.60916,-0.058726217183770864,0.1679742502951594,1.5580339379474941,2.674703896103896
2009.6119,-0.061494660309892715,0.1595489740566038,1.5579196781883196,2.6746293985849054
2009.61464,-0.06549588095238094,0.15599394581861015,1.5577965952380954,2.6745206478209655
2009.61738,-0.06682894173602853,0.14581904705882354,1.5576677526753864,2.674383211764706
2009.62012,-0.07049859857482184,0.14166569917743832,1.5575452612826601,2.6742533254994125
2009.62286,-0.07197340450771054,0.13753970657276998,1.5574351364175563,2.674158039906103
2009.6256,-0.07680855450236965,0.1314655803048066,1.5573207464454977,2.6740647831184057
2009.62834,-0.0808607573964497,0.12862347775175645,1.557217171597633,2.6740023536299766
2009.63108,-0.08472498817966902,0.12242192982456142,1.5571063238770686,2.673911298245614
2009.63382,-0.08623426210153481,0.11645800233644862,1.557039303423849,2.6738312266355138
2009.63656,-0.09004313679245282,0.1091754259043174,1.5569814504716981,2.6737926254375726
2009.6393,-0.09265703180212014,0.10332474358974361,1.5569582096584218,2.6738365734265734
2009.64204,-0.09716251764705881,0.09826066356228173,1.5568751294117646,2.673765820721769
2009.64478,-0.10166220916568743,0.09399673255813955,1.5567787896592242,2.6736791395348836
2009.64752,-0.10395542253521126,0.09176360046457609,1.5567349530516432,2.6736516144018583
2009.65026,-0.10864429073856974,0.08478969837587008,1.5567792379835874,2.673718712296984
2009.653,-0.11238784543325525,0.0786199073001159,1.5567146370023417,2.673653777520278
2009.65574,-0.11547595321637426,0.0720106828703704,1.5566144678362572,2.6735747453703707
2009.65848,-0.1196527336448598,0.06371847398843931,1.5565011565420561,2.673463895953757
2009.66122,-0.12300305717619603,0.057593210161662835,1.5563895915986,2.673337321016166
2009.66396,-0.1273060372960373,0.050172964244521355,1.5562931235431237,2.673200392156863
2009.6667,-0.13161073341094295,0.040726025345622134,1.5562324330616997,2.673177177419355
2009.66944,-0.1359776046511628,0.03237677790563868,1.556127488372093,2.673100920598389
2009.67218,-0.13691630662020904,0.02064441379310346,1.5561484204413472,2.6732175287356323
2009.67492,-0.13962786542923433,0.012674925373134341,1.5560526798143852,2.6731060849598163
2009.67766,-0.14266347624565467,-0.004363451834862372,1.5560854461181923,2.6732541743119267
2009.6804,-0.14446067129629628,-0.017806093928980513,1.5560444907407407,2.6732028407789232
2009.68314,-0.14831391907514452,-0.03092965675057207,1.5560036300578035,2.6731973798627005
2009.68588,-0.1508904618937644,-0.03865979428571427,1.555899676674365,2.673107565714286
2009.68862,-0.15556957324106113,-0.04517937214611871,1.5558267935409458,2.673044292237443
2009.69136,-0.16159052995391707,-0.05446515393386543,1.5557291474654378,2.6729355644241735
2009.6941,-0.16519495972382048,-0.06246669703872436,1.5556742002301496,2.67292867881549
2009.69684,-0.16926245977011495,-0.06972989761092149,1.5555784252873563,2.672846575654152
2009.69958,-0.17457099885189437,-0.07632773863636363,1.5555106199770379,2.672776897727273
2009.70232,-0.18020231651376145,-0.0847971055618615,1.5554123279816514,2.6727091146424518
2009.70506,-0.18471200458190148,-0.09284590702947844,1.55530843069874,2.6725961564625846
2009.7078,-0.18943800915331807,-0.10186516421291052,1.5551974942791762,2.6724956398640995
2009.71054,-0.19273501714285712,-0.1126208031674208,1.5551289828571428,2.6724353733031676
2009.71328,-0.19725974885844746,-0.12064254237288133,1.5550867808219178,2.672418689265537
2009.71602,-0.1999623945267959,-0.13070486455981942,1.555064982896237,2.672419401805869
2009.71876,-0.2018879043280182,-0.1421627733934611,1.5549765717539863,2.6723386133032694
2009.7215,-0.2066964960182025,-0.15150703828828826,1.5548579522184298,2.672211238738739
2009.72424,-0.21057265909090908,-0.15862444319460065,1.5547743068181819,2.6721135658042745
2009.72698,-0.21510526674233824,-0.1649910224719101,1.5547081838819525,2.672026483146068
2009.72972,-0.21959820861678003,-0.1732591470258137,1.5546277891156464,2.6719723905723907
2009.73246,-0.22418952434881087,-0.18166988789237665,1.55456919592299,2.6719287668161433
2009.7352,-0.22821902714932127,-0.19101421052631576,1.5545107352941177,2.671902463605823
2009.73794,-0.2333014011299435,-0.19937985458612975,1.554396327683616,2.671786756152125
2009.74068,-0.23997735891647853,-0.2103748603351955,1.5544961851015802,2.672143877094972
2009.74342,-0.2455075760992108,-0.22254286830357142,1.5544566516347238,2.6721208482142855
2009.74616,-0.2484596734234234,-0.23694518394648828,1.55459634009009,2.6724699442586397
2009.7489,-0.2528882227221597,-0.24455541202672607,1.5554170866141732,2.6738150556792872
2009.75164,-0.2557275617977528,-0.25831797552836483,1.555968606741573,2.67474829810901
2009.75438,-0.2589103479236813,-0.263152,1.555909034792368,2.674690011111111
2009.75712,-0.261865235426009,-0.26904077691453937,1.5558966704035875,2.6747598779134294
2009.75986,-0.26583039193729,-0.2762701662971175,1.5558073796192609,2.6746658980044344
2009.7626,-0.2690697651006711,-0.283176788482835,1.5557012080536914,2.6745431782945737
2009.76534,-0.27368746368715086,-0.29052831858407074,1.5555938547486032,2.6744156194690265
2009.76808,-0.27800588169642854,-0.29847354696132594,1.5555889955357143,2.6745466629834254
2009.77082,-0.280503166109253,-0.3068030132450331,1.5554990301003344,2.674448245033113
2009.77356,-0.283091859688196,-0.3143754134509371,1.5556445100222716,2.674785843439912
2009.7763,-0.28513428253615125,-0.32018555066079296,1.555549021134594,2.6747026211453746
2009.77904,-0.2873133666666666,-0.3255549614961496,1.5554579888888889,2.6745975907590758
2009.78178,-0.28898159822419534,-0.33141917582417585,1.555360099889012,2.6745096923076925
2009.78452,-0.29098768292682925,-0.33885668496158067,1.5553075720620841,2.6744456201975852
2009.78726,-0.29169816168327795,-0.34549828947368416,1.5552847508305647,2.6743968640350877
2009.79,-0.29172684734513277,-0.34748131434830226,1.5552788716814159,2.674412234392114
2009.79274,-0.29454892817679557,-0.3518177789934354,1.5552926961325968,2.67446795404814
2009.79548,-0.2947732560706402,-0.3577141639344262,1.5552882229580574,2.674412612021858
2009.79822,-0.29635754134509373,-0.36088889737991264,1.5555573539140022,2.6748560698689956
2009.80096,-0.29725943832599117,-0.36288270447110144,1.5558497246696035,2.6754109269356596
2009.8037,-0.29816237623762376,-0.3651410348583878,1.5558376567656764,2.675339662309368
2009.80644,-0.2981777032967033,-0.3694009902067465,1.5559556703296704,2.675521262241567
2009.80918,-0.2979757409440175,-0.37725929347826087,1.5559672667398465,2.6755369565217393
2009.81192,-0.29995413377192987,-0.3807226927252986,1.5560262719298246,2.675641129207383
2009.8174,-0.29448384446878423,-0.38715499999999997,1.5562496166484119,2.6760103036876357
2009.82562,-0.29102343544857767,-0.39192847237269773,1.5565407002188185,2.6765436403033585
2009.82836,-0.2924912677595628,-0.397164512987013,1.5592691693989071,2.6810639718614717
2009.8311,-0.2934967139737991,-0.4072502378378378,1.5614109716157205,2.6840016108108107
2009.83384,-0.2908984732824427,-0.4072317062634989,1.5618633914940023,2.6846524838012957
2009.83658,-0.2908388235294117,-0.41028756202804745,1.562862385620915,2.6864251779935273
2009.83932,-0.2892175190424374,-0.41730201508620685,1.563895201305767,2.6881277586206895
2009.84206,-0.2879476304347826,-0.41863952637244345,1.5641345760869565,2.688536996770721
2009.8448,-0.28863138979370245,-0.4198233655913978,1.564372052117264,2.688884172043011
2009.84754,-0.2900117353579175,-0.42708791621911923,1.5645096420824294,2.689144693877551
2009.86124,-0.2877784723726977,-0.4278154399141631,1.5646262513542795,2.6892445815450645
2009.86398,-0.28903555194805197,-0.4239543301178992,1.5660261796536796,2.691675166130761
2009.86672,-0.29003753513513514,-0.42028510706638117,1.567077772972973,2.69325744111349
2009.93796,-0.2858609277238403,-0.4062220085470085,1.5695104746494069,2.696620534188034
2009.9407,-0.28528997844827586,-0.40475676627534685,1.5694249676724137,2.6965034578441838
2009.94344,-0.2835868675995694,-0.40291619402985074,1.569390333692142,2.696457132196162
2009.94618,-0.28143266666666666,-0.40142460063897767,1.5693119784946234,2.696306080937167
2009.94892,-0.27941422126745435,-0.3996617127659574,1.5691832223415683,2.6961406276595743
2009.95166,-0.27594657725321886,-0.40108244420828904,1.5691858261802574,2.696156950053135
2009.9544,-0.27545941050375133,-0.39977165605095544,1.5691120364415863,2.696103025477707
2009.95714,-0.27615003211991435,-0.40103099681866383,1.5690097965738758,2.6959693001060447
2009.95988,-0.2734446096256684,-0.40276224576271186,1.568900973262032,2.6958211970338986
2009.96262,-0.27113607905982906,-0.39754698412698414,1.568777425213675,2.695648994708995
2009.96536,-0.2625710885805763,-0.3955964482029598,1.5687016755602987,2.695525930232558
2009.9681,-0.2592344669509595,-0.3924599683210137,1.5686708528784647,2.6954599683210136
2009.97084,-0.25701046858359955,-0.3927741983122363,1.568602151224707,2.6953714345991564
2009.97358,-0.25568596808510635,-0.3913448893572181,1.5685119361702127,2.695253909378293
2009.97632,-0.2545173963868225,-0.3880164842105263,1.568382688629118,2.6950734947368424
2009.97906,-0.2520817515923567,-0.38342274447949526,1.5682631740976647,2.694914479495268
2009.9818,-0.24908720042417815,-0.3785739495798319,1.5681574125132556,2.6947477205882353
2009.98454,-0.2479645444915254,-0.3692022875131165,1.568031652542373,2.6945845435466946
2009.98728,-0.24481260317460316,-0.36198654088050314,1.5679290476190477,2.6944072012578615
2009.99002,-0.24204690274841437,-0.3533743979057592,1.5677984143763215,2.6942237905759163
2009.99276,-0.23979082365364307,-0.3455804811715481,1.5676882154171068,2.6940455857740586
2009.9955,-0.23730963080168777,-0.3386701567398119,1.5675701898734178,2.693870971786834
2009.99824,-0.2371899157007376,-0.33246946764091856,1.5674631401475236,2.6937256158663883
2010.00372,-0.23336114736842103,-0.32991258602711154,1.5673723894736842,2.6935549009384774
2010.00646,-0.22993168243953732,-0.32641936458333337,1.5672523974763408,2.6933797395833334
2010.0092,-0.22613030462184874,-0.3200884703433923,1.567143350840336,2.693206545265349
2010.01194,-0.2167756033578174,-0.31568757796257796,1.5670452151101784,2.693040103950104
2010.01468,-0.21194793501048217,-0.3112117237798546,1.5669246121593292,2.6928580373831776
2010.01742,-0.20934302617801046,-0.3014308402489626,1.56686554973822,2.692788029045643
2010.02016,-0.2056808891213389,-0.292512725388601,1.566781317991632,2.692656010362694
2010.0229,-0.2044688923719958,-0.288844182194617,1.5670390073145246,2.6931865838509315
2010.02564,-0.2013895929018789,-0.2803598138572906,1.5669109394572025,2.693016246122027
2010.02838,-0.20011763295099058,-0.27315020661157025,1.5668335662148072,2.692885981404959
2010.03112,-0.19495778125,-0.26497200206398347,1.5667696041666666,2.692822652218782
2010.03386,-0.18968283038501557,-0.2590601443298969,1.5666991571279918,2.6927055463917524
2010.0366,-0.18595427234927234,-0.2528412152420185,1.5666632536382537,2.6926567868177136
2010.03934,-0.18417954309449633,-0.24707026748971192,1.5666564901349949,2.69274262345679
2010.04208,-0.18233596473029043,-0.24131119218910585,1.5665560165975105,2.6926085714285715
2010.04482,-0.17967970984455958,-0.23325697125256672,1.5664491606217616,2.6924684804928134
2010.04756,-0.17797210144927533,-0.22711875897435896,1.5664663561076604,2.6924832615384613
2010.0503,-0.17594752843846947,-0.21754436475409836,1.5664045604963805,2.6924349795081963
2010.05304,-0.17381151859504132,-0.20904688843398156,1.5663678615702479,2.6924623643807575
2010.05578,-0.1719648297213622,-0.19612814928425357,1.566293157894737,2.6923654498977503
2010.05852,-0.17082718556701032,-0.18838186925434117,1.5661766288659795,2.6921886210418795
2010.06126,-0.16928414006179196,-0.18040344897959182,1.5660616477857878,2.6920215612244895
2010.064,-0.16672274691358024,-0.17407126401630987,1.5659874897119341,2.6919630275229354
2010.06674,-0.16461685508735865,-0.16702591649694498,1.5659396402877699,2.69193749490835
2010.06948,-0.16304514373716633,-0.15906611393692777,1.5658971149897332,2.6918650762970495
2010.07222,-0.1606131487179487,-0.15088469512195118,1.5658337948717949,2.6917709247967476
2010.07496,-0.15798232581967211,-0.14317369543147207,1.5657797336065573,2.691676964467005
2010.0777,-0.15294629477993857,-0.13313529411764702,1.56569582395087,2.6915831947261664
2010.08044,-0.14851699386503067,-0.1250698682877406,1.5656667382413088,2.6915036372847014
2010.08318,-0.1434287946884576,-0.11985073886639674,1.56555582226762,2.6913339574898782
2010.08592,-0.14140208163265305,-0.11271597573306369,1.5654607142857142,2.6912143882709807
2010.08866,-0.13704499490316002,-0.10658023232323231,1.5654176860346585,2.691227111111111
2010.0914,-0.13447510183299385,-0.09891121089808273,1.565341048879837,2.6911234106962665
2010.09414,-0.13298071210579857,-0.09219012096774193,1.5653927263479146,2.691179606854839
2010.09688,-0.12887483739837396,-0.085797029204431,1.5653705894308942,2.691085448136959
2010.09962,-0.12633856852791878,-0.0781167505030181,1.5652516040609137,2.690917213279678
2010.10236,-0.12167872210953345,-0.07230518592964823,1.5651818965517241,2.690835879396985
2010.1051,-0.11973154002026341,-0.06516091365461847,1.5650775278622087,2.6907330923694777
2010.10784,-0.11721067813765182,-0.057952998996990954,1.5650042813765181,2.6906798696088265
2010.11058,-0.11527312436804853,-0.052913587174348686,1.5649453387259857,2.6905943887775554
2010.11332,-0.11297996969696969,-0.05028767767767766,1.564854373737374,2.6904428828828832
2010.11606,-0.10910322906155398,-0.047051019999999985,1.5647635923309788,2.69031321
2010.1188,-0.10506301411290321,-0.04364801198801197,1.5646640120967743,2.690166893106893
2010.12154,-0.10207129909365559,-0.03907315369261476,1.56465306143001,2.6902250199600797
2010.12428,-0.09845590543259557,-0.035098654037886326,1.5646613380281689,2.6902768993020936
2010.12702,-0.09568906532663315,-0.03150657370517927,1.564605648241206,2.6902474800796816
2010.12976,-0.09319593373493974,-0.02661717412935322,1.564504076305221,2.6901354825870647
2010.1325,-0.09060056168505515,-0.02094425447316102,1.5644039819458375,2.6900344135188865
2010.13524,-0.08863071142284568,-0.015213098311817264,1.5642977154308617,2.689927428003972
2010.13798,-0.08642264264264263,-0.009629226190476176,1.5641891091091091,2.689767251984127
2010.14072,-0.08496406999999999,-0.00434979187314171,1.564068,2.6896012983151634
2010.14346,-0.0829080919080919,3.601980198021239e-05,1.5640068831168832,2.6895224752475246
2010.1462,-0.08156987025948104,0.0039630959446093125,1.5639408083832336,2.6894483679525223
2010.14894,-0.07741186440677963,0.006765800395256931,1.5638456829511465,2.689350088932806
2010.15168,-0.07467357569721114,0.004445498519249767,1.563743137450199,2.689201905231984
2010.15442,-0.07362638805970148,0.0071623076923077065,1.5636420696517412,2.6890327810650887
2010.15716,-0.07083583499005963,0.010260955665024645,1.5635424652087475,2.6888852019704435
2010.1599,-0.06890889771598807,0.015893848425196866,1.5634291559086395,2.688715206692913
2010.16264,-0.06639756944444444,0.02219904621435596,1.5633135416666668,2.688542517207473
2010.16538,-0.06468911793855302,0.02798791748526524,1.563219603567889,2.6883913261296657
2010.16812,-0.05985640594059405,0.030346388616290493,1.5631334059405941,2.6882525024533854
2010.17086,-0.058210385756676544,0.03486787254901962,1.563022205736894,2.68809887254902
2010.1736,-0.05712203557312252,0.04105141038197846,1.5628936264822133,2.6879259647404505
2010.17634,-0.05579899308983217,0.04652714285714287,1.56277157946693,2.6877744618395303
2010.17908,-0.05659500986193293,0.047770273704789847,1.5626447534516765,2.6875901759530794
2010.18182,-0.05310776354679802,0.04791916992187501,1.562545763546798,2.687448310546875
2010.18456,-0.051511318897637784,0.05033899512195123,1.5624256692913385,2.6872902146341464
2010.1873,-0.05026715830875122,0.05158742690058481,1.5622958013765977,2.6871384210526315
2010.19004,-0.04891451866404714,0.05210898734177216,1.562191188605108,2.686983924050633
2010.19278,-0.04433988223748772,0.05187076848249028,1.562084288518155,2.6868521692607006
2010.19552,-0.04314292156862744,0.05208781341107873,1.5619638725490197,2.6866877939747327
2010.19826,-0.0414224289911851,0.05524812621359224,1.561841194906954,2.6865341844660193
2010.201,-0.039787573385518575,0.06161277400581961,1.5617175146771036,2.686392812803104
2010.20374,-0.03873077223851416,0.06905035852713179,1.5616388563049854,2.68630238372093
2010.20648,-0.03613802734374999,0.07462067763794775,1.56157775390625,2.686240416263311
2010.20922,-0.03561285853658535,0.08033786266924565,1.5614658634146341,2.686108665377176
2010.21196,-0.03488411306042884,0.08523432850241547,1.5613455165692007,2.6859593333333334
2010.2147,-0.03270214216163582,0.09024103281853284,1.5612192015579358,2.6858132625482627
2010.21744,-0.030885389105058357,0.08922264223722277,1.56112780155642,2.6857060270009643
2010.22018,-0.02976709426627793,0.09174282273603085,1.5610180272108845,2.6855738150289015
2010.22292,-0.02805978640776698,0.09529856592877768,1.5609022815533982,2.685427054860443
2010.22566,-0.028269544131910754,0.09936958653846155,1.560806517943744,2.685323461538461
2010.2284,-0.02662238372093022,0.10407062439961577,1.560723265503876,2.685265869356388
2010.23114,-0.025823601161665044,0.10579814779270634,1.5606241626331074,2.6851641074856043
2010.23936,-0.024590425531914883,0.10655685522531162,1.5605473984526113,2.685078763183126
2010.2421,-0.023452463768115932,0.10420682950191572,1.5605125893719807,2.685180670498084
2010.24484,-0.022997277992277982,0.10695315789473685,1.5604495945945946,2.6851337320574165
2010.24758,-0.02256619093539054,0.10974776290630976,1.5603634040501446,2.685050124282983
2010.25032,-0.02383290944123313,0.11226840496657116,1.5606255587668594,2.685430869149952
