2011.95734,-0.07792,4.61147,2.64449,2.884
2011.96008,0.574105,3.126095,2.0232449999999997,2.217545
2011.96282,0.44123,2.45918,1.8327299999999997,2.0063933333333335
2011.96556,0.09587999999999999,1.78863,1.74094,1.910215
2011.9683,0.0007399999999999962,1.605424,1.6856339999999999,1.853424
2011.97104,0.03187333333333333,1.1428916666666666,1.6402866666666667,1.8039516666666666
2011.97378,0.14416142857142858,1.0770285714285714,1.6131799999999998,1.769662857142857
2011.97652,0.22992125,0.872085,1.5901049999999999,1.74394625
2011.97926,0.2074411111111111,0.7466433333333333,1.5754966666666668,1.7317866666666666
2011.982,0.09869199999999999,0.591252,1.563463,1.719126
2011.98474,0.07301999999999999,0.46144363636363633,1.550990909090909,1.7056836363636363
2011.98748,0.0738225,0.23707166666666665,1.5428125,1.6948633333333334
2011.99022,0.059913846153846144,0.05695923076923075,1.5350923076923075,1.685566923076923
2011.99296,0.03444571428571428,-0.10087785714285714,1.5269892857142857,1.6763542857142857
2011.9957,0.052196666666666655,-0.18796200000000002,1.5230486666666667,1.6716093333333333
2011.99844,0.09968812499999999,-0.18737125000000002,1.51801125,1.66562375
2012.00392,0.1538105882352941,-0.15895294117647057,1.5125464705882354,1.6598570588235293
2012.00666,0.13210555555555556,-0.3046572222222222,1.506726111111111,1.653508888888889
2012.0094,0.10201947368421052,-0.4025705263157895,1.5013963157894736,1.6493731578947368
2012.01214,-0.010089999999999998,-0.45021100000000003,1.4974665,1.6457885
2012.01488,0.09144666666666668,-0.42757,1.4931404761904763,1.6418028571428571
2012.01762,0.1574959090909091,-0.39695909090909093,1.4897854545454547,1.6380127272727272
2012.02036,0.16520826086956522,-0.37911304347826086,1.4862199999999999,1.6335560869565218
2012.0231,0.19100125,-0.42127,1.4837220833333333,1.6304254166666665
2012.02584,0.1950648,-0.42246919999999993,1.4809152,1.6277287999999999
2012.02858,0.265983076923077,-0.38055192307692304,1.4780576923076922,1.625063076923077
2012.03132,0.27955,-0.3011611111111111,1.4766533333333332,1.6230703703703702
2012.03406,0.3218392857142857,-0.2545257142857143,1.4754317857142856,1.6209582142857142
2012.0368,0.3181896551724138,-0.2653955172413793,1.4730989655172413,1.6182644827586208
2012.03954,0.2903616666666667,-0.20541966666666667,1.4715763333333334,1.6162393333333334
2012.04228,0.2708564516129033,-0.2161316129032258,1.469555483870968,1.6136645161290324
2012.04502,0.2388315625,-0.2054984375,1.468816875,1.6134278125
2012.04776,0.22506121212121213,-0.20749060606060607,1.4675624242424243,1.6117054545454543
2012.0505,0.2188758823529412,-0.25172941176470587,1.4665517647058823,1.6100035294117647
2012.05324,0.17611114285714285,-0.28762257142857145,1.4650374285714287,1.6080845714285714
2012.05598,0.13159333333333334,-0.33600416666666666,1.4640569444444445,1.6065522222222224
2012.05872,0.12692378378378377,-0.31729432432432436,1.46163,1.604656756756757
2012.06146,0.10221973684210528,-0.3133157894736842,1.4596044736842106,1.6027163157894737
2012.0642,0.11779179487179488,-0.28231999999999996,1.457564358974359,1.6012984615384616
2012.06694,0.120744,-0.3114835,1.4563774999999999,1.60004325
2012.06968,0.1340973170731707,-0.26347731707317074,1.4552202439024389,1.5997882926829268
2012.07242,0.1717754761904762,-0.19983761904761907,1.45332,1.598345
2012.07516,0.21224441860465115,-0.15253860465116278,1.4507555813953488,1.5962227906976745
2012.0779,0.24304090909090909,-0.17189795454545453,1.4489906818181817,1.5950095454545454
2012.08064,0.24158755555555556,-0.2249831111111111,1.447252888888889,1.5937484444444445
2012.08338,0.23459630434782608,-0.18033347826086957,1.4460428260869567,1.5930004347826086
2012.08612,0.2623995744680851,-0.1805068085106383,1.445031914893617,1.5919136170212767
2012.08886,0.29665583333333334,-0.14495145833333334,1.4444483333333336,1.591235
2012.0916,0.3097251020408163,-0.10497734693877553,1.4445489795918367,1.5909583673469387
2012.09434,0.3585986,-0.11946980000000001,1.4433974,1.5903809999999998
2012.09708,0.4085037254901961,-0.09826392156862745,1.4421776470588237,1.5895566666666667
2012.09982,0.4369576923076923,-0.08166923076923077,1.4410938461538463,1.5888698076923076
2012.10256,0.4522690566037736,-0.013858867924528307,1.4409232075471698,1.5891083018867924
2012.1053,0.4584087037037037,0.018636851851851845,1.4406303703703702,1.588794814814815
2012.10804,0.47462254545454546,0.011416727272727268,1.4399279999999999,1.5883592727272726
2012.11078,0.46844214285714286,0.010947857142857138,1.4398698214285715,1.588839642857143
2012.11352,0.4622040350877193,-0.01712508771929825,1.439468947368421,1.5889815789473685
2012.11626,0.4602560344827586,-0.03746068965517242,1.4389822413793103,1.5886286206896552
2012.119,0.4454140677966102,-0.0205877966101695,1.438864745762712,1.5882100000000001
2012.12174,0.41488933333333333,0.018949666666666656,1.4388088333333333,1.5878511666666666
2012.12448,0.3637367741935484,0.083285,1.4639066129032257,1.6177599999999999
2012.1464,0.26919841269841266,0.12742269841269838,1.487471111111111,1.6469390476190475
2012.14914,0.23798359375,0.15019624999999998,1.48559375,1.64545578125
2012.15188,0.2117809230769231,0.1642170769230769,1.4838453846153847,1.643975846153846
2012.15462,0.21399878787878787,0.16461045454545453,1.4819748484848485,1.6426518181818182
2012.15736,0.21745417910447762,0.15483716417910445,1.4815056716417911,1.6425167164179104
2012.1601,0.2130044117647059,0.16041941176470587,1.4809992647058823,1.6422776470588236
2012.16284,0.19364521739130436,0.1583127536231884,1.4796365217391305,1.641261739130435
2012.16558,0.15925842857142858,0.14658942857142856,1.4784942857142858,1.6402355714285715
2012.16832,0.1453381690140845,0.16530380281690138,1.4774330985915494,1.6390961971830984
2012.17106,0.13569847222222223,0.17949305555555553,1.4757754166666668,1.6376193055555557
2012.1738,0.1117523287671233,0.19024739726027395,1.4742897260273973,1.636408904109589
2012.17654,0.10110675675675676,0.1999222972972973,1.4731097297297298,1.6357143243243244
2012.17928,0.07846973333333335,0.2010408,1.4720537333333334,1.6354416
2012.18202,0.0706042105263158,0.2108092105263158,1.4708125,1.6346815789473683
2012.18476,0.07389558441558443,0.2423580519480519,1.4696185714285714,1.6341555844155844
2012.1875,0.06799166666666667,0.252644358974359,1.4691812820512822,1.6336547435897437
2012.19024,0.024163000000000007,0.19820687499999998,1.469741,1.634466875
2012.19298,-0.018018888888888883,0.16164074074074072,1.4781796296296297,1.6459886419753085
2012.2012,-0.026919268292682923,0.17205927710843372,1.4767713414634147,1.643900843373494
2012.20394,-0.027444216867469874,0.1888972619047619,1.4755222891566264,1.6428396428571428
2012.20668,-0.05359535714285714,0.18296988235294118,1.4742754761904762,1.6420083529411764
2012.20942,-0.07229176470588235,0.20003651162790695,1.4729084705882354,1.6409511627906979
2012.21216,-0.07733999999999999,0.18690195402298848,1.4719091860465117,1.640055287356322
2012.2149,-0.11449793103448276,0.19383431818181818,1.470680459770115,1.6389713636363636
2012.21764,-0.13410284090909091,0.214876404494382,1.4699525,1.638313595505618
2012.22038,-0.15669022471910113,0.21853566666666666,1.4687993258426966,1.637385222222222
2012.22586,-0.12153989010989012,0.2365128571428571,1.4664928571428573,1.636295934065934
2012.2286,-0.13611358695652173,0.24513858695652174,1.4654275,1.6352602173913042
2012.23134,-0.13877870967741937,0.27042430107526877,1.4647578494623654,1.6345129032258066
2012.23408,-0.15144526315789472,0.261408,1.4642394736842106,1.634426105263158
2012.23956,-0.15697701030927835,0.31659340206185566,1.462491443298969,1.6325755670103093
2012.2423,-0.15947938775510204,0.3122285714285714,1.4616736734693878,1.6318002040816326
2012.24504,-0.1579679797979798,0.3354532323232323,1.4607206060606062,1.630910909090909
2012.24778,-0.1650633,0.3251396,1.4598791,1.6299934999999999
2012.25052,-0.14953940594059406,0.32641267326732676,1.459260198019802,1.6292122772277229
2012.25326,-0.1363163725490196,0.3272649019607843,1.4585514705882354,1.6284823529411765
2012.256,-0.12974475728155338,0.3169028155339806,1.457553495145631,1.627437281553398
2012.25874,-0.1171423076923077,0.34001528846153845,1.4567525961538463,1.626597403846154
2012.26148,-0.0997384761904762,0.3534458095238095,1.4562640952380954,1.6258870476190477
2012.26422,-0.10754641509433963,0.3378835849056604,1.4562864150943398,1.626210566037736
2012.26696,-0.09624252336448598,0.3501975700934579,1.4556170093457945,1.6255085046728972
2012.2697,-0.06698731481481482,0.3585022222222222,1.4552382407407407,1.6249383333333332
2012.27244,-0.048495045871559644,0.3706235779816514,1.454771009174312,1.6243112844036696
2012.27518,-0.045718909090909095,0.3716940909090909,1.4556887272727275,1.6254207272727272
2012.27792,-0.05089450450450451,0.39407585585585586,1.4619524324324324,1.6308047747747747
2012.28066,-0.07639803571428572,0.42883750000000004,1.468228125,1.6371730357142857
2012.2834,-0.05586283185840709,0.42969053097345133,1.4676317699115045,1.6364355752212387
2012.28614,-0.04429000000000001,0.43192008771929824,1.4669749122807019,1.6359201754385966
2012.28888,-0.034854521739130444,0.4279075652173913,1.4662289565217392,1.6351187826086957
2012.29162,-0.0377166379310345,0.42342655172413796,1.4658645689655172,1.6347105172413792
2012.29436,-0.03978324786324787,0.4110275213675214,1.4652693162393162,1.6341368376068375
2012.2971,-0.033371101694915264,0.397038813559322,1.4654089830508474,1.6340933898305083
2012.29984,-0.021349495798319334,0.39731571428571427,1.4648663865546219,1.633588487394958
2012.30258,-0.01235033333333334,0.40287649999999997,1.4644195000000002,1.6328933333333333
2012.30532,-0.0025631404958677746,0.3994828099173554,1.463789008264463,1.6323309090909093
2012.30806,0.0009108196721311416,0.41926467213114754,1.4630645901639343,1.631755163934426
2012.3108,0.00460756097560975,0.40695756097560976,1.4627278861788617,1.6315017886178862
2012.31354,-0.0042525000000000045,0.379225,1.46235,1.6310750806451613
2012.31628,0.007511999999999995,0.3919492,1.4619873600000002,1.6304572000000002
2012.31902,0.005648174603174598,0.38859539682539684,1.4614195238095238,1.6302929365079366
2012.32176,0.016973937007874012,0.4036064566929134,1.4608333070866142,1.6297053543307085
2012.3245,0.019594218749999996,0.40742687499999997,1.4605090625,1.629306015625
2012.32724,0.016161085271317824,0.3972394573643411,1.4601271317829458,1.6288347286821705
2012.32998,0.021637384615384614,0.38008284615384613,1.459768846153846,1.6283283846153846
2012.33272,0.036635801526717554,0.3762310687022901,1.459398396946565,1.6277667938931297
2012.33546,0.024636893939393934,0.3781318181818181,1.4588321969696971,1.6270747727272727
2012.3382,0.03741503759398496,0.378956015037594,1.4583440601503759,1.626344962406015
2012.34094,0.05114694029850746,0.37775022388059704,1.458397985074627,1.6262759701492537
2012.34368,0.0719891111111111,0.3644262222222222,1.4578003703703704,1.6255764444444445
2012.34642,0.08324794117647058,0.3641703676470588,1.4582313970588234,1.625534338235294
2012.34916,0.08420423357664232,0.3588911678832117,1.458006496350365,1.6251649635036498
2012.3519,0.08938420289855073,0.3525676811594203,1.458773188405797,1.6256910869565218
2012.35464,0.09595553956834532,0.3833763309352518,1.466538561151079,1.6329894244604317
2012.35738,0.10497835714285715,0.42422792857142855,1.4736976428571429,1.6398037142857143
2012.36012,0.12140375886524823,0.41541609929078016,1.4731481560283688,1.6390704964539007
2012.36286,0.12168478873239436,0.42436661971830986,1.4725982394366197,1.638366971830986
2012.3656,0.1288944055944056,0.43688167832167835,1.4722257342657343,1.6380195104895103
2012.36834,0.13202020833333333,0.44569250000000005,1.4716657638888888,1.6373139583333334
2012.37108,0.12083641379310345,0.45619993103448275,1.4714164137931034,1.6367635862068965
2012.37382,0.11909589041095889,0.4581772602739726,1.4709646575342465,1.6363086301369862
2012.37656,0.13057190476190475,0.4624585034013605,1.4708021088435375,1.6359721088435375
2012.3793,0.1352533108108108,0.46042263513513515,1.470462162162162,1.6356277702702704
2012.38204,0.1376796644295302,0.4603981208053692,1.4703129530201342,1.6354234228187918
2012.38478,0.13178933333333334,0.4497848,1.4699885333333333,1.6349834666666667
2012.38752,0.12605880794701987,0.43543536423841056,1.4698061589403975,1.6347617880794703
2012.39026,0.12335993421052631,0.42601572368421053,1.4693904605263157,1.6342716447368422
2012.393,0.11540457516339869,0.4192919607843137,1.4690859477124183,1.6338897385620914
2012.39574,0.09984051948051947,0.4176595454545454,1.4686052597402597,1.633369935064935
2012.39848,0.09240212903225806,0.40546516129032256,1.4680561935483871,1.6326912258064517
2012.40122,0.08552288461538461,0.4030721794871795,1.4675660256410257,1.6321622435897436
2012.40396,0.0885679617834395,0.39142700636942673,1.4670379617834395,1.63164
2012.4067,0.08946278481012658,0.39130664556962025,1.466516582278481,1.6310837974683543
2012.40944,0.09140534591194968,0.39405981132075474,1.4662198113207547,1.6307190566037737
2012.41218,0.09693175,0.387569625,1.4659195625,1.6303245
2012.41492,0.10549745341614906,0.39248714285714287,1.4655942857142856,1.6299747204968944
2012.41766,0.11087314814814814,0.37874901234567904,1.4656012345679013,1.6300762962962962
2012.4204,0.10952245398773004,0.37747779141104293,1.4661824539877302,1.6305140490797547
2012.42314,0.10890646341463414,0.37091682926829267,1.4661575609756097,1.6305999390243902
2012.42588,0.09821775757575757,0.3600131515151515,1.4664481818181818,1.6307625454545456
2012.45328,0.09422813253012048,0.3676579518072289,1.4673967469879519,1.6321546987951807
2012.45602,0.10302497005988023,0.38257425149700597,1.468417005988024,1.633502754491018
2012.45876,0.11359416666666666,0.37641785714285714,1.4692118452380953,1.6347965476190478
2012.4615,0.12035396449704142,0.3864918934911243,1.4709000591715977,1.6368778106508874
2012.46424,0.12267158823529412,0.37659229411764705,1.4721876470588235,1.6384708823529412
2012.46698,0.12085894736842105,0.38292906432748536,1.4730140935672515,1.6397933333333332
2012.46972,0.13576127906976743,0.387643488372093,1.4739317441860464,1.641004476744186
2012.47246,0.13041242774566472,0.39472317919075145,1.4751193641618496,1.6424453757225435
2012.4752,0.13562706896551724,0.3780929310344827,1.476127298850575,1.6437801149425288
2012.47794,0.15498417142857143,0.36797062857142854,1.4768462857142857,1.6450210285714284
2012.48068,0.16315170454545455,0.3754952840909091,1.4778723295454546,1.646378068181818
2012.48342,0.16825717514124294,0.36820401129943503,1.4786712994350284,1.6475902824858755
2012.49438,0.1602645251396648,0.36715659217877095,1.4900700558659217,1.6616661452513968
2012.49712,0.16666072222222222,0.3643394444444444,1.4909420555555557,1.6628394444444445
2012.49986,0.17408767955801105,0.3671259668508287,1.491549005524862,1.6637364088397788
2012.5026,0.18522065934065934,0.3524896703296703,1.4922953296703299,1.6647343406593407
2012.50534,0.19161639344262293,0.34259601092896175,1.4931092896174862,1.6658515846994535
2012.50808,0.20357494565217393,0.3515741304347826,1.493908097826087,1.6669317934782608
2012.51082,0.21418454054054054,0.3686261621621622,1.4949231891891892,1.668163837837838
2012.51356,0.2272410752688172,0.38340682795698927,1.4957285483870968,1.6693136559139785
2012.5163,0.24226679144385024,0.3894551871657754,1.4965067379679144,1.6704364705882353
2012.51904,0.24651218085106383,0.393868085106383,1.497381170212766,1.671493670212766
2012.52178,0.254402380952381,0.40023227513227516,1.4981546031746034,1.6726512698412697
2012.52452,0.2620376842105263,0.40341173684210524,1.498907736842105,1.6737339473684212
2012.52726,0.25698753926701573,0.40109523560209426,1.4995561780104711,1.6748532984293194
2012.53,0.26281479166666666,0.41080609375,1.5002339583333333,1.6760851041666667
2012.53274,0.27533994818652846,0.41244549222797927,1.502324041450777,1.6784726424870466
2012.53548,0.2720063402061856,0.40270582474226807,1.5034393298969073,1.6796636597938146
2012.53822,0.2820386153846154,0.4063164615384615,1.5045728205128206,1.681317282051282
2012.54096,0.2879987755102041,0.4057030612244898,1.5053998979591836,1.6824722959183673
2012.5437,0.28985451776649745,0.4061294923857868,1.5059838578680202,1.6834154822335026
2012.54644,0.3000771212121212,0.406105303030303,1.5065152525252528,1.6842380303030302
2012.54918,0.30366105527638193,0.40644130653266336,1.5074304522613065,1.6851582412060302
2012.55192,0.29716095,0.40975704999999996,1.5080591,1.68623425
2012.55466,0.2943292537313433,0.4007693034825871,1.5087792537313434,1.6871855223880596
2012.5574,0.2916461386138614,0.4059181683168317,1.509234801980198,1.6879731188118812
2012.56014,0.2941241871921182,0.4073346798029557,1.5098737438423646,1.6888929064039409
2012.56288,0.2927463725490196,0.40185803921568625,1.5104950980392158,1.6896823529411764
2012.56562,0.29117395121951223,0.4017159024390244,1.5110370731707319,1.6904283414634145
2012.56836,0.2856913106796116,0.4072238349514563,1.5116747572815536,1.6913050485436893
2012.5711,0.2816836231884058,0.4148265217391304,1.5120885507246378,1.6919695652173914
2012.57384,0.2762979326923077,0.4126667788461538,1.5125761538461537,1.692693798076923
2012.57658,0.28019033492822965,0.4139230622009569,1.51311990430622,1.693433014354067
2012.57932,0.28227114285714283,0.4183941428571428,1.5137795714285713,1.694152095238095
2012.58206,0.28036706161137437,0.4172191943127962,1.5143836966824644,1.6950685781990522
2012.5848,0.27783773584905663,0.4165834905660378,1.5151183962264152,1.6962877358490567
2012.58754,0.28099446009389667,0.422203896713615,1.5156942723004694,1.697133943661972
2012.59028,0.28374481308411215,0.42378406542056074,1.516216168224299,1.6978951401869158
2012.59302,0.2919828372093023,0.429724511627907,1.5168353488372093,1.6985980930232558
2012.59576,0.28898421296296295,0.4261128703703704,1.5174006481481481,1.6994430555555555
2012.5985,0.290549400921659,0.4239152995391705,1.517907465437788,1.7001704147465437
2012.60124,0.2784491743119266,0.4170235779816514,1.5200107798165137,1.7027833944954127
2012.60398,0.2726084474885845,0.4070211415525114,1.5204535616438357,1.70338
2012.60672,0.27239972727272727,0.4111624545454546,1.5210394090909092,1.7040628636363635
2012.60946,0.2774297737556561,0.4072646153846154,1.521546742081448,1.7047229411764706
2012.6122,0.2727449099099099,0.4064227477477477,1.5219453603603603,1.7053481981981984
2012.61494,0.27171798206278025,0.4196764125560538,1.5223611659192824,1.705885605381166
2012.61768,0.2745991517857143,0.416243125,1.5227680803571428,1.7065941964285716
2012.62042,0.27124737777777774,0.4148476,1.5231816444444444,1.7072679555555554
2012.62316,0.2695595575221239,0.4162813274336283,1.5236580530973451,1.7079763274336284
2012.6259,0.270082026431718,0.41338801762114535,1.5242270044052864,1.708589603524229
2012.62864,0.27393478070175437,0.41944824561403504,1.5247554824561405,1.7093342105263158
2012.63138,0.27311349344978164,0.4217334061135371,1.5253500000000002,1.7101123580786026
2012.63412,0.27214,0.4175188260869565,1.525798652173913,1.7107681304347826
2012.63686,0.2791418614718615,0.413369393939394,1.5264835497835498,1.7114380952380952
2012.6396,0.26714521551724135,0.41531448275862065,1.5286969827586205,1.7136235344827586
2012.64234,0.2599783690987124,0.4148463948497854,1.5292990987124462,1.7142754935622317
2012.64508,0.26730162393162393,0.41446192307692303,1.5297232051282053,1.7148513675213675
2012.64782,0.26325344680851065,0.4151982978723404,1.5299272765957448,1.7153208936170212
2012.65056,0.2713215677966102,0.41309207627118644,1.530281440677966,1.7158991101694914
2012.6533,0.26372936708860756,0.40554358649789035,1.5346803797468354,1.7202940506329114
2012.65604,0.28282609243697476,0.4222179411764706,1.538527605042017,1.724436344537815
2012.65878,0.2836401673640167,0.41689907949790794,1.539852050209205,1.7259971129707112
2012.66152,0.28071141666666666,0.4225355,1.5401445,1.726612875
2012.66426,0.284078132780083,0.42169618257261415,1.5403673858921163,1.7270903734439833
2012.667,0.28596805785123963,0.42420524793388426,1.5406123140495867,1.727579090909091
2012.66974,0.2914365020576132,0.42025181069958845,1.54099316872428,1.7281430041152264
2012.67248,0.28756237704918036,0.4218087295081967,1.5413045901639344,1.7286459426229508
2012.67522,0.2944478367346939,0.42616775510204086,1.541415306122449,1.729010081632653
2012.67796,0.2942258943089431,0.424205243902439,1.5414969512195122,1.7293526016260163
2012.6807,0.30106793522267206,0.4241275708502025,1.5418306072874493,1.7298185425101213
2012.68344,0.3006384677419355,0.4239764516129032,1.5421149596774193,1.730310322580645
2012.68618,0.3009809236947791,0.43104991967871487,1.5424898795180721,1.7308570281124498
2012.68892,0.28645404,0.44299732,1.54567272,1.7341128799999999
2012.69166,0.2754148605577689,0.4383699203187251,1.5477388844621514,1.736363984063745
2012.6944,0.27407182539682534,0.4383968253968254,1.547954007936508,1.7368074206349207
2012.69714,0.2745945454545455,0.44047343873517786,1.548240513833992,1.7372582213438734
2012.69988,0.27453185039370076,0.43955976377952755,1.548611220472441,1.7378065354330707
2012.70262,0.27340439215686274,0.43156552941176474,1.548933725490196,1.7381995294117647
2012.70536,0.276712890625,0.4343666796875,1.549131796875,1.738550078125
2012.7081,0.27009817120622565,0.439665953307393,1.5492428793774318,1.7388836186770427
2012.71084,0.27237717054263566,0.44460488372093027,1.549505426356589,1.7393318604651162
2012.71358,0.26967857142857143,0.4456007335907336,1.549712393822394,1.73970583011583
2012.71632,0.26713284615384614,0.45221442307692306,1.5500066538461539,1.7400205
2012.71906,0.2687688888888889,0.4490786973180077,1.5502676628352492,1.7403889655172413
2012.7218,0.271183893129771,0.44744637404580156,1.5504252290076337,1.7407441221374045
2012.72454,0.2705514448669201,0.4459391254752852,1.5505288593155893,1.7410338403041825
2012.72728,0.2705160227272727,0.449411553030303,1.5507148863636364,1.7414255303030302
2012.73002,0.27116143396226416,0.4544110943396227,1.5509823773584905,1.7419249811320754
2012.73276,0.2741153759398496,0.46201827067669177,1.551578082706767,1.7426619172932332
2012.7355,0.2732432584269663,0.46852209737827716,1.5517797378277154,1.74305
2012.73824,0.26793492537313435,0.4710506343283582,1.5520920149253732,1.7435104104477612
2012.74098,0.26288669144981414,0.4650385130111524,1.5523847955390335,1.7438822304832713
2012.74372,0.2603142222222222,0.46979177777777775,1.5525212962962962,1.7442037407407407
2012.74646,0.2680560885608856,0.4716873062730627,1.555838450184502,1.748399483394834
2012.75194,0.26053128205128206,0.49838380952380956,1.5616801098901099,1.754059413919414
2012.75468,0.2615502554744526,0.501973394160584,1.5618439416058394,1.754355802919708
2012.75742,0.267734,0.5100991272727273,1.5619099272727273,1.7545767272727273
2012.76016,0.2696531884057971,0.5040957971014493,1.5620508333333334,1.7548657971014492
2012.7629,0.2732890252707581,0.5109358844765343,1.56220321299639,1.755232202166065
2012.76564,0.27719856115107916,0.5093369424460432,1.5624709352517985,1.7556553237410073
2012.76838,0.278930788530466,0.5159381003584229,1.562670430107527,1.7560064157706095
2012.77112,0.28899475,0.5137693214285715,1.5627653214285715,1.7562436785714286
2012.77386,0.2914438434163701,0.5103619928825622,1.5629664768683273,1.7565412455516014
2012.7766,0.2980009574468085,0.5120377659574469,1.5633055673758864,1.7568854609929079
2012.77934,0.2981772791519435,0.5163116961130741,1.563613674911661,1.7573049823321556
2012.78208,0.3013711971830986,0.5113887323943662,1.5639236619718309,1.7577247887323943
2012.78482,0.3002842807017544,0.5061551228070176,1.5641584912280702,1.758038701754386
2012.78756,0.30381111888111884,0.4904463286713287,1.5644644055944057,1.7584337762237763
2012.7903,0.3040706968641115,0.48106174216027875,1.5649655400696865,1.75893787456446
2012.79304,0.30828802083333334,0.47710559027777777,1.5650979861111112,1.7592697916666666
2012.79578,0.30819709342560553,0.4775803806228374,1.5653014878892735,1.7597008996539794
2012.79852,0.3014873448275862,0.475471275862069,1.5656351034482758,1.7601985862068965
2012.80126,0.3040036082474227,0.46870185567010303,1.5659426116838489,1.7606329896907216
2012.804,0.3058120547945205,0.46517958904109585,1.5659986301369861,1.7608572260273971
2012.80674,0.31054795221843,0.46190873720136516,1.5662081228668943,1.7611769283276453
2012.80948,0.31204193877551023,0.46182894557823134,1.5664555102040816,1.7615412244897957
2012.81222,0.3162422372881356,0.46252467796610175,1.5666816271186441,1.7618812881355934
2012.81496,0.32033087837837837,0.4575691891891892,1.5668671621621622,1.762222162162162
2012.8177,0.32887468013468013,0.4646491919191919,1.5670553535353535,1.7625761616161617
2012.82044,0.3292381543624161,0.46645557046979863,1.567180201342282,1.7628262751677852
2012.82318,0.32676090301003347,0.4656466220735786,1.5675245484949833,1.7633108026755853
2012.82592,0.316808,0.45410179999999994,1.5677587333333334,1.7636515333333334
2012.82866,0.31619152823920266,0.444791926910299,1.5680028903654484,1.7640661129568105
2012.8314,0.3200637417218543,0.4507842052980133,1.5681152980132451,1.76432619205298
2012.83414,0.31585874587458745,0.44481488448844886,1.5684672937293729,1.7649990429042905
2012.83688,0.31357730263157896,0.435640197368421,1.5685926315789473,1.7652935526315787
2012.83962,0.3121021639344262,0.4395244590163934,1.5688498032786886,1.765619180327869
2012.84236,0.32460513071895425,0.4318265359477125,1.5704159477124182,1.7678899673202615
2012.8451,0.3334675244299674,0.4324316286644951,1.570582671009772,1.768208013029316
2012.84784,0.34562415584415584,0.43800233766233765,1.5707258116883116,1.768515064935065
2012.85058,0.3454411326860841,0.43196621359223303,1.5710812297734629,1.7690040453074434
2012.85332,0.35060880645161285,0.43145493548387104,1.5712218387096775,1.7693360967741936
2012.85606,0.354596463022508,0.4370036012861736,1.5714395819935691,1.7697131832797428
2012.8588,0.35745391025641027,0.43534564102564105,1.5716040705128205,1.770070224358974
2012.86154,0.35918242811501594,0.4328344408945687,1.5718782747603834,1.7704367092651758
2012.86428,0.3590539171974522,0.42719156050955415,1.571951974522293,1.7706811464968153
2012.86702,0.36183526984126985,0.42430396825396827,1.5721939682539683,1.7711713968253968
2012.86976,0.3686507594936709,0.42411382911392403,1.5722662025316456,1.7714874050632912
2012.8725,0.3738092429022082,0.4241098422712934,1.572436403785489,1.7717869400630917
2012.87524,0.37379172955974843,0.41875251572327044,1.5726128301886793,1.7721047798742138
2012.87798,0.3703898432601881,0.4223805642633229,1.5726577115987461,1.7723487774294673
2012.88072,0.3659696875,0.40797853125000005,1.572752875,1.7726113125
2012.88346,0.365403738317757,0.3980731464174455,1.5728294392523363,1.7727836760124611
2012.8862,0.37143555900621117,0.3957436645962733,1.5731603726708074,1.7733421428571428
2012.88894,0.3750812693498452,0.3875389164086687,1.573317492260062,1.7737382352941178
2012.89168,0.38211913580246915,0.3806274691358025,1.5734023148148149,1.7739960802469135
2012.89442,0.3870286461538462,0.3725328,1.5735292923076922,1.774190276923077
2012.89716,0.3954796625766871,0.3654620858895706,1.5737370245398774,1.7745716871165642
2012.8999,0.4035528440366973,0.36537538226299693,1.5737879510703363,1.7747741284403669
2012.90264,0.4167699695121951,0.3648734451219512,1.573902012195122,1.775017286585366
2012.90538,0.42289261398176287,0.36784148936170213,1.5740048328267475,1.7753286018237082
2012.90812,0.43030042424242426,0.37403587878787875,1.5741350606060605,1.7756991515151517
2012.91086,0.43516604229607253,0.3679771903323263,1.5741806948640484,1.775834833836858
2012.9136,0.43665704819277107,0.3746918373493976,1.5743165662650602,1.7761215662650602
2012.91634,0.44094795795795794,0.3706172972972973,1.5743578978978978,1.7763405105105106
2012.91908,0.44062140718562876,0.36524865269461076,1.5744543413173653,1.7765608682634728
2012.92182,0.44167397014925375,0.35172289552238806,1.5745088059701493,1.7767854029850747
2012.92456,0.4494445535714286,0.34976166666666664,1.5747246428571429,1.7771231845238096
2012.9273,0.452416350148368,0.3515171810089021,1.574856884272997,1.7773120474777448
2012.93004,0.4599603550295858,0.35279671597633133,1.5751353846153846,1.7775784615384613
2012.93278,0.46412755162241887,0.3437578466076696,1.5753133628318585,1.7778054572271387
2012.93552,0.4667007058823529,0.33886223529411763,1.5754359117647057,1.7780014411764706
2012.93826,0.47209557184750733,0.3401672727272727,1.5755678885630497,1.7783468328445748
2012.941,0.47319383040935675,0.33919163742690056,1.5756551754385963,1.778448947368421
2012.94374,0.4755053644314869,0.34047425655976676,1.5756273760932946,1.7785317784256558
2012.94648,0.47902252906976744,0.3366814534883721,1.5757206976744185,1.7787047093023256
2012.94922,0.48322756521739124,0.335744347826087,1.5758570434782606,1.778905884057971
2012.95196,0.49131393063583817,0.33307459537572254,1.5758823410404625,1.7790184682080925
2012.9547,0.49565152737752166,0.33032979827089337,1.575887521613833,1.7792017291066284
2012.95744,0.49286752873563217,0.3326715517241379,1.5759856609195402,1.779310172413793
2012.96018,0.4966649570200573,0.32250885386819483,1.5761196848137538,1.7795861031518625
2012.96292,0.49921025714285716,0.3191117142857143,1.5762628285714286,1.7798395142857144
2012.96566,0.5037221082621082,0.31845367521367524,1.5762767521367522,1.779934757834758
2012.9684,0.509521846590909,0.3206164772727273,1.576277443181818,1.78007375
2012.97114,0.5153378753541076,0.32345719546742213,1.5763894617563738,1.7802301133144478
2012.97388,0.5218056497175141,0.3247186723163842,1.5764192372881356,1.78038302259887
2012.97662,0.5240182535211267,0.3310001408450704,1.5764748732394367,1.7805428169014086
2012.97936,0.5276716853932585,0.3319531460674157,1.5765042415730337,1.7806733707865168
2012.9821,0.5317257983193278,0.33102299719887956,1.5764784033613444,1.7807595518207284
2012.98484,0.5330682960893854,0.33679254189944136,1.5764785195530726,1.7808759776536311
2012.98758,0.5358388300835655,0.3414397771587744,1.5765366016713092,1.7810632590529247
2012.99032,0.54449775,0.3521740277777778,1.576655361111111,1.7812036666666669
2012.99306,0.5488409695290858,0.36009432132963987,1.576719030470914,1.7812747368421051
2012.9958,0.5543766298342542,0.3663068232044199,1.57676,1.781370718232044
2012.99854,0.5551279614325069,0.3761149311294766,1.5767657300275482,1.7814409366391184
2013.00128,0.5611645879120879,0.3863489010989011,1.576780934065934,1.781551043956044
2013.44516,0.5564232328767124,0.3756129041095891,1.5770272328767125,1.7818438904109588
2013.4479,0.5513863661202186,0.36872144808743174,1.5772532240437158,1.7821426502732243
2013.45064,0.5490155040871935,0.36412809264305174,1.577392970027248,1.782359863760218
2013.45338,0.5521285869565218,0.3695967391304347,1.5775507880434783,1.7825858695652173
2013.45612,0.5492934959349594,0.36764447154471547,1.5776607588075882,1.782738590785908
2013.45886,0.5498098378378379,0.3691422972972973,1.5779169729729732,1.783016837837838
2013.4616,0.5416127493261456,0.3733210781671159,1.5781219407008087,1.783226873315364
2013.46434,0.5361354032258064,0.37846293010752685,1.5783630913978495,1.7834973924731183
2013.46708,0.528259436997319,0.379895254691689,1.5785193029490616,1.7836902680965148
2013.46982,0.524172513368984,0.3813483155080214,1.578674679144385,1.7838992780748661
2013.47256,0.52113232,0.3724273066666666,1.5788138133333331,1.7841365066666668
2013.4753,0.5143007180851064,0.3713426595744681,1.5789706382978723,1.7843432180851064
2013.47804,0.5110262068965518,0.36534763925729447,1.5793044562334217,1.784682572944297
2013.48078,0.5021641269841269,0.36071933862433864,1.5794744444444444,1.784930396825397
2013.48352,0.49485897097625325,0.35262633245382585,1.5796465963060686,1.7851358047493404
2013.48626,0.487340552631579,0.34796968421052626,1.5797326578947368,1.7853401315789474
2013.489,0.4838966666666667,0.3469874278215223,1.579778845144357,1.78553375328084
2013.49174,0.4809089005235602,0.3472265968586387,1.5799004188481676,1.7857095549738218
2013.49448,0.4770107571801567,0.34948704960835514,1.5800304177545692,1.785932323759791
2013.49722,0.4762848697916667,0.355664453125,1.5802109114583331,1.7861706249999998
2013.49996,0.46851174025974024,0.35431527272727276,1.5803094025974027,1.7863148311688313
2013.5027,0.46344559585492223,0.3549617616580311,1.5803804404145076,1.7864749222797929
2013.50544,0.4609129974160207,0.35753932816537465,1.5804839534883721,1.7866199741602067
2013.50818,0.45634796391752575,0.35693770618556697,1.5805720618556702,1.786766649484536
2013.51092,0.4506479434447301,0.35659015424164525,1.580624061696658,1.7868654241645243
2013.51366,0.4407344615384615,0.3554152051282051,1.5807291282051283,1.7870059999999999
2013.5164,0.4336628644501279,0.35184122762148334,1.5807715856777493,1.7871693094629155
2013.51914,0.4315083418367347,0.35112125,1.5808020153061224,1.787308392857143
2013.52188,0.4266837659033079,0.34874496183206105,1.5808469974554709,1.7874164376590331
2013.52462,0.4175343147208122,0.3527249746192893,1.58113230964467,1.7876216751269036
2013.52736,0.40715865822784814,0.3545724810126582,1.5811908607594936,1.7877771392405064
2013.5301,0.39944487373737375,0.3494955808080808,1.581292904040404,1.7879063383838383
2013.53284,0.39701267002518886,0.3475138539042821,1.581397355163728,1.7880603022670027
2013.53558,0.38955336683417086,0.3459657537688442,1.5814751256281407,1.7881789195979898
2013.53832,0.383996992481203,0.34820142857142855,1.5827198997493734,1.7895835839598997
2013.54106,0.376361775,0.35360247499999997,1.5829037750000001,1.7897734499999998
2013.5438,0.3670024438902743,0.350242493765586,1.5829224438902743,1.7898800498753118
2013.54654,0.36140199004975126,0.34450278606965173,1.582978407960199,1.7900157711442786
2013.54928,0.35576816377171216,0.33765166253101736,1.5829796029776675,1.7901394540942928
2013.55202,0.3573116336633664,0.33217512376237623,1.5830437376237623,1.7902647772277227
2013.55476,0.35144834567901234,0.33087037037037037,1.5830733086419753,1.7903397037037037
2013.5575,0.3420901724137931,0.3315169458128079,1.583378866995074,1.7906671428571428
2013.56024,0.33728744471744476,0.3276876904176904,1.5834955036855036,1.79102
2013.56298,0.3319601225490196,0.32318019607843135,1.5835407352941175,1.7913576470588235
2013.56572,0.3254518826405868,0.322740293398533,1.5835772616136918,1.7915770904645478
2013.56846,0.3214469756097561,0.3198479512195122,1.5836164390243903,1.7916613170731708
2013.5712,0.3132069343065693,0.3206184184914842,1.583621678832117,1.7917362043795622
2013.57394,0.3047771844660194,0.32258570388349517,1.5836549514563105,1.7918463349514562
2013.57668,0.29771355932203386,0.32089363196125903,1.583713244552058,1.7920624697336562
2013.57942,0.29526461352657,0.31572574879227056,1.5837684541062804,1.7922554106280193
2013.58216,0.2901825301204819,0.3058541686746988,1.5837927710843374,1.7923458072289156
2013.5849,0.2831257451923077,0.30180076923076926,1.5838030769230769,1.7923828846153844
2013.58764,0.28044177458033576,0.2991735971223022,1.583921438848921,1.7925011270983213
2013.59038,0.27824755980861243,0.29780210526315787,1.583945215311005,1.7926736363636364
2013.59312,0.2761028400954654,0.29320477326968974,1.5839936992840096,1.792777494033413
2013.59586,0.27159061904761905,0.2914236904761905,1.5840392142857143,1.7928983333333333
2013.5986,0.26824555819477436,0.2854672684085511,1.5841037292161522,1.7929902850356296
2013.60134,0.26010201421800944,0.28295289099526066,1.584255568720379,1.7931274170616112
2013.60408,0.2532578486997636,0.2808112056737589,1.5843056028368796,1.793229219858156
2013.60682,0.24848926886792452,0.27234384433962266,1.58448625,1.7934408018867924
2013.60956,0.24100983529411765,0.26875310588235296,1.5845191764705884,1.7935392235294119
2013.6123,0.23517431924882629,0.2655327934272301,1.5845275352112675,1.7936178169014085
2013.61504,0.22930138173302106,0.26638290398126463,1.5846685011709603,1.7937669086651056
2013.61778,0.2277114018691589,0.2691861214953271,1.5848033878504673,1.7939559813084114
2013.62052,0.2242951515151515,0.2630756177156177,1.5848783916083915,1.7941441724941725
2013.62326,0.23571316279069768,0.2691658372093023,1.5883183255813955,1.7980090465116279
2013.63148,0.23522334106728537,0.27858619489559167,1.5924556380510442,1.8021090951276102
2013.63422,0.23044018518518516,0.2768022222222222,1.5926033564814814,1.8022813657407408
2013.63696,0.224229584295612,0.27575542725173213,1.5926543187066975,1.8024210854503462
2013.6397,0.21715442396313364,0.27551442396313364,1.5932456451612904,1.8031536866359448
2013.64244,0.2140528275862069,0.27601390804597703,1.5932178390804597,1.8032338390804596
2013.64518,0.20631717889908258,0.2736639220183486,1.5932776376146789,1.8033577981651376
2013.64792,0.2026795423340961,0.2707448741418764,1.593331876430206,1.8035294279176202
2013.65066,0.19731045662100458,0.2684250684931507,1.5933937671232876,1.8037128310502282
2013.6534,0.19039259681093393,0.26006029612756265,1.5934422323462414,1.8038619817767654
2013.65614,0.1807819772727273,0.25210997727272727,1.5934484318181819,1.8039167045454545
2013.65888,0.1781046485260771,0.24534680272108844,1.5936485487528345,1.8042268707482993
2013.66162,0.17132257918552038,0.2393554524886878,1.5936647285067873,1.804407036199095
2013.66436,0.16773670428893905,0.23967699774266368,1.593693860045147,1.804487065462754
2013.6671,0.16343578828828828,0.24255707207207208,1.5937436936936937,1.804672027027027
2013.66984,0.16013928089887638,0.23574244943820225,1.5937257752808989,1.8047634606741572
2013.67258,0.15524399103139014,0.22945979820627804,1.5938634304932737,1.8049757623318385
2013.67532,0.14850561521252795,0.2254706263982103,1.5939228859060401,1.8051460850111858
2013.67806,0.14729363839285714,0.22668370535714286,1.5938969419642857,1.8052235714285714
2013.6808,0.1408161469933185,0.21279256124721602,1.5939277505567928,1.8053333853006681
2013.68354,0.138086,0.2067712,1.5939404444444445,1.8054447333333332
2013.68628,0.13297184035476717,0.20588658536585366,1.5939095121951221,1.8055149445676275
2013.68902,0.12280143805309733,0.20406920353982302,1.593986128318584,1.8056152654867257
2013.69176,0.12251116997792494,0.19830538631346578,1.5939884105960265,1.8056827593818985
2013.6945,0.12055114537444933,0.19522253303964757,1.5939804845814978,1.805768127753304
2013.69724,0.11785764835164834,0.19263810989010988,1.5939954725274725,1.8059155824175825
2013.69998,0.11478638157894737,0.18454447368421054,1.5940129166666668,1.8060020833333335
2013.70272,0.11327638949671771,0.18008061269146608,1.5940226914660833,1.8060942231947483
2013.70546,0.11043532751091703,0.180445480349345,1.5940854366812227,1.8061879694323144
2013.7082,0.10605185185185184,0.17598660130718954,1.5940496949891068,1.8062473420479304
2013.71094,0.1062990652173913,0.16990932608695655,1.5940693913043478,1.8063722173913044
2013.71368,0.10186919739696312,0.15904633405639915,1.5940213015184383,1.8064587852494578
2013.71642,0.09323848484848485,0.15524688311688314,1.594048463203463,1.8065806926406927
2013.71916,0.08383587473002159,0.1490980129589633,1.5941254427645788,1.806795118790497
2013.7219,0.07642928879310344,0.14078303879310344,1.5941223706896552,1.8068742887931035
2013.72464,0.06716286021505377,0.13379978494623657,1.5941615698924732,1.8069708602150538
2013.72738,0.05855497854077253,0.12372339055793992,1.5942154935622317,1.8071083261802576
2013.73012,0.057575717344753745,0.10915616702355461,1.5943582869379016,1.8072196788008565
2013.73286,0.0544667735042735,0.10537688034188035,1.5943597008547008,1.8072502350427349
2013.7356,0.0522908315565032,0.09724618336886993,1.5943783582089552,1.8073393176972283
2013.73834,0.044731276595744676,0.09112374468085108,1.5944116808510638,1.8073928936170212
2013.74108,0.035612208067940555,0.07908808917197452,1.5945332059447983,1.807514373673036
2013.74382,0.03165966101694915,0.0697001059322034,1.5947007415254237,1.8076702966101694
2013.74656,0.02376684989429175,0.05950323467230444,1.5948968921775897,1.8078236152219873
2013.7493,0.01812748945147679,0.0517557805907173,1.5950117510548523,1.8079878902953588
2013.75204,0.01472313684210526,0.04792227368421053,1.5949947368421054,1.808107094736842
2013.75478,0.015655273109243695,0.0470305462184874,1.594955924369748,1.808229642857143
2013.75752,0.011441677148846958,0.04294471698113208,1.595004507337526,1.8083343815513628
2013.76026,0.010530962343096233,0.03692748953974896,1.5950069456066946,1.8084444351464435
2013.763,0.00626778705636743,0.02935006263048017,1.5950262630480165,1.8085502087682672
2013.76574,0.001833541666666664,0.025484687500000006,1.5952477708333332,1.8089114583333334
2013.76848,0.0023560914760914734,0.019137713097713106,1.5952544906444905,1.8090386902286901
2013.77122,-0.002193340248962658,0.012799709543568471,1.5952971576763486,1.809142572614108
2013.77396,-0.0047169979296066275,0.002166252587991723,1.5952726501035197,1.8091985714285714
2013.7767,-0.009708822314049589,0.000722665289256203,1.5952554132231405,1.8092581198347106
2013.77944,-0.014215422680412374,-0.0003487216494845315,1.5952525360824743,1.809313649484536
2013.78218,-0.017241851851851852,-0.0022395267489711893,1.5952044855967078,1.8093368930041152
2013.78492,-0.01843788501026694,-0.003199301848049277,1.5951613757700205,1.8093694455852156
2013.78766,-0.023931557377049183,-0.007080102459016389,1.5951326639344263,1.809424405737705
2013.7904,-0.02770674846625767,-0.009281165644171774,1.5951206134969325,1.8094960122699388
2013.79314,-0.030288265306122452,-0.010365836734693873,1.5950991632653062,1.8095561020408164
2013.79588,-0.034365682281059066,-0.0057258859470468385,1.59502366598778,1.809589816700611
2013.79862,-0.0404054674796748,-0.006823028455284548,1.5949954674796747,1.8096196544715446
2013.80136,-0.04426385395537525,-0.007591926977687622,1.5949767545638944,1.809688438133874
2013.8041,-0.05010793522267207,-0.01076131578947368,1.5949347165991903,1.8097346558704452
2013.80684,-0.05096810101010101,-0.010676222222222219,1.5949045252525254,1.809810323232323
2013.80958,-0.052642620967741936,-0.005711189516129029,1.5948977620967741,1.8098745967741936
2013.81232,-0.052152756539235415,-0.005316177062374242,1.5948538229376257,1.8099035613682093
2013.81506,-0.053630020080321285,-0.007045983935742968,1.5947868473895581,1.8099121686746988
2013.8178,-0.060299058116232464,-0.012302685370741478,1.5947293987975952,1.809942785571142
2013.82054,-0.0630947,-0.015309099999999996,1.59486174,1.8101603
2013.82328,-0.07005413173652696,-0.018294291417165667,1.5948505189620759,1.8102891017964071
2013.82602,-0.07580386454183266,-0.02044362549800796,1.5948715737051793,1.8103717529880476
2013.82876,-0.0813371968190855,-0.020835646123260436,1.5948465805168988,1.8104413121272365
2013.8315,-0.08789547619047619,-0.02133003968253968,1.5948216865079365,1.8105487896825396
2013.83424,-0.09004887128712871,-0.026225188118811877,1.5948632673267327,1.8107175643564357
2013.83698,-0.09625630434782609,-0.026700533596837942,1.5948864031620553,1.8109871146245058
2013.83972,-0.10459830374753452,-0.0418611439842209,1.5951123471400395,1.8114689743589742
2013.84246,-0.10863708661417323,-0.046338779527559056,1.5950939566929134,1.8116114763779527
2013.8452,-0.11147070726915521,-0.05563453831041257,1.5951732809430257,1.811848880157171
2013.84794,-0.11382782352941177,-0.06119456862745098,1.5953180196078431,1.8120601764705884
2013.85068,-0.11469751467710372,-0.0631817025440313,1.5953083757338553,1.8121468688845401
2013.85342,-0.11632875000000001,-0.06688056640625,1.59529876953125,1.8122296484375
2013.85616,-0.11982818713450293,-0.07464955165692008,1.5952846978557504,1.8122692007797272
2013.8589,-0.12448453307392997,-0.07845519455252918,1.595277431906615,1.8123121789883267
2013.86164,-0.1267667572815534,-0.07890891262135923,1.595238776699029,1.8123656699029127
2013.86438,-0.1264367441860465,-0.08335383720930233,1.5952338565891473,1.8124473837209303
2013.86712,-0.12980558994197294,-0.08512079303675048,1.5952267311411992,1.812512823984526
2013.86986,-0.13179974903474906,-0.09169438223938224,1.5951950965250965,1.8125762355212356
2013.8726,-0.13358707129094413,-0.0980603275529865,1.595181387283237,1.8126111368015414
2013.87534,-0.13894376923076923,-0.10845826923076923,1.5952188653846155,1.8126846923076922
2013.87808,-0.14517558541266795,-0.11433523992322456,1.5951741074856045,1.8127174856046064
2013.88082,-0.15008400383141762,-0.12100651340996169,1.5951782375478927,1.8127923180076628
2013.88356,-0.15000546845124282,-0.12273520076481836,1.595272963671128,1.8129650095602294
2013.8863,-0.1493120610687023,-0.12214501908396946,1.5953717366412214,1.813086316793893
2013.88904,-0.1502644380952381,-0.12659209523809523,1.5953424380952381,1.8131233333333334
2013.89178,-0.14919731939163497,-0.13244501901140684,1.5953044676806083,1.8131637072243345
2013.89452,-0.15080339658444025,-0.13623091081593927,1.5952315370018975,1.8131830550284629
2013.89726,-0.15196712121212122,-0.14338384469696971,1.595415,1.8135217803030304
2013.9,-0.1503507372400756,-0.14175240075614368,1.595418620037807,1.8136062192816635
2013.90274,-0.1458907358490566,-0.1415504716981132,1.5954287735849058,1.8136695849056603
2013.90548,-0.1417613559322034,-0.14100348399246704,1.5954519397363465,1.8137586064030131
2013.90822,-0.14237992481203007,-0.1434461090225564,1.5954489473684212,1.8138231766917294
2013.91096,-0.14573285178236398,-0.1462160975609756,1.595404765478424,1.8138341838649157
2013.9137,-0.14455945692883895,-0.15254194756554307,1.5953585767790261,1.8138605992509362
2013.91644,-0.1455972523364486,-0.1584822429906542,1.5953255327102802,1.8139023364485982
2013.91918,-0.14975552238805973,-0.16356524253731342,1.5954025932835822,1.8140072014925372
2013.92192,-0.15003359404096833,-0.16728737430167598,1.5955955865921787,1.8142140968342644
2013.92466,-0.15409434944237918,-0.16800007434944236,1.5955558364312268,1.814258345724907
2019.6951,-0.15656263450834879,-0.17262688311688312,1.5958357513914658,1.814222504638219
2019.69784,-0.15622853703703704,-0.17823168518518517,1.5962708703703703,1.8142954444444446
2019.70058,-0.15895046210720887,-0.18118243992606284,1.5964971534195933,1.8141749353049907
2019.70332,-0.16497166051660517,-0.18708057195571953,1.5968313468634685,1.8141360701107012
2019.70606,-0.16686874769797422,-0.19182874769797423,1.597102596685083,1.8141040883977901
2019.7088,-0.17495123161764708,-0.20034693014705884,1.5974323345588235,1.8140958272058822
2019.71154,-0.18089697247706424,-0.20848774311926604,1.597743889908257,1.8140976880733943
2019.71428,-0.18696315018315018,-0.2124876923076923,1.59794,1.814015586080586
2019.71702,-0.19327524680073124,-0.22047736745886654,1.5983319012797075,1.8141499817184645
2019.71976,-0.19714578467153285,-0.2212232299270073,1.5986801824817518,1.8142838868613138
2019.7225,-0.19764455373406192,-0.22414375227686703,1.5989408743169398,1.814200218579235
2019.72524,-0.20042087272727274,-0.22979432727272725,1.5991606909090907,1.8141735272727273
2019.72798,-0.19881987295825773,-0.23281344827586203,1.5993901996370237,1.8141303085299454
2019.73072,-0.20241244565217392,-0.23763210144927538,1.5995602536231885,1.8139992210144928
2019.73346,-0.20511433996383363,-0.24202350813743218,1.5998446473779386,1.8139730379746835
2019.7362,-0.20878599277978338,-0.2434015523465704,1.6000842057761733,1.8139237906137184
2019.73894,-0.21099153153153155,-0.24665818018018015,1.6003957837837837,1.8140663243243245
2019.74168,-0.21217591726618704,-0.25321311151079134,1.6006521942446044,1.8140846762589928
2019.74442,-0.20918664272890483,-0.2542730161579892,1.6009969120287253,1.8140634649910234
2019.74716,-0.2086268100358423,-0.255516164874552,1.601205752688172,1.8139831899641579
2019.7499,-0.21002720930232557,-0.25619023255813955,1.6013973166368516,1.8139425581395348
2019.75264,-0.20929698214285714,-0.2564518571428571,1.6017739464285714,1.813962642857143
2019.75538,-0.2107469696969697,-0.2609021568627451,1.6020750623885918,1.8139467023172906
2019.75812,-0.20641537366548043,-0.26057039145907473,1.602440925266904,1.8139748576512456
2019.76086,-0.20571666074600356,-0.2610060035523979,1.6026268738898757,1.8138742806394317
2019.7636,-0.20756058510638298,-0.26208966312056736,1.6028879964539007,1.81382445035461
2019.76634,-0.21045044247787612,-0.2622285663716814,1.6031481946902655,1.81382996460177
2019.76908,-0.21490190812720847,-0.263910035335689,1.6033768374558304,1.81381925795053
2019.77182,-0.2156368783068783,-0.26439223985890653,1.6037086243386243,1.8138619400352736
2019.77456,-0.21733343309859154,-0.2634244542253521,1.6040595950704226,1.8138528345070422
2019.7773,-0.22363147627416521,-0.26450289982425307,1.6042732337434094,1.8138083128295255
2019.78004,-0.2264296140350877,-0.2653606842105263,1.604480052631579,1.8137687719298243
2019.78278,-0.23071295971978983,-0.267030472854641,1.6047286514886165,1.813759877408056
2019.78552,-0.23404365384615386,-0.2731636013986014,1.6049521328671328,1.8137702447552448
2019.78826,-0.23720502617801045,-0.2708501570680628,1.6052837521815009,1.813850977312391
2019.791,-0.24252027874564458,-0.2715959407665505,1.605509512195122,1.8138387979094077
2019.79374,-0.24681817391304345,-0.2752754434782609,1.6057204173913042,1.8137995478260869
2019.79648,-0.2510675347222222,-0.2852067013888889,1.6059325868055554,1.8137922743055555
2019.79922,-0.2572461005199307,-0.2873520103986135,1.6061240034662045,1.813729410745234
2019.80196,-0.26257569204152253,-0.28934176470588235,1.606352750865052,1.8137397231833912
2019.8047,-0.2627066493955095,-0.2947950604490501,1.6066884974093265,1.813816493955095
2019.80744,-0.2616555,-0.2985233103448276,1.6068736206896552,1.8137713103448276
2019.81018,-0.2634318072289156,-0.30055261617900175,1.6070422030981066,1.8137215318416524
2019.81292,-0.26383027491408934,-0.30378176975945015,1.607408797250859,1.8137821993127148
2019.81566,-0.2675921269296741,-0.3093744253859348,1.6075481303602057,1.813731012006861
2019.8184,-0.2667822602739726,-0.3109845205479452,1.607667191780822,1.813667431506849
2019.82114,-0.26371986324786323,-0.3140752307692307,1.6078115213675215,1.8136181709401709
2019.82388,-0.2673191979522184,-0.3161201877133106,1.6079810068259386,1.8135722184300342
2019.82662,-0.2695717717206133,-0.3129288245315162,1.608169608177172,1.8135529642248722
2019.82936,-0.27306096938775515,-0.3147540646258503,1.6084322619047617,1.8135649659863944
2019.8321,-0.26991633276740234,-0.3178080305602716,1.6086783191850593,1.8135551273344652
2019.83484,-0.2690868474576271,-0.3172675254237288,1.6087922881355932,1.813475406779661
2019.83758,-0.2693052622673435,-0.3198563959390863,1.6089195600676818,1.8133990524534687
2019.84032,-0.2697621959459459,-0.3219658614864865,1.609155743243243,1.8133663175675676
2019.84306,-0.2728240809443508,-0.3222712141652614,1.6094710455311974,1.8134589207419898
2019.8458,-0.2706107575757576,-0.32512329966329967,1.6096763131313132,1.8134508922558923
2019.84854,-0.2716463025210084,-0.3275462521008403,1.609869243697479,1.81344443697479
2019.85128,-0.2694445469798658,-0.32441305369127516,1.6100111073825505,1.813430302013423
2019.85402,-0.2672998324958124,-0.3258738860971524,1.6101989614740368,1.813422361809045
2019.85676,-0.2662386287625418,-0.32974685618729094,1.6103842474916388,1.8133684615384615
2019.8595,-0.2627680300500835,-0.3277176961602671,1.6105419031719532,1.8133530050083475
2019.86224,-0.26398673333333333,-0.32915591666666666,1.6107163666666666,1.8133788499999999
2019.86498,-0.26243540765391016,-0.3308961397670549,1.6109979534109817,1.8133985024958401
2019.86772,-0.2611178903654485,-0.3275929900332226,1.611178754152824,1.8134074252491694
2019.87046,-0.2614492703150912,-0.32675913764510783,1.611357048092869,1.8134877777777778
2019.8732,-0.26177399006622515,-0.3268740231788079,1.611534751655629,1.8134813576158941
2019.87594,-0.26440780165289257,-0.33032302479338843,1.6122582479338843,1.8139234710743803
2019.87868,-0.26693168316831684,-0.3312827227722772,1.6124872772277228,1.813943580858086
2019.88142,-0.27119461285008234,-0.3334013179571664,1.612759341021417,1.8139998682042833
2019.88416,-0.2698277960526316,-0.3346336184210526,1.6128727302631578,1.8139670065789473
2019.8869,-0.26874732348111663,-0.3332286699507389,1.6131053201970442,1.814047159277504
2019.88964,-0.2650091639344262,-0.3292256557377049,1.6132442950819672,1.814020344262295
2019.89238,-0.2626476268412439,-0.33179774140752866,1.6133884942716856,1.8140236170212767
2019.89512,-0.26077526143790847,-0.33265124183006534,1.6136115522875816,1.8140778104575161
2019.89786,-0.2591221370309951,-0.3332692822185971,1.6138300978792823,1.8140779934747144
2019.9006,-0.2555422312703583,-0.3340601954397394,1.613983941368078,1.8140393648208468
2019.90334,-0.2565782601626016,-0.3276930406504065,1.6141222439024392,1.814003837398374
2019.90608,-0.2599074350649351,-0.32397542207792207,1.6142544642857144,1.8139520454545455
2019.90882,-0.2589691734197731,-0.32269508914100486,1.6144106158833065,1.8139553970826578
2019.91156,-0.25793629449838185,-0.31793406148867315,1.6145887055016181,1.8139439158576054
2019.9143,-0.257820549273021,-0.316119563812601,1.6147587399030694,1.8139161712439418
2019.91704,-0.254753,-0.315438935483871,1.6149002741935483,1.8138796451612902
2019.91978,-0.25522616747181964,-0.3144180998389694,1.6150674074074074,1.8138565217391305
2019.92252,-0.25726477491961414,-0.3143657877813505,1.6152209967845659,1.8137907395498394
2019.92526,-0.2561501926163724,-0.31168181380417337,1.6153666613162119,1.81376341894061
2019.928,-0.25517804487179485,-0.30785,1.6155044551282052,1.8137244391025642
2019.93074,-0.25280364800000005,-0.30463903999999997,1.615656608,1.813697312
2019.93348,-0.2523308466453674,-0.303106661341853,1.6157898083067093,1.8136541693290735
2019.93622,-0.25146822966507176,-0.30166909090909094,1.6159152153110048,1.8136009250398724
2019.93896,-0.2532097133757962,-0.30311885350318474,1.6161377547770701,1.8136237579617833
2019.9417,-0.2521199841017488,-0.29715920508744037,1.6163301907790144,1.8136479809220987
2019.94444,-0.24957760317460317,-0.2968317619047619,1.6165091746031748,1.8136503015873016
2019.94718,-0.24889690966719497,-0.2976485736925515,1.616634469096672,1.8135974009508715
2019.94992,-0.2501102215189873,-0.29832574367088605,1.6169331012658228,1.8136969778481011
2019.95266,-0.2531943443917851,-0.3005147867298578,1.6170609794628752,1.813638372827804
2019.9554,-0.2554006782334385,-0.3018726025236593,1.6172066876971611,1.8136291167192429
2019.95814,-0.2525223307086614,-0.30423617322834645,1.6173319212598425,1.8136242204724409
2019.96088,-0.24746852201257863,-0.3029529559748428,1.6174694811320753,1.8135948427672957
2019.96362,-0.24587116169544743,-0.29976384615384616,1.6177172841444272,1.813594332810047
2019.96636,-0.24245851097178686,-0.29390506269592476,1.6179298902821317,1.8135823354231977
2019.9691,-0.24248946791862286,-0.2914454773082942,1.6180948043818468,1.8136019405320816
2019.97184,-0.23957446875000002,-0.289700421875,1.618251984375,1.8135999999999999
2019.97458,-0.23839188767550704,-0.286643135725429,1.6184050702028083,1.813619516380655
2019.97732,-0.23770309968847353,-0.28541372274143306,1.6185774766355139,1.8136218380062303
2019.98006,-0.2360345567651633,-0.28602696734059097,1.618736765163297,1.8135885069984448
2019.9828,-0.23767810559006208,-0.2851373291925466,1.618866847826087,1.8135396118012421
2019.98554,-0.23787880620155039,-0.2858463875968992,1.6190556589147287,1.8135193023255813
2019.98828,-0.23414953560371518,-0.2841714705882353,1.6192617801857587,1.8135316873065013
2019.99102,-0.22882692426584234,-0.2836228748068006,1.6194690417310664,1.8135525347758887
2019.99376,-0.2274785339506173,-0.2822308641975309,1.619688148148148,1.8135648302469136
2019.9965,-0.22971773497688755,-0.2785709861325115,1.6198620647149462,1.8135573189522343
2019.99924,-0.2304987230769231,-0.27803526153846153,1.6199998769230768,1.813538553846154
2020.00198,-0.22886817204301074,-0.277603133640553,1.6201514746543777,1.813519846390169
2020.00472,-0.22677429447852762,-0.27186154907975457,1.620462147239264,1.8136108588957054
2020.00746,-0.22650558958652375,-0.26834333843797853,1.620676294027565,1.8136313935681472
2020.0102,-0.22403532110091745,-0.26589914373088686,1.6208544342507645,1.8136742966360857
2020.01294,-0.22323770992366412,-0.2593912366412214,1.621007328244275,1.8136862748091602
2020.01568,-0.22060358231707317,-0.25430312499999996,1.6211826676829268,1.8137080030487804
2020.01842,-0.21850205479452053,-0.2499342617960426,1.6212818264840183,1.8136668797564688
2020.02116,-0.21541092705167172,-0.24515676291793315,1.621463237082067,1.81375405775076
2020.0239,-0.2132376024279211,-0.24295274658573598,1.6216879362670713,1.8138117602427921
2020.02664,-0.2131188181818182,-0.2402014393939394,1.6217911212121212,1.8137720606060603
2020.02938,-0.2144794402420575,-0.23791136157337367,1.6218870045385778,1.8137172163388804
2020.03212,-0.21333993957703928,-0.23348223564954682,1.6219930664652569,1.8136417673716012
2020.03486,-0.21338886877828056,-0.2261439668174962,1.6220569834087482,1.8135886726998494
2020.0376,-0.208804593373494,-0.22372444277108436,1.6221120030120484,1.8135164006024096
2020.04034,-0.2070380902255639,-0.22025863157894737,1.6222798195488723,1.8135794436090227
2020.04308,-0.20522229729729732,-0.22159057057057058,1.6224332582582581,1.8136326726726726
2020.04582,-0.2006273163418291,-0.22080362818590704,1.6225169115442277,1.8135620389805098
2020.04856,-0.1961294011976048,-0.2171004491017964,1.622574371257485,1.813492994011976
2020.0513,-0.19325427503736922,-0.21108751868460388,1.6226489387144993,1.8134241554559043
2020.05404,-0.18949167164179104,-0.20559159701492535,1.6227991791044778,1.813404776119403
2020.05678,-0.18737165424739197,-0.20508579731743667,1.622847347242921,1.81331304023845
2020.05952,-0.18274998511904764,-0.20436181547619048,1.6229710416666667,1.8132993452380954
2020.06226,-0.17901523031203564,-0.2031561515601783,1.6230548736998514,1.8132448142644875
2020.065,-0.17702544510385756,-0.1986563946587537,1.623162462908012,1.8132285311572698
2020.06774,-0.17651362962962963,-0.19648607407407406,1.6232217925925927,1.8132136592592591
2020.07048,-0.17294363905325444,-0.1944603106508876,1.6233014644970414,1.8131784911242603
2020.07322,-0.1670941506646972,-0.19147800590841949,1.623404800590842,1.813184047267356
2020.07596,-0.16352393805309734,-0.1897661209439528,1.6235010176991151,1.8131165781710914
2020.0787,-0.15988125184094257,-0.1862822091310751,1.6235560972017675,1.813080353460972
2020.08144,-0.1573134705882353,-0.18474879411764705,1.6236280147058826,1.8130334558823529
2020.08418,-0.1565999853157122,-0.1827255800293686,1.623769295154185,1.8129813069016154
2020.08692,-0.1558675513196481,-0.18215019061583576,1.6238084897360705,1.812903768328446
2020.08966,-0.155003513909224,-0.17724322108345533,1.6238458711566617,1.8128345095168374
2020.0924,-0.15361809941520468,-0.1728555263157895,1.6239067982456141,1.8127989619883043
2020.09514,-0.14955153284671532,-0.16803008759124088,1.62397598540146,1.8127247153284671
2020.09788,-0.14963479591836737,-0.16494667638483965,1.624044970845481,1.8126747376093295
2020.10062,-0.14763288209606987,-0.16520756914119358,1.624101979621543,1.8125982096069868
2020.10336,-0.14619296511627908,-0.16497986918604648,1.6241873837209302,1.812540566860465
2020.1061,-0.14414712626995646,-0.16177950653120463,1.6242339477503627,1.8124937300435413
2020.10884,-0.14569511594202897,-0.1544570724637681,1.6242820579710144,1.8124337391304346
2020.11158,-0.14427140376266281,-0.14393062228654124,1.6243350506512302,1.8123938205499275
2020.11432,-0.14108684971098268,-0.14141200867052023,1.6244413294797688,1.8123765462427743
2020.11706,-0.13899177489177492,-0.13718258297258296,1.6245639826839828,1.812347417027417
2020.1198,-0.13720338616714697,-0.13316041786743515,1.624666296829971,1.8123540345821325
2020.12254,-0.13455489208633095,-0.12862805755395684,1.624741712230216,1.8122960000000001
2020.12528,-0.13185028735632184,-0.12581472701149424,1.6248102729885059,1.8122486637931037
2020.12802,-0.12851878048780488,-0.12507312769010043,1.624883601147776,1.8122067288378765
2020.13076,-0.12368199140401147,-0.12283131805157593,1.624935200573066,1.8121084383954154
2020.1335,-0.12282706723891273,-0.1202631330472103,1.6250230329041488,1.8120353505007154
2020.13624,-0.1171898,-0.11504709999999999,1.6251618,1.811995214285714
2020.13898,-0.11651104136947218,-0.10601623395149785,1.6253694151212554,1.8121134236804566
2020.14172,-0.11523970085470085,-0.10208001424501424,1.6254216666666668,1.8120706695156694
2020.14446,-0.11412368421052631,-0.10263916073968704,1.625557624466572,1.8120410810810812
2020.1472,-0.11227738636363636,-0.10104526988636363,1.6256061789772729,1.8119542897727272
2020.14994,-0.10871241134751773,-0.09711032624113475,1.6257464113475177,1.8119600567375886
2020.15268,-0.10682417847025497,-0.0946828045325779,1.6258551416430596,1.8119151699716713
2020.15542,-0.1062250919377652,-0.0943659405940594,1.625937397454031,1.8118561527581327
2020.15816,-0.10741675141242939,-0.09569597457627117,1.6260667655367234,1.8117882344632767
2020.1609,-0.10826462623413258,-0.09619486600846261,1.6261305641748944,1.811686897038082
2020.16364,-0.10953638028169015,-0.09829287323943661,1.6261599999999998,1.811610366197183
2020.16638,-0.1108251617440225,-0.09763444444444444,1.6262283684950773,1.8115572573839662
2020.16912,-0.10922217696629213,-0.09493766853932584,1.6263062780898878,1.811504297752809
2020.17186,-0.10972978962131838,-0.09392639551192146,1.6263629032258065,1.8114553436185132
2020.1746,-0.10931392156862745,-0.09602773109243698,1.626420980392157,1.8113680112044817
2020.17734,-0.10769313286713288,-0.0962286013986014,1.6264966853146854,1.811291188811189
2020.18008,-0.1094786033519553,-0.09536378491620111,1.626570558659218,1.8112414664804468
2020.18282,-0.11010100418410042,-0.09251167364016735,1.626611980474198,1.8111739748953977
2020.18556,-0.11224665738161561,-0.0892668384401114,1.6270476880222842,1.8114922562674096
2020.4212,-0.10134791666666666,-0.07548602777777777,1.6301436111111112,1.8139430694444445
2020.42394,-0.09883664355062415,-0.07573126213592232,1.6306014563106797,1.8141875312066573
2020.42668,-0.09688584487534627,-0.07536275623268698,1.6310468282548476,1.8143678254847646
2020.42942,-0.09686803596127247,-0.07032774550484093,1.6314590041493775,1.814556500691563
2020.43216,-0.09642852209944752,-0.06799914364640884,1.6318891988950275,1.814730732044199
2020.4349,-0.0948007724137931,-0.06933126896551724,1.6322081931034482,1.8148248137931036
2020.43764,-0.09269767217630855,-0.07127044077134986,1.63258044077135,1.8149729338842977
2020.44038,-0.09089286107290234,-0.07052940852819807,1.6328944291609355,1.8151156121045393
2020.44312,-0.0888384065934066,-0.0668101510989011,1.6332282005494505,1.815267967032967
2020.44586,-0.08722393689986283,-0.065920548696845,1.6334722633744854,1.8153042112482856
2020.4486,-0.08169834246575343,-0.06440649315068493,1.6338359863013698,1.8154345479452054
2020.45134,-0.08264976744186046,-0.06708041039671682,1.6341639398084815,1.81551560875513
2020.45408,-0.08195057377049181,-0.06377621584699454,1.6344467759562842,1.815565150273224
2020.45682,-0.07988717598908596,-0.06012274215552524,1.634757230559345,1.8156295634379263
2020.45956,-0.07925399182561307,-0.05671952316076294,1.634969209809264,1.8156638147138964
2020.4623,-0.08014042176870749,-0.05980634013605442,1.6352435102040817,1.8157316598639455
2020.46504,-0.07631336956521739,-0.056261644021739124,1.6355406250000002,1.815811766304348
2020.46778,-0.07178658073270014,-0.05288853459972863,1.6359043690637722,1.815897883310719
2020.47052,-0.07434882113821138,-0.050548102981029804,1.6362514634146341,1.8159750677506774
2020.47326,-0.07377780784844384,-0.046470270635994584,1.6366445331529091,1.8160644519621107
2020.476,-0.07322678378378379,-0.04270936486486487,1.6369631351351352,1.8161102297297298
2020.47874,-0.07089808367071525,-0.04294832658569501,1.6372450067476385,1.8161509446693656
2020.48148,-0.07118300539083558,-0.04107123989218329,1.6375214420485174,1.816211307277628
2020.48422,-0.06541958277254376,-0.038092032301480484,1.6378562449528937,1.8163652759084792
2020.48696,-0.06271553763440861,-0.03671677419354838,1.6382414112903225,1.8164831048387098
2020.4897,-0.06489612080536913,-0.035545704697986576,1.6385231543624161,1.8165649261744967
2020.49244,-0.06666556300268098,-0.0373635254691689,1.638799490616622,1.8166637399463808
2020.49518,-0.06651012048192771,-0.04182223560910308,1.6391725702811244,1.8168101472556892
2020.49792,-0.06694820855614973,-0.04390855614973262,1.6394411229946524,1.816839732620321
2020.50066,-0.06506288384512685,-0.04404188251001335,1.6396703738317757,1.8168692389853136
2020.5034,-0.06503145333333334,-0.04452601333333333,1.6399128933333336,1.8168913333333334
2020.50614,-0.06627793608521972,-0.043053288948069236,1.6401716910785618,1.816967083888149
2020.50888,-0.06927462765957447,-0.04388152925531914,1.6404666888297872,1.8169719281914896
2020.51162,-0.06890166002656042,-0.0479364807436919,1.640791593625498,1.817072934926959
2020.51436,-0.06974805039787799,-0.05017746684350133,1.6410757824933686,1.8171043633952255
2020.5171,-0.06952948344370861,-0.0495891655629139,1.6413163576158942,1.8171527152317881
2020.51984,-0.07047373015873017,-0.04929920634920634,1.6416434391534391,1.817220343915344
2020.52258,-0.07517458388375166,-0.05223508586525759,1.6418597225891678,1.817249035667107
2020.52532,-0.075540672823219,-0.056828614775725594,1.64216845646438,1.8173490105540897
2020.52806,-0.07914512516469038,-0.05674519104084322,1.6424718050065876,1.8174740843214756
2020.5308,-0.08054094736842106,-0.05559273684210526,1.6427287368421053,1.8175216315789475
2020.53354,-0.08428085413929041,-0.05661199737187911,1.6429940998685941,1.81756061760841
2020.53628,-0.09041337270341208,-0.05591910761154856,1.6433300524934382,1.8176524409448818
2020.53902,-0.0926735255570118,-0.055147260812581915,1.643624233289646,1.8177416120576673
2020.54176,-0.09555687172774868,-0.059422421465968586,1.6439388219895288,1.8177957591623035
2020.5445,-0.09609758169934642,-0.06502938562091502,1.644220862745098,1.817882117647059
2020.54724,-0.09565469973890339,-0.06764046997389034,1.6444719843342037,1.8179395300261096
2020.54998,-0.09930247718383313,-0.06791277705345501,1.6447013559322035,1.8180290612777055
2020.55272,-0.09903013020833333,-0.06991662760416666,1.6450520312499999,1.8181040364583332
2020.55546,-0.0960584265279584,-0.07129286085825748,1.6454528998699611,1.8182181534460338
2020.5582,-0.09623814285714286,-0.07551925974025973,1.6458257012987012,1.8183795974025974
2020.56094,-0.09328204928664073,-0.0763188326848249,1.6461315823605707,1.818459766536965
2020.56368,-0.09423081606217616,-0.07942641191709844,1.6463303626943004,1.8184874870466319
2020.56642,-0.09598262613195342,-0.08036342820181112,1.6465076972833117,1.818502082794308
2020.56916,-0.09422945736434109,-0.08146645994832041,1.6467562532299742,1.8185415245478036
2020.5719,-0.09431261935483871,-0.08467165161290323,1.647034,1.8187653806451611
2020.57464,-0.09613350515463917,-0.08625436855670103,1.6472901804123712,1.8188268170103092
2020.57738,-0.09305864864864864,-0.08572666666666666,1.647582882882883,1.8189022522522522
2020.58012,-0.09436528277634962,-0.08665582262210796,1.6478258097686376,1.8189680719794343
2020.58286,-0.09319699614890886,-0.08704648267008985,1.6480681129653403,1.8190219512195123
2020.5856,-0.09188893589743591,-0.08892252564102562,1.6483068333333333,1.8190662948717948
2020.58834,-0.09300247119078105,-0.0891809218950064,1.6485553008962868,1.8191480793854033
2020.59108,-0.09095797953964195,-0.09130485933503835,1.6488932864450128,1.819246074168798
2020.59382,-0.09255555555555556,-0.08950431673052363,1.6491403703703704,1.8192934738186461
2020.59656,-0.09380038265306123,-0.09454047193877552,1.6494472704081633,1.8193851785714286
2020.5993,-0.0952772611464968,-0.09611459872611464,1.6497092101910826,1.8194229426751594
2020.60204,-0.09932500000000001,-0.10301343511450381,1.6498954961832062,1.8194571119592875
2020.60478,-0.09941918678526049,-0.10279864040660737,1.6501650190597204,1.8194970139771285
2020.60752,-0.09991623096446701,-0.10450746192893401,1.6503927918781727,1.8194879568527917
2020.61026,-0.10114921419518377,-0.10368897338403041,1.650640494296578,1.8195567680608367
2020.613,-0.10038496202531645,-0.10672999999999999,1.6509548607594937,1.8196578987341772
2020.61574,-0.09948313527180784,-0.1068346017699115,1.6512421365360304,1.8197182048040454
2020.61848,-0.09948717171717172,-0.11060354797979799,1.6514703156565658,1.8197494191919192
2020.62122,-0.10127765447667088,-0.11501997477931902,1.6520739596469105,1.8201909457755359
2020.6267,-0.10068363979848866,-0.11049596977329976,1.6523150755667506,1.82027459697733
2020.62944,-0.09717116981132076,-0.11066055345911949,1.6525773836477986,1.8203834088050315
2020.63218,-0.09664572864321609,-0.11041187185929648,1.6528143467336684,1.8204435804020103
2020.63492,-0.09686897114178168,-0.11604007528230867,1.6531029234629864,1.8205496110414052
2020.63766,-0.09526288220551378,-0.12008696741854635,1.6535819674185466,1.820724298245614
2020.6404,-0.09732245306633291,-0.12129190237797245,1.6538370463078849,1.8207700500625783
2020.64314,-0.0987364375,-0.1242693,1.6540467,1.8207985
2020.64588,-0.09628503121098628,-0.12568916354556803,1.6542529338327092,1.8208211485642947
2020.64862,-0.09585923940149625,-0.1295897506234414,1.65452927680798,1.8208688902743142
2020.65136,-0.09723481942714819,-0.13147485678704857,1.6547487920298878,1.8208765504358657
2020.6541,-0.09849584577114429,-0.13410324626865672,1.6549303855721393,1.8208864800995024
2020.65684,-0.09975081987577639,-0.1350212298136646,1.65513449689441,1.8208679130434782
2020.65958,-0.10346501240694789,-0.13527858560794043,1.65535388337469,1.8208812406947892
2020.66232,-0.09993040892193308,-0.13913055762081783,1.6555097026022305,1.8209342874845105
2020.66506,-0.0991083292079208,-0.1359338613861386,1.6558353589108912,1.8209803960396038
2020.6678,-0.10007025957972807,-0.13834993819530284,1.6561630655129789,1.821043386897404
2020.67054,-0.10311592592592592,-0.14238287654320989,1.6563301481481483,1.8210134197530865
2020.67328,-0.10586501849568435,-0.14084025893958077,1.6565224784217016,1.820994833538841
2020.67602,-0.10274114532019704,-0.13854820197044335,1.6567883497536946,1.8210541871921182
2020.67876,-0.10095047970479705,-0.14220075030750307,1.656999544895449,1.8210547601476017
2020.6815,-0.09860357493857494,-0.14593077395577395,1.6572300982800983,1.8210542137592138
2020.68424,-0.10166568098159509,-0.15424106748466257,1.6574473251533743,1.8210840368098158
2020.68698,-0.10600416666666668,-0.15989786764705882,1.6583014093137256,1.8213463357843136
2020.68972,-0.11094359853121175,-0.16166611995104038,1.6586978702570379,1.821422851897185
2020.69246,-0.11498665036674816,-0.16328014669926652,1.6589958679706602,1.8214599633251833
2020.6952,-0.1131097557997558,-0.16369776556776555,1.6592959584859586,1.8215540659340659
2020.69794,-0.11222481707317072,-0.1649331219512195,1.6595600853658536,1.8216155121951219
2020.70068,-0.11371919610231425,-0.17025239951278928,1.6597700730816076,1.821639963459196
2020.70342,-0.11396619221411193,-0.17338035279805353,1.6600976642335767,1.8217089659367398
2020.70616,-0.11805784933171323,-0.17451088699878492,1.6604090036452004,1.821878055893074
2020.7089,-0.11597531553398058,-0.17380781553398056,1.6608304004854368,1.8220990169902913
2020.71164,-0.11541619393939394,-0.17781962424242423,1.6611050787878787,1.8221427636363636
2020.71438,-0.11397663438256658,-0.17837181598062954,1.6615120217917676,1.8222341283292978
2020.71712,-0.11566226118500605,-0.1832314631197098,1.661740483675937,1.8222454655380895
2020.71986,-0.12007286231884058,-0.1846945652173913,1.6619251207729469,1.822272270531401
2020.7226,-0.11901884197828709,-0.18579511459589867,1.6621664776839564,1.8223056453558504
2020.72534,-0.11762837349397591,-0.18638502409638555,1.6624239638554217,1.822408530120482
2020.72808,-0.121906293622142,-0.19448540312876053,1.6627003008423586,1.8225431528279181
2020.73082,-0.12482495192307692,-0.19890209134615383,1.6630162620192306,1.822604735576923
2020.73356,-0.12797026410564227,-0.20153432172869146,1.66325237695078,1.8225946338535415
2020.7363,-0.12684142685851318,-0.20358754196642687,1.6634934652278177,1.8225999400479616
2020.73904,-0.1222142754491018,-0.20716083832335327,1.6637007544910178,1.8225909700598804
2020.74178,-0.11894705741626795,-0.2099186244019139,1.6643402870813397,1.8230535406698565
2020.74452,-0.11806953405017921,-0.211703715651135,1.664492210274791,1.8230111947431304
2020.74726,-0.12098724343675418,-0.21479047732696896,1.6646382577565633,1.8229722315035801
2020.75,-0.1203242789034565,-0.21588344457687722,1.664817020262217,1.8229497497020264
2020.75274,-0.11837676190476192,-0.21268972619047619,1.664970595238095,1.8229709642857141
2020.75548,-0.11608980975029726,-0.21342319857312722,1.6651182996432816,1.8229550772889416
