2013.56298,0.57367,-1.73489,1.12208,1.35557
2013.56572,1.356965,-2.29483,1.118655,1.328795
2013.56846,2.1442633333333334,-2.4081033333333335,1.1175133333333334,1.3214
2013.5712,1.8988099999999999,-2.36121,1.1125375,1.313495
2013.57394,1.714058,-1.90985,1.109552,1.3096700000000001
2013.57668,1.7501550000000001,-1.6550900000000002,1.1111516666666665,1.31171
2013.57942,1.4638799999999998,-1.6511014285714285,1.109217142857143,1.30825
2013.58216,1.36799875,-1.6415950000000001,1.1083775,1.30775875
2013.5849,1.2164899999999998,-1.6488544444444446,1.1076155555555556,1.306101111111111
2013.58764,1.159343,-1.90095,1.107496,1.305693
2013.59038,1.0839127272727274,-2.0449263636363635,1.1076654545454545,1.305150909090909
2013.59312,1.0115208333333332,-2.0011466666666666,1.1070716666666667,1.3046991666666667
2013.59586,0.9325423076923076,-2.0148623076923076,1.1073976923076922,1.305376153846154
2013.5986,0.9785314285714285,-2.084895714285714,1.107257857142857,1.3047542857142855
2013.60134,1.001562,-2.1205833333333333,1.1072673333333334,1.3040113333333332
2013.60408,1.0695006249999999,-2.1734275,1.107275625,1.3035525
2013.60682,1.1091876470588233,-2.1631064705882355,1.107340588235294,1.3037776470588236
2013.60956,1.1092199999999999,-2.2493144444444444,1.1073983333333333,1.304445
2013.6123,1.0600694736842105,-2.3894415789473684,1.1075015789473683,1.305002105263158
2013.61504,1.094514,-2.4314500000000003,1.109014,1.306077
2013.61778,1.0840871428571428,-2.423547142857143,1.1094033333333333,1.3064304761904761
2013.62052,1.07559,-2.3879027272727273,1.1090449999999998,1.306369090909091
2013.62326,1.0227704347826088,-2.464439565217391,1.1088882608695652,1.3064130434782608
2013.626,1.00804375,-2.5311350000000004,1.1086220833333333,1.3063258333333334
2013.62874,0.9182392,-2.58537,1.1086124,1.3060924
2013.63148,0.9301069230769231,-2.5132396153846153,1.1124446153846153,1.31235
2013.63696,0.8844625925925925,-2.6516175,1.1119674074074073,1.3418025
2013.6397,0.8589928571428571,-2.635131724137931,1.1114896428571428,1.3402989655172415
2013.64244,0.8278172413793103,-2.5474076666666665,1.1113148275862068,1.339176
2013.64518,0.7624396666666667,-2.5225651612903226,1.1107273333333334,1.3378541935483872
2013.64792,0.7059122580645161,-2.5174903125,1.1103987096774193,1.3366387499999999
2013.65066,0.64681125,-2.4892951515151513,1.1099071875,1.3351957575757574
2013.6534,0.573189090909091,-2.544343235294118,1.1106027272727272,1.335165
2013.65614,0.534915,-2.5720422857142857,1.1103644117647058,1.3339777142857143
2013.65888,0.5425019999999999,-2.6188102777777775,1.1105874285714286,1.3341524999999999
2013.66162,0.5362675,-2.639938918918919,1.1107980555555554,1.3332427027027027
2013.66436,0.49938594594594593,-2.6444786842105263,1.1104416216216215,1.3320386842105263
2013.6671,0.5149086842105263,-2.6109364102564103,1.110413157894737,1.331249487179487
2013.66984,0.5293428205128204,-2.5898932500000003,1.1103107692307692,1.33034675
2013.67258,0.51867,-2.613141951219512,1.110801,1.330700731707317
2013.67532,0.49853243902439026,-2.613185476190476,1.1111478048780488,1.3305461904761904
2013.67806,0.48277261904761903,-2.631293953488372,1.1109885714285714,1.330043023255814
2013.6808,0.5238062790697674,-2.5829629545454544,1.1113832558139534,1.3298234090909091
2013.68354,0.5056018181818182,-2.5663773333333335,1.110780909090909,1.3286955555555555
2013.68628,0.502642,-2.565618695652174,1.110227111111111,1.3277165217391305
2013.68902,0.47975847826086954,-2.578719574468085,1.1097823913043479,1.3269257446808511
2013.69176,0.43513787234042556,-2.6251054166666665,1.10944,1.32618375
2013.6945,0.42328479166666666,-2.6273302040816326,1.109111875,1.3253783673469388
2013.69724,0.4185602040816326,-2.6447636,1.108857142857143,1.3246664000000001
2013.69998,0.4037166,-2.6680796078431372,1.108593,1.3239974509803922
2013.70272,0.4312705882352941,-2.6654196153846152,1.108396862745098,1.3233688461538462
2013.70546,0.43489153846153844,-2.6718388679245284,1.108076346153846,1.3226484905660376
2013.7082,0.4125758490566037,-2.653388518518519,1.1083590566037735,1.3225074074074075
2013.71094,0.4240235185185185,-2.6263887272727273,1.1085407407407406,1.322413090909091
2013.71368,0.41290218181818183,-2.6567439285714287,1.1083774545454546,1.3218167857142855
2013.71642,0.39126,-2.6516108771929825,1.1081676785714285,1.3211742105263158
2013.71916,0.3827208771929824,-2.652325172413793,1.1077763157894738,1.3204879310344828
2013.7219,0.35324517241379305,-2.637589491525424,1.1078203448275863,1.320162033898305
2013.72464,0.33408372881355936,-2.6158596666666667,1.107514406779661,1.3193625
2013.72738,0.3039543333333333,-2.567364918032787,1.1073003333333333,1.3188650819672132
2013.73012,0.29456016393442624,-2.5614648387096777,1.107173442622951,1.3183466129032257
2013.73286,0.2721238709677419,-2.5278771428571427,1.106798064516129,1.317431746031746
2013.7356,0.26982190476190476,-2.5114778125,1.1064501587301587,1.31649765625
2013.73834,0.24938234374999999,-2.490181230769231,1.1060825,1.315615846153846
2013.74108,0.22558092307692307,-2.4485584848484847,1.105741230769231,1.3148419696969695
2013.74382,0.22849454545454545,-2.4114898507462685,1.105914696969697,1.3145935820895522
2013.74656,0.17967343283582088,-2.3950979411764703,1.1057907462686567,1.3140261764705883
2013.7493,0.15722338235294117,-2.384396811594203,1.1054832352941177,1.3132202898550724
2013.75204,0.14156304347826085,-2.3701854285714288,1.105581884057971,1.3130275714285713
2013.75478,0.13471585714285714,-2.3329501408450706,1.1052721428571428,1.3123984507042254
2013.75752,0.13301352112676054,-2.3076225,1.1062812676056337,1.3131255555555557
2013.76026,0.12861680555555555,-2.29522,1.106133611111111,1.3125438356164383
2013.763,0.12438972602739724,-2.27434027027027,1.1058424657534247,1.3120087837837837
2013.76574,0.09947405405405405,-2.2480824,1.1059428378378378,1.3118450666666666
2013.76848,0.09737773333333331,-2.227158684210526,1.1059100000000002,1.3116956578947367
2013.77122,0.14395986842105263,-2.2603690909090908,1.1202686842105265,1.3247737662337662
2013.77396,0.14712168831168831,-2.249641794871795,1.1199616883116883,1.324423205128205
2013.7767,0.13646641025641024,-2.2256149367088605,1.1196751282051283,1.3240040506329114
2013.77944,0.1358479746835443,-2.2004247500000003,1.1193958227848102,1.323480625
2013.78218,0.123985375,-2.163116913580247,1.1222077499999998,1.3275223456790124
2013.78492,0.13848654320987652,-2.1356043902439024,1.123137037037037,1.3283775609756097
2013.78766,0.13443658536585365,-2.1079710843373496,1.122849512195122,1.3280046987951808
2013.7904,0.13125036144578311,-2.088482380952381,1.1225218072289156,1.3276134523809524
2013.79314,0.13274238095238095,-2.069815529411765,1.1221785714285715,1.3270963529411766
2013.79588,0.12754741176470588,-2.0376162790697676,1.121808823529412,1.3265468604651163
2013.79862,0.10366616279069767,-2.0236386206896553,1.1214818604651162,1.3260714942528735
2013.80136,0.10455919540229884,-2.023340909090909,1.1213425287356322,1.3257026136363637
2013.8041,0.09927954545454544,-1.9996440449438202,1.1212507954545454,1.3254021348314606
2013.80684,0.09896797752808988,-1.9707391111111112,1.1208531460674158,1.3249723333333334
2013.80958,0.09888099999999998,-1.9314571428571428,1.1204752222222223,1.3244763736263736
2013.81232,0.10408813186813186,-1.9135929347826088,1.1202239560439562,1.324099239130435
2013.81506,0.11468858695652173,-1.8862191397849464,1.1198504347826088,1.3236808602150538
2013.8178,0.11370182795698923,-1.8755222340425532,1.1195796774193547,1.3233364893617021
2013.82054,0.1236573404255319,-1.8530597894736842,1.1194605319148936,1.323079894736842
2013.82328,0.13074631578947368,-1.8217932291666667,1.1192510526315789,1.3227569791666667
2013.82602,0.11852260416666666,-1.7758215463917526,1.1218304166666666,1.3259502061855668
2013.82876,0.11389144329896905,-1.7440604081632654,1.1216412371134021,1.3256279591836735
2013.8315,0.10978938775510204,-1.732000303030303,1.1213860204081634,1.3253045454545456
2013.83424,0.11212979797979797,-1.7089002,1.1214524242424242,1.32524
2013.83698,0.1097393,-1.6878602970297032,1.1214880999999999,1.3254342574257427
2013.83972,0.1039169306930693,-1.6586729411764707,1.1214552475247526,1.3255122549019607
2013.84246,0.09817529411764704,-1.626691941747573,1.1211830392156863,1.325039126213592
2013.8452,0.09560912621359223,-1.5967190384615386,1.1209636893203883,1.3247589423076924
2013.84794,0.08095384615384615,-1.5787920952380952,1.1207014423076922,1.3243675238095238
2013.85068,0.0691547619047619,-1.56462679245283,1.120425523809524,1.3239690566037736
2013.85342,0.059942452830188675,-1.5404167289719626,1.1203395283018867,1.3237282242990656
2013.85616,0.06264616822429905,-1.5252094444444444,1.1203467289719626,1.3235626851851852
2013.8589,0.06692564814814814,-1.5040232110091745,1.120063611111111,1.3232036697247707
2013.86164,0.07482935779816513,-1.4773392727272727,1.119839633027523,1.3229137272727274
2013.86438,0.07834018181818181,-1.4563602702702703,1.1197087272727273,1.3226014414414415
2013.86712,0.0792526126126126,-1.441995892857143,1.119439009009009,1.3222059821428573
2013.86986,0.08172544642857142,-1.4252829203539823,1.1192178571428573,1.3218581415929203
2013.8726,0.07658451327433628,-1.4259761403508773,1.1190525663716815,1.3215499122807017
2013.87534,0.07556535087719297,-1.3982040869565218,1.118950350877193,1.3213800869565218
2013.87808,0.08020382608695652,-1.3733925862068965,1.1187221739130435,1.3210681034482759
2013.88082,0.07033646551724138,-1.34588452991453,1.1188356034482758,1.3210557264957266
2013.88356,0.04279666666666666,-1.3586213559322033,1.1189805128205128,1.321173220338983
2013.8863,0.04133889830508474,-1.3324288235294117,1.1187827966101695,1.320903025210084
2013.88904,0.05131394957983193,-1.2993885,1.1185966386554622,1.3206883333333332
2013.89178,0.05841933333333333,-1.2766619008264464,1.1183809166666667,1.3203696694214875
2013.89452,0.059453553719008255,-1.2513560655737703,1.1181282644628099,1.3200060655737704
2013.89726,0.0606805737704918,-1.23198918699187,1.1178797540983605,1.3196546341463415
2013.9,0.06329089430894308,-1.2044982258064516,1.1178183739837397,1.3195124193548387
2013.90274,0.06815419354838709,-1.18251816,1.1177895967741935,1.31937248
2013.90548,0.0733284,-1.159124126984127,1.11761248,1.3191011904761905
2013.90822,0.07648873015873016,-1.1421369291338583,1.1174692063492064,1.318798031496063
2013.91096,0.07320236220472441,-1.12643765625,1.117351338582677,1.318613203125
2013.9137,0.07463609375,-1.1068103100775193,1.117181796875,1.3183778294573643
2013.91644,0.07249403100775194,-1.0820686153846155,1.117022480620155,1.3180754615384616
2013.92192,0.05188648854961832,-1.0591532061068702,1.117174503816794,1.317847786259542
2013.92466,0.04734257575757575,-1.0402583333333333,1.1169891666666665,1.3175250757575758
2013.9274,0.05405195488721804,-1.0150527067669173,1.1180875939849624,1.31871992481203
2013.93014,0.06392783582089552,-0.9898047761194029,1.1183731343283583,1.3189035820895523
2013.93562,0.06429325925925926,-0.9595702962962963,1.1253705925925925,1.3279471851851852
2013.93836,0.06460772058823529,-0.9370544852941176,1.1250296323529412,1.3274584558823528
2013.9411,0.06371029197080293,-0.9215526277372263,1.1246936496350366,1.3271108759124088
2013.94384,0.05871521739130435,-0.8984077536231885,1.1298684057971016,1.3337309420289856
2013.94658,0.058277338129496405,-0.8761390647482015,1.1297701438848922,1.3334973381294966
2013.94932,0.0542285,-0.8572876428571429,1.1293795714285713,1.3330157142857142
2013.95206,0.048432765957446805,-0.8361141134751773,1.1289806382978724,1.3325897163120568
2013.9548,0.03995528169014085,-0.8208295070422535,1.1291251408450704,1.3326707746478874
2013.95754,0.03362146853146853,-0.7958976923076924,1.128747272727273,1.3322531468531469
2013.96028,0.024831111111111113,-0.7764779861111112,1.1285718055555556,1.3320219444444446
2013.96302,0.017042,-0.7476701379310345,1.1283515172413794,1.3317200689655173
2013.96576,0.008760890410958904,-0.7316670547945205,1.1281006849315067,1.3313123287671234
2013.9685,0.010691768707482993,-0.7154455102040816,1.1278532653061224,1.3309569387755102
2013.97124,0.009654594594594595,-0.6966788513513513,1.1276224324324324,1.3306322297297297
2013.97398,0.012964228187919462,-0.6767136241610738,1.127480134228188,1.3303272483221478
2013.97672,0.011753666666666667,-0.6671804666666667,1.1272875333333334,1.3299702666666666
2013.97946,-0.007145496688741723,-0.6408390066225166,1.127136357615894,1.3297396026490067
2013.9822,-0.0045881578947368435,-0.6325736184210526,1.126948552631579,1.3293811184210527
2013.98494,-0.007949281045751636,-0.6188533986928105,1.1267311764705883,1.3290122875816992
2013.98768,-0.006464155844155845,-0.6003495454545454,1.1265801948051948,1.328697922077922
2013.99042,-0.009220193548387098,-0.580748193548387,1.1264627741935485,1.3284369677419354
2013.99316,-0.00119346153846154,-0.573653782051282,1.126346858974359,1.3282039102564103
2013.9959,0.005817579617834393,-0.5628082165605095,1.1261638216560508,1.3278373885350319
2013.99864,0.0032182911392405044,-0.5440042405063291,1.1260326582278481,1.327538417721519
2014.00412,0.010973647798742136,-0.5256050943396227,1.1258477358490566,1.3272335849056602
2014.00686,-0.007439187500000002,-0.5078226875,1.1257446875,1.3270234374999998
2014.0096,-0.014663105590062115,-0.4899312422360248,1.1256550310559006,1.3267826086956522
2014.01234,-0.018158395061728397,-0.4683216666666667,1.125632962962963,1.326591975308642
2014.01508,-0.01824515337423313,-0.44357773006134965,1.125593190184049,1.326399018404908
2014.01782,-0.009449207317073173,-0.4215860365853659,1.125571768292683,1.3262503658536584
2014.02056,-0.0028107878787878805,-0.40648442424242426,1.1253963636363638,1.3260154545454546
2014.0233,-0.0026042168674698814,-0.3959134337349398,1.1254648795180722,1.3259031927710843
2014.02604,-0.0011390419161676664,-0.36554017964071855,1.1254798203592815,1.325686886227545
2014.02878,-0.004253273809523811,-0.3540992261904762,1.12547125,1.3255505952380953
2014.03152,-0.02264076923076923,-0.34487579881656805,1.125317928994083,1.3253117751479289
2014.03426,-0.026414294117647057,-0.3239895882352941,1.1251837058823528,1.325125294117647
2014.037,-0.02315777777777778,-0.31690251461988306,1.1250510526315791,1.324900701754386
2014.03974,-0.020941453488372095,-0.3121064534883721,1.124965465116279,1.3246920930232557
2014.04248,-0.022758901734104046,-0.30054433526011565,1.1251356069364162,1.3248661849710983
2014.04522,-0.022735977011494254,-0.2901201724137931,1.1250899425287355,1.324664540229885
2014.04796,-0.019132742857142858,-0.27286017142857144,1.1248881142857143,1.3244171428571427
2014.0507,-0.020430738636363636,-0.2522558522727273,1.1247108522727272,1.3241594886363635
2014.05344,-0.017247401129943506,-0.23279327683615822,1.1245522033898305,1.3239738983050848
2014.05618,-0.0138661797752809,-0.21853747191011236,1.1243733146067416,1.323713033707865
2014.05892,-0.01612837988826816,-0.2070268715083799,1.1241909497206704,1.323412346368715
2014.06166,-0.016045444444444446,-0.19070455555555557,1.1239888333333334,1.3231532777777777
2014.0644,-0.01978337016574586,-0.17410889502762433,1.1238701104972375,1.3231210497237569
2014.06714,-0.02050989010989011,-0.16527736263736265,1.1237580769230768,1.323164835164835
2014.06988,-0.02370065573770492,-0.15092967213114755,1.1237007650273223,1.3230242076502732
2014.07262,-0.020478532608695654,-0.14466119565217392,1.123585543478261,1.3228185869565217
2014.07536,-0.01961772972972973,-0.13587064864864867,1.1234292432432431,1.322578
2014.0781,-0.02222537634408602,-0.11775462365591399,1.123474677419355,1.3226813440860214
2014.08084,-0.02450245989304813,-0.10676754010695187,1.1233154010695188,1.3224604278074865
2014.08358,-0.02824686170212766,-0.09685414893617023,1.123178670212766,1.322274414893617
2014.08632,-0.02731883597883598,-0.07756354497354498,1.1231210582010582,1.3221105820105818
2014.08906,-0.03704231578947369,-0.05949373684210527,1.1342261578947368,1.3405902631578948
2014.0918,-0.039961884816753925,-0.044650104712041894,1.1377253926701572,1.3448141361256545
2014.09454,-0.035108281250000005,-0.020821562500000012,1.1374807291666666,1.3444916666666666
2014.09728,-0.03126559585492228,0.002465336787564758,1.137370518134715,1.3443548704663213
2014.10002,-0.028088505154639176,0.025600463917525764,1.1372967525773197,1.3443101546391754
2014.10276,-0.026725435897435895,0.040575794871794864,1.1372036923076922,1.3440893846153845
2014.1055,-0.02326612244897959,0.06245505102040815,1.1369167346938776,1.3437030102040817
2014.10824,-0.020701827411167512,0.0813564467005076,1.1367122335025381,1.343433197969543
2014.11098,-0.017857424242424244,0.10048166666666665,1.1367026262626263,1.3433631313131313
2014.11372,-0.019144120603015076,0.1208072361809045,1.1364815577889447,1.3431284924623117
2014.11646,-0.023135,0.13244014999999998,1.13632635,1.3429114999999998
2014.1192,-0.02612800995024876,0.13761462686567164,1.1360996019900498,1.34267
2014.12194,-0.028672574257425743,0.15525331683168317,1.1359962871287128,1.3427338613861386
2014.12468,-0.030016748768472906,0.1685710344827586,1.1359518719211823,1.3426275369458127
2014.12742,-0.029021274509803924,0.19014112745098039,1.135826274509804,1.3424584803921569
2014.13016,-0.04080824390243903,0.19271112195121953,1.135625512195122,1.3422425853658537
2014.1329,-0.04695359223300971,0.2040771359223301,1.1356453398058253,1.3421624757281554
2014.13564,-0.06813333333333334,0.21811169082125603,1.1358257971014492,1.34217922705314
2014.13838,-0.06946716346153846,0.23111283653846154,1.1363434615384616,1.3426996634615382
2014.14112,-0.06847913875598086,0.24008105263157895,1.1361019138755981,1.3424135406698565
2014.14386,-0.06715485714285714,0.25224538095238097,1.1358859523809524,1.3421410476190476
2014.1466,-0.066560663507109,0.2561054028436019,1.135685971563981,1.3419291469194312
2014.14934,-0.0625636320754717,0.26329278301886794,1.1354647641509434,1.341665141509434
2014.15208,-0.057244553990610327,0.2718592488262911,1.1352961971830986,1.3414682629107981
2014.15482,-0.05348640186915888,0.281435,1.1351566822429906,1.3411802803738317
2014.15756,-0.05147209302325581,0.2892152558139535,1.1350139069767442,1.3407917674418603
2014.1603,-0.048927361111111116,0.29419254629629626,1.1350582870370372,1.3407291666666667
2014.16304,-0.04577663594470047,0.31141483870967746,1.1349759447004608,1.340543732718894
2014.16578,-0.0466337614678899,0.32562188073394494,1.1347730733944954,1.3403214220183486
2014.16852,-0.05451228310502283,0.33332986301369866,1.1348224200913242,1.3402827853881278
2014.17126,-0.06312559090909091,0.34312286363636363,1.134840181818182,1.340213181818182
2014.174,-0.07065823529411765,0.3497418099547511,1.1348976470588235,1.340206515837104
2014.17674,-0.0768636036036036,0.35437824324324324,1.1348046396396396,1.3400896396396398
2014.17948,-0.07611825112107623,0.35158798206278025,1.1349495515695067,1.3403168609865472
2014.18222,-0.07883227678571428,0.3529615625,1.1349664285714287,1.3403303125000001
2014.18496,-0.08023066666666667,0.3562835111111111,1.1348569333333334,1.3401090666666666
2014.1877,-0.075145,0.35984207964601767,1.1350387168141594,1.3401402654867256
2014.19044,-0.07125132158590308,0.3617046255506608,1.135063612334802,1.340110528634361
2014.19318,-0.06702513157894736,0.36413469298245615,1.1349379824561403,1.3398897807017542
2014.19592,-0.06816515283842794,0.36200694323144106,1.1348433624454148,1.3396976855895197
2014.19866,-0.06977530434782608,0.36714604347826085,1.1347666086956523,1.3395471739130433
2014.2014,-0.06970658008658008,0.3766783982683983,1.1347244155844154,1.3393847186147188
2014.20414,-0.0668684051724138,0.3816146551724138,1.1375946551724139,1.3426397844827587
2014.20688,-0.07207648068669528,0.3795843776824034,1.138645879828326,1.3439954506437768
2014.20962,-0.0738074358974359,0.3854984615384615,1.1384537606837608,1.3437899145299146
2014.21236,-0.07149136170212766,0.389715914893617,1.1383632765957448,1.3436219574468085
2014.2151,-0.07045084745762711,0.39338118644067793,1.1383440677966101,1.3435137711864407
2014.21784,-0.06841240506329115,0.40500337552742616,1.138151518987342,1.3432967510548524
2014.22058,-0.06774991596638656,0.41008302521008405,1.1401862605042017,1.3462218907563024
2014.22332,-0.06574322175732218,0.4180035146443515,1.140077740585774,1.3460401673640168
2014.22606,-0.06443825,0.4250835,1.1398967083333333,1.3458185
2014.2288,-0.06254,0.43325875518672197,1.1397253112033197,1.3456431120331949
2014.23154,-0.0661963223140496,0.4337512396694215,1.1395593388429752,1.3454597107438016
2014.23428,-0.06785300411522634,0.43869695473251025,1.1394430864197531,1.345268353909465
2014.23702,-0.07086254098360656,0.4426477049180328,1.139311762295082,1.3450597540983606
2014.23976,-0.07464506122448979,0.44493812244897957,1.1393333469387754,1.3451432653061224
2014.2425,-0.07428467479674797,0.44031609756097556,1.1391278861788618,1.3449151219512194
2014.24524,-0.0738395951417004,0.4339384210526316,1.1408268825910932,1.3472377732793521
2014.24798,-0.0644004435483871,0.4418346370967742,1.141035564516129,1.3475459274193549
2014.25072,-0.06575710843373493,0.44228220883534136,1.1409083534136546,1.3473661847389558
2014.25346,-0.06556852,0.44661068,1.14082132,1.34716644
2014.2562,-0.06801254980079681,0.44930354581673304,1.1407856972111554,1.3470841035856573
2014.25894,-0.07194277777777779,0.45153503968253966,1.1409368253968253,1.3472119047619047
2014.26168,-0.0789107114624506,0.45672169960474307,1.1409164822134386,1.3472388932806325
2014.26442,-0.07803799212598427,0.4537301968503937,1.1408076377952754,1.3470337795275589
2014.26716,-0.07979329411764706,0.4559783137254902,1.1406919607843136,1.346836274509804
2014.2699,-0.084009140625,0.4518187109375,1.1406383984375,1.34673890625
2014.27264,-0.08105365758754864,0.4470732684824903,1.140596692607004,1.3467167315175097
2014.27538,-0.07963042635658915,0.4499852325581395,1.1408551162790699,1.3470624031007752
2014.27812,-0.07454023166023166,0.4496589575289575,1.1408809266409266,1.347009613899614
2014.28086,-0.07059073076923077,0.45174334615384615,1.140797346153846,1.3468571923076922
2014.2836,-0.06957727969348658,0.45323367816091953,1.1407519157088122,1.3467352490421456
2014.28634,-0.06401583969465649,0.4494306488549618,1.140833893129771,1.3468069465648855
2014.28908,-0.05992030418250951,0.4531056653992395,1.1410046007604562,1.3470700760456273
2014.29182,-0.05943310606060606,0.45454874999999995,1.1409032575757576,1.346899431818182
2014.29456,-0.058996377358490566,0.46068705660377357,1.1408211698113209,1.3467676226415095
2014.2973,-0.06104943609022556,0.46331725563909776,1.1407470676691729,1.3465965413533836
2014.30004,-0.06366539325842697,0.4645199625468165,1.1406441573033708,1.3464123970037454
2014.30278,-0.06371111940298507,0.4689156343283582,1.1405748880597015,1.3462752985074626
2014.30552,-0.06260561338289963,0.47916011152416355,1.14045156133829,1.346076654275093
2014.30826,-0.06374311111111111,0.4807735925925926,1.1404125555555555,1.3459928148148148
2014.311,-0.06381468634686348,0.4947741697416974,1.1403629889298892,1.345909594095941
2014.31374,-0.06569235294117648,0.5038340073529411,1.140299375,1.3457819852941177
2014.31648,-0.06501564102564102,0.5159084981684982,1.141627838827839,1.3471937362637363
2014.31922,-0.06710810218978103,0.5251471167883212,1.1415243430656934,1.3470344525547446
2014.32196,-0.06685956363636364,0.5382680727272727,1.1415640363636363,1.3470794181818182
2014.3247,-0.06616503623188405,0.5451240942028985,1.1417524275362319,1.3473125362318839
2014.32744,-0.06652750902527076,0.5485592057761732,1.141794548736462,1.3473092057761733
2014.33018,-0.06034568345323741,0.5550563669064748,1.141684892086331,1.347184820143885
2014.33292,-0.05400530465949821,0.5592636559139785,1.141618136200717,1.347050358422939
2014.33566,-0.057700964285714286,0.5685806071428572,1.1416148214285715,1.3470234285714286
2014.3384,-0.059990996441281134,0.5864686832740214,1.1416846975088968,1.3471518505338078
2014.34114,-0.05366336879432624,0.6023402482269503,1.1416464539007092,1.3470406382978724
2014.34388,-0.049491448763250886,0.6129304593639575,1.1416396113074203,1.3469924028268552
2014.34662,-0.041889049295774645,0.6226507394366197,1.1415328169014083,1.3468125
2014.34936,-0.04138705263157895,0.6308365614035087,1.1415229824561404,1.3467761403508773
2014.3521,-0.041865524475524475,0.6484795454545454,1.1415782517482518,1.346871083916084
2014.35484,-0.0413525087108014,0.6614634146341464,1.1414625783972125,1.3467121602787457
2014.35758,-0.03566045138888889,0.6688123958333334,1.1414327083333333,1.3466552777777778
2014.36032,-0.022116435986159172,0.6769344636678201,1.1416842214532872,1.3468237716262976
2014.36306,-0.016284482758620693,0.685914724137931,1.1415997586206899,1.3467088620689656
2014.3658,-0.011724261168384884,0.684046735395189,1.1419499312714776,1.3469732989690721
2014.36854,-0.0072891095890411,0.6856816780821918,1.1419523287671234,1.3468953424657533
2014.37128,-0.0014760750853242352,0.6960601365187713,1.1419580546075085,1.3468701365187714
2014.37402,0.0034525170068027177,0.7029772448979592,1.141843843537415,1.3467514285714286
2014.37676,0.006010711864406776,0.7062037966101695,1.1418133898305085,1.3467087118644068
2014.3795,0.007344189189189186,0.7135136824324324,1.141726891891892,1.3465939189189189
2014.38224,0.011852491582491579,0.717273063973064,1.1416805387205387,1.3465443097643097
2014.38498,0.01879895973154362,0.7194740604026846,1.141604932885906,1.3464411073825502
2014.38772,0.02767755852842809,0.7158179264214047,1.1414938127090302,1.3463002341137125
2014.39046,0.03411893333333333,0.7227532333333334,1.1414323666666666,1.3462495333333333
2014.3932,0.0376324584717608,0.7203471760797342,1.1414494019933557,1.346277973421927
2014.39594,0.03922069536423841,0.7295567880794702,1.1413560927152318,1.3461745033112582
2014.39868,0.040189834983498346,0.7325838943894389,1.141305412541254,1.3461550165016503
2014.40142,0.03878615131578947,0.7357460855263158,1.1412582894736842,1.3461104934210526
2014.40416,0.03706573770491803,0.7413567868852459,1.1412082622950819,1.346026131147541
2014.4069,0.03364611111111111,0.7519116013071895,1.1411969607843138,1.3459773202614378
2014.40964,0.03574579804560261,0.7577009771986971,1.141157035830619,1.3459562540716612
2014.41238,0.03882077922077922,0.7611836688311688,1.1411396103896103,1.3459253896103898
2014.41512,0.033146407766990287,0.7621911326860842,1.141074789644013,1.3458947249190938
2014.41786,0.03954925806451613,0.7654957096774194,1.141038806451613,1.3458321612903226
2014.4206,0.04226012861736334,0.7728340836012862,1.1410565594855304,1.3458093569131833
2014.42334,0.04401320512820513,0.7721738782051282,1.1409926282051284,1.3457572756410257
2014.42608,0.045121214057507984,0.7743649201277955,1.1409697444089457,1.3457177635782747
2014.42882,0.047590286624203816,0.7729022611464967,1.1408971337579616,1.345651687898089
2014.43156,0.05163603174603174,0.777623873015873,1.1408249841269842,1.3455884761904762
2014.4343,0.05643325949367088,0.7778698417721519,1.1417479113924052,1.3465037025316455
2014.43704,0.06579211356466877,0.7673953627760253,1.1455004731861198,1.350832712933754
2014.43978,0.06370264150943396,0.77054,1.1477453459119498,1.3529333333333333
2014.44252,0.05854172413793104,0.7715718495297805,1.148152946708464,1.353330094043887
2014.44526,0.0624524375,0.775397625,1.14866203125,1.3540184375
2014.448,0.059462149532710284,0.7891314018691589,1.1487165109034267,1.3541471962616822
2014.45074,0.05919413043478261,0.7944945341614906,1.148597298136646,1.3540280745341613
2014.45348,0.058022507739938084,0.8074440247678019,1.1485425077399383,1.353985479876161
2014.45622,0.05298956790123457,0.8123633333333333,1.148391327160494,1.353860524691358
2014.45896,0.043974030769230774,0.8201881230769231,1.148241076923077,1.353698676923077
2014.4617,0.04237453987730061,0.825100245398773,1.148127791411043,1.3535753680981595
2014.46444,0.04301599388379205,0.8355300917431193,1.148000244648318,1.3534551376146788
2014.46718,0.04523463414634146,0.846835731707317,1.1479152743902439,1.3533566463414635
2014.46992,0.042335197568389056,0.845106443768997,1.1478635562310031,1.3532913069908814
2014.47266,0.041484969696969694,0.8527750303030303,1.1492363333333333,1.354763303030303
2014.4754,0.04300465256797583,0.8586099697885197,1.1491395166163143,1.3546917824773415
2014.47814,0.042754939759036145,0.8606540963855422,1.1489990361445783,1.3545861445783132
2014.48088,0.0396766966966967,0.8607733933933934,1.1489329129129129,1.3545362762762763
2014.48362,0.04518751497005988,0.86818874251497,1.1488935628742516,1.354431736526946
2014.48636,0.04685528358208955,0.8718079402985074,1.148804776119403,1.3543780597014925
2014.4891,0.04510714285714286,0.8786440476190476,1.148733988095238,1.3543565773809523
2014.49184,0.04446014836795252,0.88724706231454,1.1485851928783384,1.3541990207715133
2014.49458,0.04051994082840237,0.8873143195266272,1.1484372781065089,1.3540107100591716
2014.49732,0.04199410029498525,0.8885998230088495,1.1482786725663718,1.3537919174041297
2014.50006,0.044949588235294116,0.8864545882352941,1.1481325294117648,1.353574411764706
2014.5028,0.04532348973607038,0.8898589442815249,1.1481049560117302,1.3534725806451613
2014.50554,0.04872616959064327,0.8921238596491228,1.148054649122807,1.3533713450292397
2014.50828,0.050102011661807576,0.8874225655976676,1.1481844606413993,1.353466967930029
2014.51102,0.06023901162790698,0.8941413953488372,1.1480545058139535,1.3532974127906976
2014.51376,0.06084942028985507,0.8956651014492754,1.1479366666666668,1.3531399130434782
2014.5165,0.06655338150289018,0.8989086705202313,1.147833641618497,1.35298112716763
2014.51924,0.07566135446685879,0.8962203458213256,1.147787665706052,1.3528915850144092
2014.52198,0.07840545977011494,0.88826908045977,1.1476969252873563,1.35279816091954
2014.52472,0.08148796561604585,0.8899253295128939,1.1476571919770773,1.3527403438395416
2014.52746,0.08628028571428571,0.8859610285714286,1.1475589428571429,1.3526194857142857
2014.5302,0.09526920227920228,0.8791905982905984,1.1475031054131055,1.3525276353276352
2014.53294,0.09708232954545455,0.8789840909090909,1.147984431818182,1.3531774147727271
2014.53568,0.10160776203966006,0.8636190368271955,1.1494948725212464,1.354978583569405
2014.53842,0.10577601694915255,0.8549333898305084,1.1493925423728812,1.354839802259887
2014.54116,0.11034783098591548,0.8539139154929577,1.149326647887324,1.3548009295774648
2014.54938,0.10819997198879551,0.8384764145658263,1.1544344537815125,1.3546702521008402
2014.55212,0.10782829608938548,0.8378563687150838,1.154305810055866,1.354521061452514
2014.55486,0.10747150417827299,0.8396050139275767,1.1542024233983288,1.3544110584958218
2014.5576,0.10704055555555556,0.837827611111111,1.1540887222222223,1.3542719166666666
2014.56034,0.10052224376731303,0.8442764819944599,1.1540597506925208,1.354231024930748
2014.56308,0.10095593922651934,0.8403613259668509,1.1539146132596685,1.3540910220994475
2014.56582,0.09888476584022039,0.840936391184573,1.1538188429752065,1.353968650137741
2014.56856,0.10223593406593405,0.8381514835164835,1.1536913186813187,1.353809120879121
2014.5713,0.10174021917808218,0.8365602465753424,1.153567178082192,1.3536693424657535
2014.57404,0.10249748633879781,0.8355135519125683,1.153475819672131,1.3535470491803279
2014.57678,0.10742389645776568,0.8261949591280654,1.1534036239782015,1.353481689373297
2014.57952,0.11406429347826086,0.8183295108695653,1.1533557608695653,1.3533917391304349
2014.58226,0.11497653116531165,0.8172739566395665,1.1532842818428184,1.3532753387533876
2014.585,0.11763137837837838,0.8129001081081081,1.1532872972972972,1.3532091891891893
2014.58774,0.12041908355795149,0.8123830458221024,1.1533377897574124,1.3531887601078167
2014.59048,0.12284123655913978,0.8149470430107527,1.1532643010752688,1.3530985215053764
2014.59322,0.12350670241286862,0.8153447989276139,1.153154450402145,1.3529656836461126
2014.59596,0.1259616310160428,0.8106845989304813,1.1530792245989305,1.3528969786096257
2014.5987,0.13016770666666666,0.8058789066666666,1.15299656,1.3527735466666666
2014.60144,0.13115885638297872,0.8034475,1.1529586170212767,1.3526873936170212
2014.60418,0.1333823872679045,0.7991539787798408,1.1528897082228118,1.352619973474801
2014.60692,0.1336327777777778,0.7955977777777777,1.1527745502645503,1.3525023015873017
2014.60966,0.13542166226912927,0.7971081530343008,1.1527064907651716,1.3524760949868073
2014.6124,0.13688163157894737,0.7996187894736843,1.1526568157894737,1.3524178157894737
2014.61514,0.14146674540682413,0.8044708923884514,1.152617690288714,1.3523959842519686
2014.61788,0.13942206806282723,0.8107664921465969,1.1526197905759163,1.3524543717277486
2014.62062,0.13630869451697128,0.8106874934725848,1.1526090861618798,1.3524884856396868
2014.62336,0.13928338541666666,0.8109191145833333,1.152506640625,1.3523989062500001
2014.6261,0.14170911688311688,0.8085004935064936,1.1524225454545454,1.3523475324675327
2014.62884,0.1447248445595855,0.8068822797927462,1.152394689119171,1.3523261658031087
2014.63158,0.14637250645994831,0.8129006459948321,1.152349250645995,1.3523226873385013
2014.63432,0.1502426030927835,0.8119759278350515,1.1525034020618556,1.3525242783505154
2014.63706,0.15222799485861183,0.8174444473007711,1.1525007197943444,1.3525321079691517
2014.6398,0.15162525641025643,0.8181775384615385,1.152455358974359,1.3524830256410256
2014.64254,0.1546843989769821,0.815119462915601,1.1524002301790282,1.3524322250639387
2014.64528,0.1603544387755102,0.817556887755102,1.1523528571428572,1.3523816836734692
2014.64802,0.1577808651399491,0.8167786513994911,1.1522758269720101,1.3522963613231551
2014.65076,0.1587903807106599,0.8171848730964467,1.152206649746193,1.352223121827411
2014.6535,0.16468491139240507,0.8133260506329114,1.1522196202531645,1.3522567848101266
2014.65624,0.16746025252525254,0.812754696969697,1.1522498484848485,1.3523076515151515
2014.65898,0.16474198992443323,0.8120807304785894,1.1521812594458438,1.3522522921914357
2014.66172,0.16669718592964822,0.8051014070351759,1.152145,1.3522068090452262
2014.66446,0.16489719298245614,0.8010470927318296,1.1521089223057643,1.3521922305764413
2014.6672,0.16240125,0.8037005,1.15243775,1.352734275
2014.66994,0.16190571072319201,0.8022997506234414,1.1540810224438902,1.3543533915211972
2014.67268,0.15972756218905473,0.7998084328358209,1.1540598756218905,1.3543012437810944
2014.67542,0.15804803970223325,0.7954563275434243,1.154002406947891,1.3542284615384614
2014.67816,0.15938571782178218,0.7967498267326732,1.1539137128712873,1.3541238613861388
2014.6809,0.1649277093596059,0.7971576354679804,1.1554933251231527,1.3562752709359605
2014.68638,0.16737083538083536,0.7936676167076167,1.1571409582309582,1.3578636855036856
2014.68912,0.1704430882352941,0.7892285294117647,1.1570814460784313,1.3577999509803922
2014.69186,0.16336728606356965,0.793200195599022,1.1570509290953546,1.3577496088019558
2014.6946,0.16216892682926828,0.7942381463414634,1.1568892195121951,1.3575931707317073
2014.69734,0.16296080291970802,0.7983929927007299,1.1568212165450122,1.3574430656934307
2014.70008,0.16390320388349514,0.7997245631067961,1.1567321601941747,1.3572639805825244
2014.70282,0.1657214043583535,0.7982000968523002,1.1566292978208232,1.3570802179176753
2014.70556,0.16938007246376813,0.7999465700483093,1.1565647826086956,1.3569490821256038
2014.7083,0.17161291566265058,0.8017403373493975,1.156455734939759,1.3567743373493975
2014.71104,0.17485807692307692,0.8010185576923077,1.1563566346153846,1.3565949038461538
2014.71378,0.17710350119904075,0.8018329016786572,1.1562721103117506,1.3564053237410072
2014.71652,0.18307882775119616,0.8077345454545455,1.1561996889952153,1.3562971770334928
2014.71926,0.18859031026252984,0.8102861097852029,1.156092553699284,1.356090954653938
2014.722,0.1906269523809524,0.8124115238095239,1.1559835952380952,1.3558984761904762
2014.72474,0.19501399049881232,0.8159808076009502,1.1558867933491686,1.3557432541567698
2014.72748,0.19759018957345972,0.8196969668246445,1.1558368483412322,1.355630450236967
2014.73022,0.19849366430260046,0.8221074231678487,1.155835768321513,1.355478392434988
2014.73296,0.1993659905660377,0.8257355660377358,1.1561995518867925,1.3558141981132077
2014.7357,0.20036736470588237,0.8261516235294117,1.1565293647058825,1.3560224235294118
2014.73844,0.20135603286384976,0.8332209389671361,1.1564416197183098,1.3558292253521127
2014.74118,0.20306044496487122,0.8386040281030445,1.1565446135831383,1.3557838407494145
2014.74392,0.2061017289719626,0.8455089719626168,1.1565510280373832,1.3556796728971963
2014.74666,0.20261265734265732,0.8444340792540793,1.158492843822844,1.3573681351981353
2014.7494,0.20299011627906974,0.8475776279069767,1.158410441860465,1.357189604651163
2014.75214,0.19884515081206494,0.8549806496519722,1.1584488399071926,1.3571663341067284
2014.75488,0.19911659722222222,0.8601089351851853,1.1584303935185185,1.3571272222222222
2014.75762,0.20064219399538105,0.8671699307159353,1.1583962124711316,1.3569769976905313
2014.76036,0.20635108294930876,0.8643922119815669,1.1594044700460828,1.3579961059907835
2014.7631,0.21344197701149425,0.8689194942528736,1.159341195402299,1.3578287356321839
2014.76584,0.22040997706422016,0.871135,1.1593051605504587,1.3577147706422017
2014.76858,0.21918970251716247,0.8757685125858125,1.1592446453089245,1.357564576659039
2014.77132,0.21682059360730593,0.8850768949771689,1.1600048173515982,1.3585084246575343
2014.7905,0.21570364464692482,0.8890541230068337,1.1602931435079726,1.3585818906605924
2014.79324,0.2140030227272727,0.8944746363636364,1.1602975454545454,1.3585194090909092
2014.79598,0.2138420634920635,0.8979297959183673,1.1601798185941044,1.35830283446712
2014.79872,0.21034832579185522,0.905104886877828,1.1601600904977376,1.3581893438914028
2014.80146,0.20429835214446954,0.9152162528216705,1.1600454176072235,1.3579693002257338
2014.8042,0.20308101351351351,0.9219152252252252,1.1600370945945946,1.3578536261261263
2014.80694,0.19786375280898877,0.9318090786516854,1.1600530112359553,1.3577883370786517
2014.80968,0.19688421524663677,0.9436207174887893,1.160038139013453,1.3577130493273544
2014.81242,0.18920433035714287,0.9662485491071429,1.1670570089285714,1.3670149330357142
2014.82064,0.18909113585746104,0.9738729621380846,1.1685443875278396,1.368517750556793
2014.82338,0.1856375111111111,0.9836608222222223,1.1684933555555554,1.3684243777777778
2014.82612,0.18426039911308204,0.994059645232816,1.1684230155210644,1.3682143902439026
2014.82886,0.18288183628318583,1.0024259955752213,1.1682901769911507,1.367969778761062
2014.8316,0.1822744591611479,1.01124353200883,1.1681341501103752,1.367705982339956
2014.83434,0.17966226872246696,1.018013678414097,1.1680305726872247,1.367497268722467
2014.83708,0.1769620394736842,1.0318307675438596,1.1747581140350878,1.3779368201754387
2014.86174,0.17722531728665206,1.043430897155361,1.1746192778993436,1.3776669146608316
2014.86448,0.17727694323144105,1.056183689956332,1.1744810480349346,1.3773865065502184
2014.86722,0.17533400871459692,1.0673234422657951,1.1743327668845316,1.3771089760348585
2014.86996,0.17462036956521737,1.0790411086956522,1.1741851304347828,1.3768393043478262
2014.8727,0.17437967462039047,1.089213622559653,1.1740147722342733,1.3765409327548808
2014.87544,0.17039021645021646,1.0975111904761905,1.1738727056277056,1.3762753246753248
2014.87818,0.16994626349892009,1.1071943412526999,1.173722786177106,1.3760042548596112
2014.88092,0.1709753448275862,1.116581702586207,1.1736030603448275,1.3757458836206897
2014.88366,0.17212815053763442,1.1246794838709677,1.1734312043010755,1.3754359784946235
2014.8864,0.17180519313304723,1.1332341845493563,1.1733819527896996,1.3753375321888412
2014.88914,0.17207160599571733,1.1423863383297643,1.1732783940042828,1.375173982869379
2014.89188,0.1741073717948718,1.1494611752136752,1.1731941025641026,1.3750258547008547
2014.89462,0.17244490405117271,1.1607278464818762,1.1730454584221748,1.3748114712153516
2014.89736,0.1737162978723404,1.1710617234042553,1.1728953617021276,1.374598
2014.9001,0.17653770700636942,1.1879252229299364,1.1727334394904458,1.3743854352441613
2014.90284,0.17485900423728815,1.1965819279661016,1.172565974576271,1.3741754025423727
2014.90558,0.17174255813953487,1.206821733615222,1.172417843551797,1.3739371458773784
2014.90832,0.1624379957805907,1.2114131012658227,1.1725512658227848,1.3739032489451477
2014.91106,0.16374648421052632,1.2217790736842105,1.1724223368421054,1.373710042105263
2014.9138,0.16233224789915968,1.237194180672269,1.1722589915966386,1.3734581932773111
2014.91654,0.16334865828092243,1.2505176519916144,1.172125073375262,1.373245890985325
2014.91928,0.16604407949790795,1.259932071129707,1.1719527824267784,1.3729816527196652
2014.92202,0.16906559498956159,1.2720777870563673,1.1717771189979123,1.3727073486430064
2014.92476,0.17257158333333333,1.2829002291666667,1.1716021875,1.3724230208333335
2014.9275,0.17384802494802495,1.2912579625779628,1.1715073804573803,1.3722098544698547
2014.93024,0.17533823651452282,1.2972223443983402,1.1715287551867222,1.372191203319502
2014.93298,0.17797879917184264,1.305427287784679,1.1713635403726708,1.3719334782608696
2014.93572,0.18052082644628098,1.313135785123967,1.1712799380165289,1.371681549586777
2014.93846,0.1801443092783505,1.3193838762886596,1.171154268041237,1.3714117319587629
2014.9412,0.18347633744855968,1.3277690534979423,1.1710190534979426,1.3711572016460905
2014.94394,0.18493552361396304,1.3377422176591376,1.170988932238193,1.3709665503080082
2014.94668,0.18744323770491805,1.3458407172131148,1.1710833401639342,1.3710494467213115
2014.94942,0.18807891615541922,1.3543296728016359,1.170911063394683,1.370737770961145
2014.95216,0.1895438163265306,1.3648372857142856,1.1707294897959184,1.370424244897959
2014.9549,0.19165366598778005,1.3743756619144603,1.1705705906313646,1.3701571690427699
2014.95764,0.19378662601626015,1.3851498983739836,1.170412337398374,1.3699114024390244
2014.96038,0.19636853955375255,1.3961342190669372,1.1702547261663285,1.3696743813387424
2014.96312,0.19837034412955465,1.4079852429149797,1.1701354048582995,1.3694677530364372
2014.96586,0.20118951515151515,1.419685595959596,1.1700442626262626,1.3692233131313132
2014.9686,0.20542592741935484,1.4300708669354838,1.1698784677419356,1.3689459274193547
2014.97134,0.20428229376257545,1.4371127766599598,1.1697645674044266,1.368675814889336
2014.97408,0.20396775100401607,1.4514559638554216,1.1696393373493976,1.3684037148594377
2014.97682,0.206266873747495,1.4607619438877755,1.1694969539078157,1.3681495791583167
2014.97956,0.206512,1.47120494,1.16934142,1.3678796199999999
2014.9823,0.2083341716566866,1.4836783433133733,1.169235369261477,1.367632115768463
2014.98504,0.21205862549800797,1.4957158366533865,1.1690965737051793,1.3673642629482072
2014.98778,0.21436190854870774,1.507065546719682,1.168942763419483,1.3670883499005964
2014.99052,0.21351833333333334,1.5208248214285716,1.1687604166666667,1.3667816666666668
2014.99326,0.21468126732673268,1.537104099009901,1.168743603960396,1.3666034455445544
2014.996,0.21446922924901185,1.5525188735177866,1.168556581027668,1.3663080039525692
2014.99874,0.2125550493096647,1.565957889546351,1.1683857396449704,1.3660152268244574
2015.00148,0.21185431102362204,1.5797773031496063,1.1681962992125985,1.3657085433070866
2015.00422,0.20973312377210215,1.590837347740668,1.1679999017681728,1.3653895481335954
2015.00696,0.2086371176470588,1.6022640588235295,1.1678215490196078,1.3650718039215686
2015.0097,0.20895360078277886,1.6155582191780822,1.1676764774951076,1.364824168297456
2015.01244,0.20644970703124998,1.62436904296875,1.1675166796875,1.36455359375
2015.01518,0.20252397660818713,1.6361866861598442,1.1673575048732945,1.3642736257309942
2015.01792,0.20561077821011672,1.6482679182879376,1.1672827626459144,1.3641034046692606
2015.02066,0.2081721941747573,1.6621801359223303,1.1671664854368933,1.3638699611650484
2015.0234,0.21062405038759688,1.6757421511627908,1.1670563372093024,1.3636433527131782
2015.02614,0.2106942746615087,1.686789651837524,1.166927678916828,1.3634057833655706
2015.02888,0.21038891891891892,1.6978333397683398,1.1668259845559845,1.363207528957529
2015.03162,0.21625157996146435,1.7113973217726397,1.1666869556840078,1.3629643545279384
2015.03436,0.21882553846153846,1.7216189807692306,1.1665258653846153,1.36268975
2015.0371,0.22053086372360844,1.7321547984644912,1.1663559884836852,1.3624161996161228
2015.03984,0.22177103448275862,1.7417405172413793,1.1662017816091954,1.3621598084291187
2015.04258,0.2228182982791587,1.752704722753346,1.166091223709369,1.361977533460803
2015.04532,0.22399246183206106,1.7624288358778626,1.1659941603053436,1.3618134732824427
2015.04806,0.22344329523809522,1.772390419047619,1.1658750857142857,1.3615888380952381
2015.0508,0.22344296577946768,1.7852459125475286,1.1657378517110266,1.3613636121673005
2015.05354,0.22557470588235295,1.7959162239089184,1.1655881404174573,1.3611203605313094
2015.05628,0.22534910984848486,1.8043664204545455,1.1654556818181818,1.360896875
2015.05902,0.22365291115311908,1.8132650472589793,1.1653181663516068,1.360664102079395
2015.06176,0.22483403773584906,1.822369962264151,1.165258754716981,1.3605520188679245
2015.0645,0.2263508097928437,1.8325199058380415,1.1652253860640303,1.3603913747645953
2015.06724,0.2253912030075188,1.844318007518797,1.1650909210526315,1.3601623120300752
2015.06998,0.22523180112570354,1.8537531144465291,1.164971651031895,1.3599527579737336
2015.07272,0.22338498127340822,1.8627729588014983,1.1648895131086143,1.3598184831460673
2015.07546,0.22473495327102802,1.8715331401869157,1.164804018691589,1.3596475327102804
2015.0782,0.2271518843283582,1.8796675746268656,1.1647023880597016,1.359475802238806
2015.08094,0.22712703910614523,1.8895056424581005,1.1645920297951584,1.359311824953445
2015.08368,0.2290346096654275,1.8980322676579926,1.1644675278810408,1.3590972676579927
2015.08642,0.23063009276437846,1.9084773840445268,1.164325306122449,1.3588679035250464
2015.08916,0.23147075925925925,1.916580333333333,1.1642362037037037,1.358714462962963
2015.0919,0.2308066358595194,1.9260546580406654,1.1641474306839188,1.3585615896487984
2015.09464,0.23212023985239852,1.933278376383764,1.16402647601476,1.3583443542435423
2015.09738,0.2311814732965009,1.9406856537753223,1.164118729281768,1.3583674217311235
2015.10012,0.22924542279411764,1.9629684926470587,1.1651483823529412,1.3596222794117647
2015.10286,0.2234093027522936,1.971582623853211,1.166343137614679,1.3610002752293577
2015.1056,0.22564144688644688,1.9797478388278391,1.1661831684981685,1.3607493406593407
2015.10834,0.22681714808043876,1.986605539305302,1.1660416819012798,1.3605454844606948
2015.11108,0.22857722627737226,1.9922687226277371,1.165984689781022,1.3604177554744525
2015.11382,0.2274175956284153,2.0036546630236796,1.1690775409836065,1.3638117122040072
2015.11656,0.23104689090909092,2.0096703272727274,1.1689814181818183,1.3636312181818182
2015.1193,0.23246264972776767,2.015437513611615,1.168846551724138,1.363429165154265
2015.12204,0.23321673913043475,2.0215590217391304,1.168772481884058,1.36329990942029
2015.12478,0.2352657323688969,2.0257761482820977,1.1687376311030742,1.36315452079566
2015.12752,0.2354221299638989,2.0341244765342963,1.168596859205776,1.3629198916967509
2015.13026,0.23736641441441442,2.043924018018018,1.1684583603603602,1.3626957657657657
2015.133,0.23859615107913668,2.055102194244604,1.1683009892086331,1.3624600539568346
2015.13574,0.23924443447037702,2.063680305206463,1.1681635188509876,1.3622526570915618
2015.13848,0.2384523835125448,2.071968028673835,1.1680212724014336,1.3620405197132617
2015.14122,0.23855332737030413,2.0822799821109124,1.1678690339892666,1.3618140966010734
2015.14396,0.23921567857142856,2.092524964285714,1.1677470535714285,1.3616144285714287
2015.1467,0.2413384135472371,2.1004698217468807,1.1681857754010696,1.3621150267379678
2015.14944,0.2422909430604982,2.1109008540925265,1.1680671530249112,1.3619332384341636
2015.15218,0.24341699822380106,2.119261296625222,1.167933303730018,1.3617235523978686
2015.15492,0.2456358510638298,2.128469964539007,1.1678034042553191,1.3615186879432624
2015.15766,0.24816745132743362,2.1399485840707966,1.1682545132743363,1.3619075929203541
2015.21246,0.24456477031802118,2.1450562720848056,1.1700412544169612,1.3636710424028269
2015.2152,0.2452073721340388,2.149683333333333,1.1699497707231041,1.3635191358024692
2015.21794,0.24344568661971833,2.1545900528169017,1.1698775704225353,1.3633731514084506
2015.2426,0.2425273286467487,2.1554890333919157,1.170748611599297,1.3645990333919158
2015.24534,0.2394657894736842,2.1646441754385966,1.1706752631578947,1.3645482982456139
2015.24808,0.23427591943957968,2.170161506129597,1.1705695796847635,1.3643865499124344
2015.25082,0.2310929895104895,2.1730828321678324,1.1704403146853146,1.3641625
2015.25356,0.22956270506108203,2.181027329842932,1.170320034904014,1.3639659336823733
2015.2563,0.2264743205574913,2.1860140418118466,1.1701916550522649,1.3637540592334496
2015.25904,0.22523772173913043,2.1919244869565215,1.1700569043478262,1.3635429217391304
2015.26178,0.22349632582322357,2.2022627902946272,1.1711853726169843,1.3644513344887348
2015.27822,0.22189908304498268,2.2073029238754325,1.1712240830449827,1.3644650865051902
2015.28096,0.2212484455958549,2.211836908462867,1.171120604490501,1.3643110017271156
2015.2837,0.21924072413793105,2.2157054655172415,1.171012431034483,1.3641482068965518
2015.28644,0.21770738382099827,2.219715817555938,1.1709653012048191,1.3640294320137694
2015.28918,0.21882637457044674,2.2221524570446736,1.1709687972508591,1.3639873024054983
2015.29192,0.2207281303602058,2.223265334476844,1.170913499142367,1.3638692109777015
2015.29466,0.21850796232876712,2.230239332191781,1.170846660958904,1.3637803424657535
2015.2974,0.2186502393162393,2.2317127692307692,1.1707365299145298,1.363631623931624
2015.30014,0.2196275255972696,2.2324527133105803,1.170643481228669,1.3634951535836177
2015.30288,0.218530936967632,2.236052350936968,1.1705524190800682,1.3633643611584327
2015.30562,0.21773161564625848,2.24313824829932,1.1704883163265305,1.3632626360544218
2015.30836,0.21849797962648557,2.2483836502546692,1.170401154499151,1.363189830220713
2015.3111,0.21631528813559323,2.254799627118644,1.1702794406779662,1.363048559322034
2015.31384,0.21728143824027074,2.259495279187817,1.1710461421319796,1.363755600676819
2015.31658,0.21524363175675676,2.262327297297297,1.1708972804054054,1.3635789527027027
2015.31932,0.21481067453625632,2.2647958347386172,1.1707571669477235,1.3634274198988197
2015.32206,0.2153549158249158,2.266998686868687,1.1706538047138049,1.363295707070707
2015.3248,0.21996421848739497,2.2691690084033613,1.1706840840336135,1.3633328739495798
2015.34124,0.2170250418760469,2.2807066666666667,1.1708197654941375,1.363523433835846
2015.34672,0.21581499999999998,2.2823365384615384,1.1706940635451506,1.3633809364548495
2015.34946,0.2155181969949916,2.287073021702838,1.1705589649415693,1.3632171953255425
2015.3522,0.21639004999999997,2.28912225,1.1704422666666667,1.3630858833333335
2015.35494,0.2174463394342762,2.2924377371048252,1.170312928452579,1.3629257237936774
2015.35768,0.21788714285714286,2.2940945681063125,1.1702149169435216,1.3628143853820598
2015.36042,0.22086976782752904,2.299915257048093,1.1701480928689882,1.3627922222222222
2015.36316,0.22020276490066223,2.3034801158940397,1.1701479470198675,1.3628296688741723
2015.3659,0.22058854545454548,2.306499504132231,1.1700167107438015,1.3626760495867767
2015.36864,0.22326940594059402,2.307426617161716,1.1699198349834983,1.3625418811881187
2015.37138,0.22481719934102143,2.3072404942339375,1.1697942504118617,1.36239176276771
2015.37412,0.22562898026315792,2.3090716282894737,1.1696755263157896,1.3622371052631579
2015.37686,0.22909587848932675,2.309215500821018,1.1695748768472907,1.3621219047619049
2015.3796,0.23185239344262293,2.311027950819672,1.169489,1.3620635081967214
2015.38234,0.23458284779050737,2.3103109328968903,1.169374549918167,1.3619114075286416
2015.38508,0.23752756535947714,2.3091961274509805,1.1692636764705884,1.3617548039215688
2015.38782,0.2385599021207178,2.30945383360522,1.1691547634584012,1.3615924632952692
2015.39056,0.2419595439739414,2.3099975407166125,1.1690462052117263,1.3614530781758958
2015.3933,0.24373447154471548,2.3120047154471544,1.168922081300813,1.361296731707317
2015.39604,0.24530167207792208,2.3141630357142855,1.1688301461038961,1.3611657305194804
2015.39878,0.24515163695299835,2.3157699837925443,1.168748038897893,1.3610438411669368
2015.40152,0.24774899676375403,2.3114366504854367,1.1690511974110034,1.36121571197411
2015.40426,0.2485279321486268,2.311800872374798,1.1689879806138934,1.3611299676898223
2015.407,0.24851499999999999,2.310354435483871,1.1688902258064517,1.3610013225806452
2015.40974,0.25093623188405795,2.3143605152979063,1.1688101288244768,1.360864460547504
2015.41248,0.2536609324758842,2.3123281832797424,1.1687334405144694,1.3607649356913183
2015.41522,0.25549821829855535,2.3115288924558586,1.1686286998394864,1.360609245585875
2015.41796,0.2554395352564103,2.3153397275641026,1.168536842948718,1.3604859294871794
2015.4207,0.25449879999999997,2.31813056,1.168409248,1.36032384
2015.42344,0.25455242811501594,2.3201826357827477,1.1683430670926518,1.360219712460064
2015.42618,0.25559886762360445,2.3190385645933014,1.1682833492822966,1.3600707655502393
2015.42892,0.25672253184713373,2.3160241242038215,1.1681692515923567,1.359901592356688
2015.43166,0.2581058823529412,2.3168255007949123,1.168078855325914,1.3597511923688395
2015.4344,0.26119055555555554,2.3194610317460316,1.168002746031746,1.3596122063492064
2015.43714,0.2639161489698891,2.3191787480190174,1.1679144532488115,1.3594736608557845
2015.43988,0.26754229430379745,2.3172298259493673,1.1678032120253166,1.3592943987341772
2015.44262,0.26964764612954184,2.316205102685624,1.167856271721959,1.3592909320695101
2015.44536,0.2661179495268139,2.318379384858044,1.1678180599369086,1.3592355993690852
2015.4481,0.26331055118110236,2.3119123622047244,1.168325811023622,1.359650283464567
2015.45084,0.26635199372056517,2.3135591993720563,1.1683804552590267,1.3595882417582419
2015.45906,0.2718164420062696,2.300316426332288,1.170123432601881,1.361150313479624
2015.4618,0.2730254773082942,2.2992320813771516,1.1701264006259782,1.3610637715179967
2015.46454,0.2737911875,2.2985965624999998,1.170172203125,1.361057578125
2015.46728,0.27267374414976603,2.295765179407176,1.1701521684867395,1.361003666146646
2015.47002,0.27106236760124613,2.2930689408099685,1.170147445482866,1.3609296728971962
2015.47276,0.27133405909797825,2.292020466562986,1.1701062052877138,1.3608047433903576
2015.4755,0.27154540372670805,2.289863586956522,1.1702171273291926,1.360930854037267
2015.47824,0.2714933023255814,2.2895709922480623,1.1701971472868218,1.3608656124031009
2015.48098,0.2730862693498452,2.287938931888545,1.170152987616099,1.3607460990712075
2015.48372,0.2751404482225657,2.285962797527048,1.1701846213292117,1.360761746522411
2015.48646,0.2813790277777778,2.282437391975309,1.1700847067901234,1.360600262345679
2015.4892,0.2865083821263482,2.2785671032357473,1.1700016949152543,1.360452249614792
2015.49194,0.2892844,2.2739504461538464,1.1699309846153847,1.3603211692307693
2015.49468,0.28948906298003074,2.2723819508448537,1.170558371735791,1.3609178801843318
2015.49742,0.2922814263803681,2.2715469785276072,1.1706161809815951,1.3609659969325154
2015.50016,0.29716722817764163,2.270089938744257,1.1705418529862175,1.3608792496171516
2015.5029,0.3005435779816514,2.2666971712538224,1.170478241590214,1.3607845718654434
2015.50564,0.3043883969465649,2.2660599847328244,1.1703983816793893,1.3606469770992367
2015.50838,0.30949068597560975,2.26026943597561,1.170342637195122,1.3605342835365855
2015.51112,0.3133679179331307,2.2619086474164134,1.170390896656535,1.3605238449848025
2015.5166,0.3148609104704097,2.26012248861912,1.1702923368740517,1.360365417298938
2015.51934,0.3221467019667171,2.253911679273828,1.1703108925869894,1.3603150378214826
2015.53852,0.32445086102719034,2.250053731117825,1.1706063293051359,1.3605956193353475
2015.54126,0.32052351432880843,2.2498001055806935,1.1705744947209653,1.3604968929110106
2015.544,0.3226254518072289,2.244179954819277,1.1705280120481927,1.3603834789156626
2015.54674,0.32419114285714284,2.2394776390977444,1.170438962406015,1.3602324511278194
2015.54948,0.3268536186186186,2.236839174174174,1.170403108108108,1.3601427477477477
2015.55222,0.32910421289355324,2.231818995502249,1.1703614992503748,1.3600349625187407
2015.55496,0.3304567365269461,2.2276613323353294,1.1702789670658682,1.3598897155688623
2015.5577,0.33073285500747385,2.2248436322869956,1.1702127802690583,1.3597528998505233
2015.56044,0.33215829850746265,2.2229614029850744,1.170126328358209,1.359597089552239
2015.56318,0.32883629464285713,2.2213970238095238,1.170328675595238,1.3597979910714286
2015.56866,0.3317897325408618,2.2103777860326894,1.171532912332838,1.3608931797919763
2015.5714,0.33418047477744806,2.210472522255193,1.171504584569733,1.3608773442136497
2015.57414,0.3366316888888889,2.2095093777777777,1.1714792444444444,1.360843422222222
2015.57688,0.33839900887573965,2.20437174556213,1.1714032840236686,1.3607258579881656
2015.57962,0.34100689807976364,2.1980101772525846,1.1713882865583456,1.360662880354505
2015.58236,0.3421138643067847,2.1939197640117993,1.171331460176991,1.3605628466076696
2015.5851,0.3442287481590574,2.1916618998527246,1.1712892194403535,1.3604721207658321
2015.58784,0.34523388235294117,2.1915005588235292,1.1712859705882352,1.360435661764706
2015.59058,0.3466363436123348,2.186684948604993,1.171275550660793,1.3603757268722467
2015.59332,0.3473684164222874,2.185728211143695,1.1712823900293254,1.3603574633431084
2015.59606,0.34954384502923974,2.1794551608187134,1.1712745321637428,1.3603188596491227
2015.60154,0.3510419416058394,2.174876189781022,1.1722390218978103,1.3610970364963504
2015.60428,0.35491255102040814,2.1733496501457727,1.1722715306122449,1.3611034839650147
2015.60702,0.35776839883551675,2.1717695050946144,1.172274017467249,1.3610675982532752
2015.60976,0.3622723255813953,2.169727558139535,1.172347659883721,1.3610796220930232
2015.6125,0.36404706821480404,2.1666249492017418,1.1724466618287372,1.3611671117561683
2015.61524,0.3641015797101449,2.1597590434782608,1.17251415942029,1.361197811594203
2015.61798,0.36705114327062227,2.1569565991316932,1.1724921852387844,1.3611586685962374
2015.62072,0.36851472543352604,2.153478901734104,1.1724886705202313,1.3611196387283235
2015.62346,0.3652505483405483,2.1485424386724388,1.17327215007215,1.3620289754689754
2015.6262,0.365805,2.142875417867435,1.1732012103746399,1.3619303890489913
2015.62894,0.364055107913669,2.139987467625899,1.1731332949640287,1.3618419856115107
2015.63168,0.36354097701149424,2.1345260919540228,1.1731119971264368,1.3617846120689656
2015.63442,0.36197753228120516,2.1310848637015782,1.1730458106169297,1.3616977761836442
2015.63716,0.3629452005730659,2.1292281661891117,1.1730190974212034,1.3616363896848138
2015.6399,0.3644903576537911,2.129384105865522,1.1729434334763948,1.3615138912732476
2015.64264,0.36592622857142854,2.129742628571429,1.1728526,1.3613972142857143
2015.64538,0.3656056490727532,2.1282172753209703,1.173048359486448,1.361551512125535
2015.64812,0.3650987891737892,2.1279200854700853,1.1730092307692308,1.3614710683760685
2015.65086,0.36737088193456613,2.127545675675676,1.1729228591749643,1.3613603840682789
2015.6536,0.36630640625,2.125831590909091,1.172854815340909,1.3612587073863638
2015.65634,0.36566139007092197,2.12487714893617,1.1727716879432624,1.3611464680851064
2015.65908,0.36246097733711047,2.122540311614731,1.1727525920679887,1.361082223796034
2015.66182,0.35704414427157,2.124163578500707,1.1730825459688827,1.3614163507779349
2015.66456,0.3564880790960452,2.1249900564971753,1.1729980649717513,1.3613065254237289
2015.6673,0.35717984485190407,2.1258792524682653,1.1729552609308886,1.3612617489421721
2015.67004,0.3535380985915493,2.1279675211267604,1.172945676056338,1.3612548169014085
2015.67278,0.347055,2.133405898876404,1.1741050983146069,1.3629278651685393
2015.681,0.3490822580645161,2.127711795231417,1.1765108695652173,1.3650247826086956
2015.68374,0.34967669467787116,2.1292026050420167,1.1764236694677872,1.3648947619047618
2015.68648,0.3488017762237762,2.1306530629370632,1.176355888111888,1.3648004055944054
2015.68922,0.3494552653631285,2.131539581005587,1.1763170111731844,1.3647105865921787
2015.69196,0.348820460251046,2.130429372384937,1.1764011436541144,1.364753319386332
2015.6947,0.34942222841225623,2.1301176880222843,1.176341852367688,1.3646819359331477
2015.69744,0.34848072322670376,2.127297997218359,1.1762677468706537,1.3645692489568846
2015.70018,0.35004127777777777,2.121912694444444,1.1762536944444444,1.3645471944444445
2015.70292,0.3470740499306519,2.1208767545076284,1.1762097919556174,1.3644572954230236
2015.70566,0.3442363711911357,2.1218244598337948,1.1761294044321329,1.3643358587257617
2015.7084,0.34356641770401103,2.122999308437068,1.1760329875518671,1.364218990318119
2015.71114,0.3423121132596685,2.1254321270718233,1.175927361878453,1.36408976519337
2015.71388,0.34042899310344826,2.124123227586207,1.1758382344827585,1.3639640551724137
2015.71662,0.3385367217630854,2.1238029476584024,1.1757466666666667,1.3638407988980716
2015.71936,0.33715896978021975,2.124860576923077,1.1756382554945055,1.3636573076923078
2015.72484,0.3356882602739726,2.1249718493150684,1.1755572465753426,1.3635796164383562
2015.73854,0.3343122982216142,2.1192045280437757,1.1805445006839945,1.3692354993160054
2015.74128,0.3325386493860846,2.1172537517053205,1.180339577080491,1.3690416643929058
2015.74402,0.3321512397820164,2.119862288828338,1.180302901907357,1.3689878746594004
2015.74676,0.33214255782312924,2.121831238095238,1.1802809795918368,1.3689279863945578
2015.7495,0.33149884510869565,2.1226604891304346,1.1801872690217392,1.3687903125
2015.75224,0.33068535956580736,2.12364776119403,1.180077869742198,1.3686696200814112
2015.75498,0.33254560975609754,2.124341192411924,1.17996081300813,1.3685233333333333
2015.75772,0.3314598240866035,2.124088389715832,1.1798467253044655,1.3683774424898512
2015.76046,0.33057506756756755,2.1244485945945946,1.1797382297297299,1.3682257432432432
2015.7632,0.32989458839406205,2.1235988124156546,1.179624750337382,1.3680775573549258
2015.76594,0.3292342587601078,2.1232137466307277,1.1795260916442047,1.3679545148247978
2015.76868,0.3296882099596231,2.122959084791386,1.1794316554508748,1.367850336473755
2015.77142,0.32762965053763443,2.1228127956989247,1.1793124596774194,1.367703252688172
2015.77416,0.32634519463087247,2.1251663892617447,1.1792290738255033,1.3675740134228187
2015.7769,0.3255877747989276,2.1259575335120644,1.1791944772117962,1.3675004959785522
2015.77964,0.32482246318607766,2.126410709504685,1.179068219544846,1.3673452476572958
2015.78238,0.3235332486631016,2.1275486631016043,1.1789396791443851,1.367189398395722
2015.78512,0.3238116955941255,2.1295729238985315,1.1788297863818424,1.3670717489986648
2015.78786,0.32502751999999996,2.13047728,1.1791536133333334,1.3673777200000001
2015.7906,0.32490535286284955,2.132303488681758,1.1790437283621837,1.3672417976031959
2015.79334,0.3247045079787234,2.132292553191489,1.1789497606382977,1.3670991223404256
2015.79608,0.3242746480743692,2.1336560690571047,1.1791486055776892,1.3673560823373174
2015.80156,0.322126821192053,2.134782834437086,1.179482476821192,1.3675791920529803
2015.8043,0.32039814814814815,2.1356449735449736,1.179388425925926,1.3674378306878305
2015.80704,0.3193828797886394,2.1367692073976223,1.1792700396301188,1.3672877542932629
2015.80978,0.31733941952506595,2.138397229551451,1.1791648812664908,1.3671592612137204
2015.81252,0.31682781291172596,2.1411765876152833,1.1790496837944664,1.3670069169960475
2015.81526,0.3147288552631579,2.1446198421052634,1.1790082236842105,1.3669204078947368
2015.818,0.31485039421813404,2.1453722076215507,1.1789205519053876,1.3667919053876476
2015.82074,0.3140419422572178,2.1463235433070866,1.1788421128608924,1.366675787401575
2015.82348,0.3129205373525557,2.1463053079947576,1.1787702883355178,1.3665579685452163
2015.82622,0.31107116492146597,2.1471747120418847,1.1786871204188483,1.366432447643979
2015.82896,0.3072888366013072,2.149001477124183,1.1786118562091503,1.3662982483660129
2015.8317,0.30276390339425585,2.1513849869451698,1.1785355091383811,1.3661674020887729
2015.83444,0.30211464146023465,2.1533660886571053,1.1784414863102999,1.3660199348109519
2015.83718,0.3022790494791667,2.155094791666667,1.1783591796875001,1.3658877994791665
2015.83992,0.3026648634590377,2.1582079713914175,1.1782656306892068,1.3657331209362809
2015.84266,0.301479025974026,2.1602119220779223,1.1781621558441557,1.365588779220779
2015.8454,0.3005253047989624,2.16310317769131,1.1780627496757459,1.3654408430609597
2015.84814,0.30085461139896374,2.1621127461139897,1.1779699481865284,1.3653031994818652
2015.85088,0.299582276843467,2.1654251617076326,1.177881190168176,1.3651708667529108
2015.85362,0.30060857881136954,2.1682873126614988,1.177854638242894,1.365072480620155
2015.85636,0.30002784516129033,2.1706441677419352,1.177791522580645,1.3649516387096774
2015.8591,0.2983681829896907,2.172810824742268,1.1777613788659793,1.3648646262886597
2015.86184,0.29698382239382237,2.174981068211068,1.1777187001287002,1.3647571685971687
2015.86458,0.29304338046272493,2.1731947300771206,1.177678650385604,1.3646607969151672
2015.86732,0.2900201026957638,2.172993363286264,1.1776424775353018,1.3645538767650836
2015.87006,0.2910720128205128,2.177136256410256,1.1775863076923077,1.3644393846153846
2015.8728,0.2906776824583867,2.1778640845070423,1.1775716645326506,1.36435457106274
2015.87554,0.2881073657289003,2.1852193606138104,1.1775207416879796,1.3642386700767264
2015.87828,0.28756864623243933,2.187728416347382,1.1775124648786717,1.3641621455938697
2015.88102,0.28592746173469386,2.190296275510204,1.1774979719387755,1.3640838647959184
2015.88376,0.2821676560509554,2.1935239872611465,1.1776032484076433,1.3641646242038217
2015.8865,0.28183801526717556,2.1976176844783715,1.1775388422391857,1.3640310559796438
2015.88924,0.2819076874205845,2.2027964294790343,1.1774845489199492,1.3639085260482846
2015.89198,0.28319620558375636,2.20783654822335,1.177445304568528,1.3638163959390863
2015.89472,0.28535171102661594,2.214097237008872,1.177471939163498,1.363774917617237
2015.9002,0.28206640960809104,2.225244778761062,1.179901643489254,1.3665056510745892
2015.90294,0.28435627525252527,2.2314514015151516,1.1798360606060605,1.366382702020202
2015.90568,0.2858327868852459,2.2380990163934427,1.1797842244640606,1.366274527112232
2015.90842,0.287034282115869,2.244219962216625,1.1798287027707808,1.3662369647355164
2015.91116,0.28742344654088053,2.2494677987421383,1.1797708427672957,1.366112893081761
2015.9139,0.28846815326633163,2.2562804899497486,1.1797291206030152,1.3660025879396986
2015.91664,0.2871207779171895,2.2614840150564617,1.1796764491844416,1.3658819949811796
2015.91938,0.28989781954887217,2.268737305764411,1.1796324937343359,1.365778007518797
2015.93034,0.2903110375,2.2755410375,1.18070275,1.3670826374999998
2015.93308,0.2891323345817728,2.2777266541822723,1.1806882397003744,1.3669928214731586
2015.93582,0.28845108478802994,2.282420685785536,1.1806969700748131,1.3669232543640897
2015.93856,0.2858357783312578,2.2856623287671236,1.1807081070983811,1.3668376712328765
2015.9413,0.2848334328358209,2.2895216791044777,1.1807155721393034,1.3667427860696517
2015.94404,0.2835299751552795,2.292689602484472,1.1807011180124223,1.3666528819875776
2015.94678,0.28136323821339954,2.2963647022332507,1.1806757692307692,1.3665622580645163
2015.94952,0.280197657992565,2.299656617100372,1.180640780669145,1.3664595291201982
2015.95226,0.281345099009901,2.3034256806930693,1.18060224009901,1.366358948019802
2015.955,0.2812036588380717,2.3067517058096416,1.180561372064277,1.366248220024722
2015.95774,0.28179787654320987,2.31187337037037,1.1805411604938272,1.3661887654320988
2015.96048,0.2830226757090012,2.3154881011097412,1.1804980517879162,1.366105869297164
2015.96322,0.2844496305418719,2.316682746305419,1.1804393842364533,1.3659845566502464
2015.96596,0.2877557195571956,2.3216753382533826,1.1804145756457565,1.3659124723247233
2015.9687,0.2894205036855037,2.3266324692874694,1.1803717813267813,1.3658067321867322
2015.97144,0.2888991165644172,2.3309959877300614,1.180327889570552,1.3657059386503068
2015.97418,0.2888846323529412,2.3345597426470586,1.1802649142156862,1.3655810171568628
2015.97692,0.28824545899632803,2.336933769889841,1.180199694002448,1.3654657649938802
2015.97966,0.2876868092909535,2.338343704156479,1.1801406234718828,1.3653489242053791
2015.9824,0.2896931257631258,2.342702722832723,1.1800864713064714,1.3652519902319902
2015.98514,0.2921208902439024,2.3461817439024393,1.1800658902439025,1.365165548780488
2015.98788,0.2934423629719854,2.3502675395858708,1.1799952618757612,1.3650420462850181
2015.99062,0.29520052311435524,2.3547328345498784,1.1799367274939174,1.3649337347931874
2015.99336,0.2975760267314702,2.3580404009720533,1.1798735722964762,1.3648191859052248
2015.9961,0.30005328883495147,2.3634929975728154,1.1798212621359223,1.3647216262135922
2015.99884,0.3026379878787879,2.3694137333333334,1.1797631515151517,1.3646131757575757
2016.00158,0.30578130750605326,2.375449818401937,1.179715847457627,1.3645068401937046
2016.00432,0.30833613059250303,2.3819551269649333,1.1796662877871826,1.3644035308343412
2016.00706,0.311768345410628,2.3878760265700483,1.17961211352657,1.3642884661835748
2016.0098,0.3142735343787696,2.3940333896260553,1.180115548854041,1.3647089022919179
2016.01528,0.3159049699157641,2.4020379903730444,1.180857208182912,1.3658505294825511
2016.01802,0.31883247596153846,2.407882824519231,1.1808536538461538,1.365773810096154
2016.02076,0.32036350540216085,2.4135000840336134,1.1808195438175269,1.3656678871548618
2016.0235,0.3213244364508393,2.4183953836930456,1.1807420743405275,1.3655457074340527
2016.02624,0.32192918562874256,2.4224899161676645,1.1807058323353292,1.3654668862275448
2016.02898,0.3238921411483253,2.4267673444976077,1.1806450837320575,1.3653635406698563
2016.03172,0.3251390561529271,2.4288686260454004,1.1805891517323777,1.3652668458781363
2016.03446,0.3261653221957041,2.4318134844868733,1.1805286873508354,1.3651722076372315
2016.0372,0.3267667342073897,2.4373748271752085,1.1804823718712754,1.3651160905840287
2016.03994,0.32761265476190476,2.4421278333333336,1.180410523809524,1.3650036428571428
2016.04268,0.3275619143876338,2.444131272294887,1.1803691082045185,1.3649141973840666
2016.04542,0.3288920427553444,2.4482975534441804,1.1802917458432305,1.3647968052256534
2016.04816,0.3314273072360617,2.451339027283511,1.1802331553973904,1.3647032858837485
2016.0509,0.33116936018957344,2.4543639573459717,1.1801688981042653,1.3645909478672986
2016.05364,0.3329233727810651,2.4581948875739648,1.1800955266272188,1.3644707337278106
2016.05638,0.33323777777777774,2.462529905437352,1.18014731678487,1.3645343617021277
2016.05912,0.3343903896103896,2.4677214285714286,1.1800648878394333,1.3644072727272727
2016.06186,0.33536762971698114,2.4739468396226414,1.180002287735849,1.3642949174528303
2016.0646,0.3366836749116608,2.478763144876325,1.1799375265017669,1.364183722025913
2016.06734,0.33537496470588235,2.4834341411764704,1.1798729176470588,1.364068294117647
2016.07008,0.33490434782608697,2.485993243243243,1.1798153701527614,1.3639729142185666
2016.07282,0.33257402582159623,2.489217840375587,1.1797533568075118,1.363868779342723
2016.07556,0.3325218405627198,2.4937234114888627,1.1797052637749121,1.3638115240328252
2016.0783,0.3316543208430914,2.496749016393443,1.1796355035128805,1.363703337236534
2016.08104,0.33085852631578944,2.5003840584795323,1.179599111111111,1.3636490877192982
2016.08378,0.33111669392523363,2.5039371495327103,1.1795227686915888,1.3635252570093457
2016.08652,0.3300225554259043,2.5080993582263713,1.1794408984830804,1.3634079696616104
2016.08926,0.3288733916083916,2.512691398601399,1.1794425174825174,1.3633275058275056
2016.092,0.3298416763678696,2.518895704307334,1.1794122235157158,1.3632552502910362
2016.09474,0.33222932558139534,2.522669441860465,1.179333034883721,1.3631297906976745
2016.09748,0.33168297328687574,2.5283706736353078,1.1792870150987225,1.3630303832752613
2016.10022,0.3303265081206496,2.5334961716937356,1.179214976798144,1.3629072505800464
2016.10296,0.33187654692931634,2.5386052954808807,1.179149907300116,1.3627932676709154
2016.1057,0.3333600231481481,2.543923796296296,1.1791665856481481,1.3628114699074074
2016.10844,0.33649046242774566,2.5497214682080926,1.179094936416185,1.3626916647398843
2016.11118,0.3385369976905312,2.554001270207852,1.1791048614318707,1.3626481062355658
2016.11392,0.34019194925028834,2.559155997693195,1.1790323183391003,1.3625411188004612
2016.11666,0.3415880184331797,2.5632736405529952,1.1789644585253456,1.3624299769585255
2016.1194,0.3425477215189873,2.5669193440736477,1.1789406904487918,1.3623419792865363
2016.12214,0.34188750574712645,2.571367149425287,1.1788595862068965,1.362216367816092
2016.12488,0.3407794374282434,2.575281343283582,1.1787955223880597,1.3621068541905856
2016.12762,0.3410289449541284,2.5795754587155963,1.178718130733945,1.3619879472477063
2016.13036,0.3412499312714776,2.5855001947308134,1.178636437571592,1.3618684306987399
2016.1331,0.3412239473684211,2.5901002974828375,1.178556052631579,1.3617465675057208
2016.13584,0.3412558514285714,2.592703737142857,1.178513897142857,1.3616660685714288
2016.13858,0.3436765639269407,2.5978013470319636,1.178451712328767,1.361570913242009
2016.14132,0.3448939110604333,2.6028293500570125,1.1784097719498288,1.3615021436716077
2016.14406,0.34552378132118455,2.6079576423690205,1.178351195899772,1.3613873462414579
2016.1468,0.3458354835039818,2.612887827076223,1.1782916382252562,1.3612736860068257
2016.14954,0.34765511363636364,2.618110352272727,1.17821775,1.3611472386363634
2016.15228,0.34874256526674235,2.622231486946651,1.1781740408626562,1.361066231555051
2016.15502,0.3494926190476191,2.625600782312925,1.178093798185941,1.3609489795918368
2016.15776,0.3500944280860702,2.631185685164213,1.1780370215175537,1.360843261608154
2016.1605,0.3504511990950226,2.6346121606334845,1.1779969909502261,1.360751628959276
2016.16324,0.35041462146892655,2.6395191638418076,1.1779194350282485,1.360619570621469
2016.16598,0.34950633182844243,2.6438745936794583,1.1778486794582392,1.3604904063205419
2016.16872,0.35031665163472375,2.64692496054115,1.177780293122886,1.360362390078918
2016.17146,0.35276884009009013,2.650024898648649,1.177729707207207,1.360249313063063
2016.1742,0.3548652193475816,2.6542057367829024,1.1776726209223847,1.3601519797525308
2016.17694,0.35555756179775283,2.657855966292135,1.1776299662921348,1.3600505617977527
2016.17968,0.3560144444444444,2.662066038159371,1.1776093827160494,1.3599588215488216
2016.18242,0.35840931614349775,2.6659529147982064,1.1776107959641255,1.359912735426009
2016.18516,0.36091034714445686,2.6721358118701004,1.1775453303471446,1.3598084994400896
2016.1879,0.3628751230425056,2.6806126174496647,1.1774898657718122,1.3597173378076062
2016.19064,0.36348422346368714,2.68524156424581,1.1774268715083798,1.359587061452514
2016.19338,0.3628147209821429,2.690525491071429,1.1773312276785715,1.3594306026785714
2016.19612,0.3619500557413601,2.695103232998885,1.1772510813823858,1.3592761984392419
2016.19886,0.3601982182628062,2.6991085523385303,1.1772288975501115,1.359171547884187
2016.2016,0.36075126807563956,2.7039115461624026,1.177200233592881,1.3590756395995551
2016.20434,0.3617843888888889,2.7087537888888886,1.1774936555555557,1.3592613
2016.20708,0.36273088790233077,2.7129563263041065,1.1774625860155383,1.3591705993340735
2016.20982,0.3641338248337029,2.7181995676274946,1.1774077050997784,1.359035155210643
2016.21256,0.36538831672203764,2.721611771871539,1.177420177187154,1.3589915060908084
2016.2153,0.36661154867256635,2.72510296460177,1.1774640265486727,1.3589707964601772
2016.21804,0.36559093922651936,2.7282218784530388,1.1773768729281766,1.358814044198895
2016.22078,0.36580391832229575,2.7317876821192053,1.1772899116997793,1.3586627041942605
2016.22352,0.36523318632855567,2.7352046306504962,1.177220407938258,1.3585302535832415
2016.22626,0.36240775330396474,2.7369478854625546,1.1771467400881057,1.358393039647577
2016.229,0.3615231903190319,2.7378051485148513,1.1770592409240925,1.358237612761276
2016.23174,0.36000605494505494,2.740885934065934,1.1769622417582417,1.3580833626373625
2016.23448,0.3590977277716795,2.744440878155873,1.176888035126235,1.35793365532382
2016.23722,0.3587402960526316,2.746398245614035,1.176807543859649,1.3577876315789474
2016.23996,0.3582408105147864,2.748077634173056,1.176736878422782,1.35766286966046
2016.2427,0.35746408096280086,2.748967921225383,1.1766535120350108,1.3575107658643326
2016.24544,0.3575345027322404,2.7510716939890707,1.1765810273224042,1.3573715300546447
2016.24818,0.3585879475982533,2.752417729257642,1.1764990829694324,1.3572217467248908
2016.25092,0.3598851145038168,2.7532298800436203,1.1764931297709924,1.3571181679389315
2016.25366,0.3617661546840959,2.7534042265795207,1.1764733224400872,1.357014814814815
2016.2564,0.36118455930359084,2.7565826768226334,1.1763970946681177,1.3568675734494016
2016.25914,0.3614700869565217,2.7595815217391304,1.176352956521739,1.3567489239130435
2016.26188,0.36086204125950055,2.761031096634093,1.176280217155266,1.3566014549402823
2016.26462,0.36089804772234274,2.7626045553145335,1.176217190889371,1.3564709002169197
2016.26736,0.36174934994582886,2.7636481906825567,1.1761352004333694,1.356322394366197
2016.2701,0.3628895021645021,2.7666009523809527,1.1760703463203463,1.3562048484848486
2016.27284,0.3642786378378378,2.7688998918918917,1.1759929297297298,1.3560652216216216
2016.27558,0.3647302051835853,2.771541727861771,1.1759241360691144,1.3559135097192225
2016.27832,0.3659052858683927,2.774495145631068,1.1758491585760518,1.355776148867314
2016.28106,0.3662767456896551,2.7755134482758623,1.1758566379310345,1.3557124568965517
2016.2838,0.3666663509149623,2.779693304628633,1.1758061356297094,1.3555797308934339
2016.28654,0.367003064516129,2.782173978494624,1.1757978494623655,1.3554736129032257
2016.28928,0.3675942642320086,2.783361589688507,1.1757191192266379,1.3553332116004295
2016.29202,0.36941342274678113,2.7881086480686696,1.1764284871244637,1.3559006545064376
2016.2975,0.3720022912205567,2.787767516059957,1.1768499036402569,1.3563659957173446
2016.30024,0.37357638502673796,2.78902479144385,1.1767944705882354,1.356258780748663
2016.30298,0.3752075854700855,2.78911391025641,1.1767538034188034,1.3561403525641025
2016.30572,0.3767164034151548,2.7924260192102457,1.1766923265741729,1.3560091141942368
2016.30846,0.3772834008528784,2.793342078891258,1.1766184541577827,1.35587
2016.3112,0.3785058466453674,2.7945033865814697,1.1765749733759319,1.3557613312034078
2016.31394,0.3799231276595745,2.7958112872340424,1.176502425531915,1.355623595744681
2016.31668,0.3806812858660999,2.796716960680128,1.176439394261424,1.355495908607864
2016.31942,0.3807898407643312,2.7975985456475585,1.1763712951167729,1.3553563057324842
2016.32216,0.38347885471898197,2.7984889925768823,1.17630230116649,1.3552178154825025
2016.3249,0.3835717055084745,2.8003702648305087,1.1762272351694916,1.3550796186440677
2016.32764,0.3845073121693121,2.8019799576719575,1.1761585396825398,1.3549554708994709
2016.33038,0.38614136363636364,2.803179397463002,1.1760879281183931,1.3548234989429175
2016.33312,0.38708409714889125,2.803684772967265,1.176039176346357,1.3547095776135163
2016.33586,0.3884927742616034,2.8036702215189875,1.175993628691983,1.354597510548523
2016.3386,0.38848393045310853,2.80316478398314,1.1763649947312962,1.3548814857744995
2016.34134,0.3884199368421053,2.8051942210526315,1.1763181684210526,1.3547839684210525
2016.34408,0.38945660357518397,2.8059366561514194,1.1762786435331232,1.3547035541535224
2016.34682,0.38986881302521004,2.8058562289915967,1.176248455882353,1.3545951785714285
2016.34956,0.39154101783840506,2.8033490241343126,1.1762635362014688,1.3545552675760757
2016.3523,0.3909849685534591,2.8032004507337525,1.176210849056604,1.3544416666666665
2016.35504,0.39246525654450265,2.8031298010471204,1.1761603246073298,1.354323497382199
2016.35778,0.3927757112970711,2.804635784518829,1.1760812238493725,1.3541871652719666
2016.36052,0.39346857889237197,2.8065410449320796,1.1760104806687564,1.3540615151515152
2016.36326,0.39540906054279745,2.8070614509394574,1.1759787160751567,1.3539672651356995
2016.366,0.39707812304483836,2.807452638164755,1.1759102606882168,1.3538357247132429
2016.36874,0.39917557291666667,2.807815010416667,1.1758511354166667,1.3537243749999999
2016.37148,0.4000642872008324,2.808216295525494,1.1758125078043704,1.3536084807492195
2016.37422,0.40231871101871103,2.8085929625779626,1.1757546257796256,1.353498399168399
2016.37696,0.40284737279335414,2.8098080166147454,1.1757009241952234,1.353372658359294
2016.3797,0.40283820539419085,2.811090176348548,1.1756849170124481,1.3533003423236514
2016.38244,0.403017243523316,2.8131770569948182,1.1756111088082901,1.3531607979274611
2016.38518,0.40398637681159416,2.813881894409938,1.1755404968944099,1.353032629399586
2016.38792,0.4040833815925543,2.8160735056876938,1.1754609203722854,1.3529063081695967
2016.39066,0.4040227479338843,2.8186326136363635,1.1754533161157024,1.3528505785123968
2016.3934,0.40409081527347784,2.81880782249742,1.1754043034055728,1.3527302270381836
2016.39614,0.4036212164948454,2.8206126907216493,1.1753644742268041,1.3526164329896906
2016.39888,0.40211096807415037,2.8233253964984555,1.1753166632337795,1.3525194232749742
2016.40162,0.40259414609053495,2.823073796296296,1.175271975308642,1.352434413580247
2016.40436,0.4014356320657759,2.823804337101747,1.1751991983556014,1.35229690647482
2016.4071,0.4008694250513347,2.8253415092402463,1.1751416529774128,1.3521643942505133
2016.40984,0.40094396923076925,2.8255033435897436,1.1750852307692308,1.3520533333333333
2016.41258,0.4012720389344262,2.824920092213115,1.175022899590164,1.3519166393442623
2016.41532,0.4015580757420676,2.825410829068577,1.1749687103377686,1.3517911873080861
2016.41806,0.4038155112474438,2.8265530368098157,1.1749506748466259,1.3517105725971372
2016.4208,0.4063008069458631,2.825337568947906,1.1748986721144024,1.3515988661899898
2016.42354,0.40862552040816325,2.824355316326531,1.1748407857142855,1.3514709999999999
2016.42628,0.4100602650356779,2.821721773700306,1.1747790214067277,1.351346513761468
2016.42902,0.41201001018329936,2.818591680244399,1.1747233706720979,1.3512316293279023
2016.43176,0.4120275991861648,2.816137466937945,1.1746708138351982,1.3511200915564598
2016.4345,0.4124746138211382,2.8177818597560975,1.1746253353658536,1.351026656504065
2016.43724,0.4131680304568528,2.818554,1.1745700101522842,1.3509202131979696
2016.43998,0.4125634787018256,2.8196259127789047,1.1745843103448277,1.3508799290060851
2016.44272,0.4117378318135765,2.8204921276595747,1.1745340932117527,1.3507722998986829
2016.44546,0.41167764170040483,2.8208637955465585,1.1744681275303646,1.3506494028340081
2016.4482,0.41045436804853386,2.821378412537917,1.174405257836198,1.3505375834175934
2016.45094,0.40958265656565657,2.8196628181818184,1.174363292929293,1.3504259898989899
2016.45368,0.4076921089808274,2.820728809283552,1.1742967103935418,1.3502945509586277
2016.45642,0.4079047681451613,2.8182957963709674,1.1742322278225805,1.3501764818548387
2016.45916,0.40756472306143,2.817696606243706,1.1741708358509566,1.3500509466263848
2016.4619,0.4070991951710261,2.818679225352113,1.17409676056338,1.3499264386317908
2016.46464,0.40499500502512564,2.8192821005025124,1.1740238190954775,1.3497967939698492
2016.46738,0.4046747489959839,2.818475251004016,1.1739588955823292,1.3496735542168674
2016.47012,0.4046817151454363,2.818572848545637,1.173905887662989,1.3495528686058176
2016.47286,0.40441571142284566,2.8177465230460923,1.173845130260521,1.3494270541082165
2016.4756,0.40544513513513514,2.816035085085085,1.1738246846846847,1.3493474374374375
2016.47834,0.40491209,2.81648619,1.17381015,1.34927487
2016.48108,0.40249188811188813,2.8164688811188814,1.1738494405594406,1.3492826873126873
