2004.65798,0.00987,-5.68188,1.68593,1.80172
2004.66072,-0.27767,-6.1200849999999996,1.683735,1.814785
2004.66346,-0.24220666666666665,-6.545293333333333,1.6705699999999999,1.8210033333333333
2004.6662,0.18750750000000002,-6.763,1.6628924999999999,1.815715
2004.66894,-0.13227999999999998,-6.900907999999999,1.665086,1.816834
2004.67168,-0.02714999999999998,-7.120415,1.6727633333333334,1.8183583333333333
2004.67442,0.1360757142857143,-7.102551428571429,1.6649285714285715,1.8133157142857144
2004.67716,0.25223625000000005,-7.25645625,1.6623425,1.81361625
2004.6799,0.22646333333333335,-7.019205555555556,1.6608188888888888,1.8121911111111109
2004.68264,0.17503800000000003,-6.969747,1.6589420000000001,1.8113309999999998
2004.68538,0.20186545454545454,-6.754409090909092,1.659400909090909,1.8102027272727275
2004.68812,0.24521500000000004,-6.776995833333333,1.6572241666666667,1.8108175
2004.69086,0.35773615384615387,-6.68337,1.6570692307692307,1.8124861538461539
2004.6936,0.39296357142857147,-6.657006428571429,1.65584,1.8133835714285715
2004.69634,0.43135533333333337,-6.544652,1.6586500000000002,1.8171466666666667
2004.69908,0.37150625000000004,-6.518180625,1.657955,1.815424375
2004.70182,0.3246352941176471,-6.384730588235294,1.6604394117647059,1.8171976470588236
2004.70456,0.3756905555555556,-6.385353333333334,1.662098888888889,1.819758888888889
2004.7073,0.36384105263157895,-6.4534589473684205,1.6634105263157895,1.8206757894736842
2004.71004,0.37452300000000005,-6.2515245,1.6628910000000001,1.8209875
2004.71278,0.2936604761904762,-6.121937142857142,1.6634657142857143,1.8217138095238095
2004.71552,0.25032727272727273,-6.084967272727273,1.6640877272727272,1.821907727272727
2004.71826,0.2577591304347826,-5.926665217391304,1.6631295652173914,1.8208678260869564
2004.721,0.20281875000000002,-5.860364166666667,1.66161125,1.8202645833333333
2004.72374,0.1274704,-5.7905435999999995,1.6609164,1.8198216
2004.72648,0.07137692307692309,-5.697417692307692,1.6604438461538462,1.819233076923077
2004.72922,0.09417666666666667,-5.634908888888889,1.660697037037037,1.8194829629629632
2004.73196,0.04038107142857144,-5.552665714285714,1.6607753571428572,1.8199814285714286
2004.7347,-0.017086551724137918,-5.45783275862069,1.6594110344827586,1.8194482758620691
2004.73744,-0.03975866666666666,-5.412169333333334,1.6584299999999998,1.8186086666666665
2004.74018,-0.05945419354838708,-5.321433225806452,1.6569816129032258,1.8179735483870967
2004.74292,-0.09610874999999999,-5.2583184375,1.656069375,1.8169990625
2004.74566,-0.13130151515151517,-5.1554051515151516,1.6576721212121213,1.8176954545454544
2004.7484,-0.21113205882352942,-4.988057647058824,1.6559867647058824,1.816265
2004.75114,-0.237146,-4.8895420000000005,1.655338,1.8155828571428572
2004.75388,-0.20552222222222225,-4.847399722222223,1.6538719444444443,1.8149905555555554
2004.75662,-0.1939610810810811,-4.78051972972973,1.65293,1.8143545945945945
2004.75936,-0.15301026315789473,-4.711539210526316,1.6516044736842106,1.8137765789473683
2004.7621,-0.13580256410256408,-4.667491282051282,1.6513033333333333,1.8129651282051282
2004.76484,-0.036982,-4.68593125,1.6521415000000002,1.813617
2004.76758,-0.02815439024390244,-4.6189939024390245,1.6512534146341464,1.8132812195121952
2004.77032,-0.024225238095238102,-4.567277857142857,1.652914761904762,1.8146942857142858
2004.77306,-0.11610837209302327,-4.546186046511628,1.6543202325581394,1.8154341860465117
2004.7758,-0.11940750000000001,-4.465585227272727,1.655113409090909,1.8157375
2004.77854,-0.11831733333333333,-4.396220444444444,1.6555055555555556,1.816504222222222
2004.78128,-0.07912391304347827,-4.34533695652174,1.6560000000000001,1.8164667391304348
2004.78402,-0.0863444680851064,-4.28386170212766,1.6560765957446808,1.8164508510638298
2004.78676,-0.09007812500000001,-4.242039791666667,1.6567441666666667,1.8161633333333331
2004.7895,-0.12217122448979592,-4.212831428571429,1.6571381632653062,1.816515918367347
2004.79224,-0.130662,-4.1296596,1.6579992000000001,1.8170038
2004.79498,-0.12772313725490198,-4.064012549019608,1.6596437254901961,1.8173445098039214
2004.79772,-0.15945653846153848,-4.021090769230769,1.6592632692307692,1.8167390384615383
2004.80046,-0.2072390566037736,-3.9196832075471697,1.6601388679245281,1.8173358490566036
2004.8032,-0.22664203703703706,-3.864983703703704,1.6604133333333333,1.8175131481481481
2004.80594,-0.21408636363636366,-3.8251716363636366,1.6603587272727274,1.817209090909091
2004.80868,-0.19930178571428572,-3.784574642857143,1.6604626785714287,1.8177323214285714
2004.81142,-0.16403719298245614,-3.705409298245614,1.661275087719298,1.8179752631578947
2004.81416,-0.16180017241379313,-3.636256896551724,1.6619837931034482,1.818065
2004.8169,-0.19001322033898305,-3.55977779661017,1.6615157627118644,1.817345254237288
2004.81964,-0.21177033333333334,-3.5101881666666666,1.6625441666666667,1.8180801666666668
2004.82238,-0.21806114754098363,-3.447477213114754,1.662963442622951,1.8182403278688526
2004.82512,-0.23344064516129034,-3.369537741935484,1.66229,1.8175975806451614
2004.82786,-0.22639650793650795,-3.299682380952381,1.6620906349206348,1.817301111111111
2004.8306,-0.24440171875,-3.24843828125,1.66359421875,1.81836984375
2004.83334,-0.25214646153846154,-3.157238923076923,1.6638027692307693,1.8178266153846154
2004.83608,-0.26314242424242423,-3.1042792424242425,1.6644371212121212,1.8180915151515151
2004.83882,-0.24402014925373136,-3.042846865671642,1.6651507462686568,1.8184182089552239
2004.84156,-0.23360838235294118,-2.9691833823529414,1.6661176470588237,1.819133088235294
2004.8443,-0.24616623188405795,-2.9404871014492753,1.6657052173913045,1.818556231884058
2004.84704,-0.2501805714285714,-2.8902738571428572,1.6656650000000002,1.8181291428571429
2004.84978,-0.29320957746478876,-2.8384949295774646,1.6661202816901408,1.8185156338028168
2004.85252,-0.2770027777777778,-2.7986323611111112,1.6665781944444444,1.8187229166666665
2004.85526,-0.21085739726027397,-2.7632786301369863,1.6710354794520548,1.8249319178082193
2004.858,-0.2014195945945946,-2.72066972972973,1.6716072972972973,1.825009189189189
2004.86074,-0.17964786666666666,-2.6610560000000003,1.6719445333333334,1.8261542666666666
2004.86348,-0.17717368421052632,-2.5908980263157897,1.672547105263158,1.8262625000000001
2004.86622,-0.18015428571428574,-2.490632727272727,1.672307792207792,1.8258346753246752
2004.86896,-0.15511064102564104,-2.4372128205128205,1.6721870512820511,1.8253102564102563
2004.8717,-0.15620835443037975,-2.3835810126582277,1.6716945569620254,1.824858101265823
2004.87444,-0.1579545,-2.31695775,1.6717627499999999,1.8251403750000001
2004.87718,-0.14662135802469134,-2.2679104938271606,1.6718562962962962,1.824759135802469
2004.87992,-0.14460219512195124,-2.204662195121951,1.6716934146341462,1.8245919512195121
2004.88266,-0.10024698795180724,-2.13422,1.6720895180722892,1.8248334939759037
2004.8854,-0.09886535714285716,-2.056114761904762,1.6723586904761905,1.8247250000000002
2004.88814,-0.0833995294117647,-1.980393294117647,1.6714858823529413,1.823872588235294
2004.89088,-0.0649686046511628,-1.9264725581395348,1.6710670930232558,1.8231702325581396
2004.89362,-0.05974379310344828,-1.8563824137931033,1.671515287356322,1.822709195402299
2004.89636,-0.054979431818181816,-1.7778785227272729,1.6713425,1.8223752272727274
2004.8991,-0.059221910112359555,-1.7466491011235956,1.6714570786516854,1.8221221348314607
2004.90184,-0.04035977777777778,-1.6995626666666668,1.6726416666666666,1.8225693333333333
2004.90458,-0.03418769230769231,-1.6439442857142856,1.67245010989011,1.8224325274725275
2004.90732,-0.047889782608695655,-1.5832351086956522,1.672846956521739,1.8218930434782608
2004.91006,-0.04236247311827958,-1.5546639784946237,1.6722327956989247,1.8208835483870969
2004.9128,-0.053102446808510645,-1.5010350000000001,1.6713282978723405,1.8197863829787235
2004.91554,-0.03494347368421053,-1.423570947368421,1.6710316842105262,1.8190265263157896
2004.91828,-0.038976041666666676,-1.3430167708333334,1.6708555208333333,1.8192641666666667
2004.92102,-0.04688494845360826,-1.274127731958763,1.670230618556701,1.819131443298969
2004.92376,-0.052541326530612255,-1.2349141836734694,1.669875918367347,1.8186110204081634
2004.9265,-0.06303373737373738,-1.1790424242424242,1.669439696969697,1.8178372727272727
2004.92924,-0.06374700000000001,-1.1319523,1.6689573999999998,1.8172003
2004.93198,-0.07235772277227723,-1.0731452475247525,1.6682131683168318,1.8166959405940595
2004.93472,-0.07681019607843137,-1.017916960784314,1.6680642156862746,1.8169058823529411
2004.93746,-0.1078759223300971,-0.9389399029126214,1.6681417475728155,1.8170030097087377
2004.9402,-0.11709490384615386,-0.8673509615384616,1.6678592307692308,1.8166049038461538
2004.94294,-0.11014857142857144,-0.8012629523809524,1.6686789523809522,1.8174761904761905
2004.94568,-0.12718301886792455,-0.7509351886792454,1.6685933018867924,1.817468396226415
2004.94842,-0.13110532710280376,-0.6855427102803738,1.6680992523364484,1.817391028037383
2004.95116,-0.13488157407407408,-0.6137261111111111,1.6678682407407408,1.8171509259259258
2004.9539,-0.1462773394495413,-0.553561376146789,1.6683055963302753,1.8174972477064222
2004.95664,-0.13884836363636363,-0.504967090909091,1.668386,1.817447090909091
2004.95938,-0.13772504504504504,-0.45326108108108115,1.667872072072072,1.8173558558558558
2004.96212,-0.13391714285714287,-0.37979464285714293,1.6676121428571429,1.8172745535714285
2004.96486,-0.12601796460176992,-0.32301265486725667,1.6673374336283187,1.8167653097345131
2004.9676,-0.13652991228070177,-0.2580287719298246,1.6674138596491228,1.8164123684210527
2004.97034,-0.15457278260869567,-0.19795252173913047,1.6667164347826087,1.815716695652174
2004.97308,-0.14867586206896552,-0.137993275862069,1.6668158620689655,1.815748879310345
2004.97582,-0.15382905982905984,-0.07827623931623935,1.6665479487179486,1.8157326495726496
2004.97856,-0.15709889830508475,-0.020549406779661054,1.666015,1.8153766949152543
2004.9813,-0.1754236974789916,0.030943193277310887,1.6657767226890756,1.8149405042016808
2004.98404,-0.19140200000000002,0.08392416666666662,1.6655424166666668,1.8145970833333334
2004.98678,-0.18181925619834713,0.13749702479338838,1.6655204958677687,1.8149610743801652
2004.98952,-0.1899106557377049,0.19114729508196718,1.6652202459016394,1.8151202459016393
2004.99226,-0.1981149593495935,0.24492991869918695,1.6652191869918698,1.8155574796747966
2004.995,-0.19834072580645162,0.3115433064516128,1.6650588709677419,1.8155362096774192
2004.99774,-0.21349952000000003,0.3919195999999999,1.6651204800000001,1.81598552
2005.00048,-0.24487063492063496,0.43619134920634917,1.6650505555555555,1.8165831746031746
2005.00596,-0.2616228346456693,0.5100270866141732,1.664584409448819,1.8169143307086615
2005.0087,-0.26084046875,0.5697684375,1.6642284375,1.81673
2005.01144,-0.25803201550387594,0.6295260465116278,1.6637079069767442,1.8166136434108529
2005.01418,-0.2500057692307693,0.6817072307692307,1.6631869230769232,1.8164416923076923
2005.01692,-0.2574156488549619,0.7261191603053434,1.6631762595419848,1.816713969465649
2005.01966,-0.2431986363636364,0.7835519696969696,1.6633901515151515,1.8171941666666667
2005.0224,-0.21411323308270677,0.8233135338345864,1.6633286466165413,1.8172812781954888
2005.02514,-0.2041789552238806,0.8722173134328357,1.6630143283582088,1.8168517910447761
2005.02788,-0.2203034814814815,0.9261935555555555,1.6627046666666665,1.8163526666666665
2005.03062,-0.23361786764705883,0.988615588235294,1.661964044117647,1.8156756617647059
2005.03336,-0.21119824817518248,1.0489918978102188,1.6616425547445255,1.815362700729927
2005.0361,-0.2059809420289855,1.109780072463768,1.6614052173913043,1.815345
2005.03884,-0.21216294964028778,1.1702948920863308,1.6610766187050359,1.8150925899280574
2005.04158,-0.21743571428571432,1.226413714285714,1.660447142857143,1.8145972142857143
2005.04432,-0.2131732624113475,1.2878824822695036,1.6605267375886525,1.8144794326241134
2005.04706,-0.20944316901408452,1.3567854225352112,1.6605974647887325,1.814540704225352
2005.0498,-0.20858391608391608,1.4266867832167833,1.6606979020979022,1.814685944055944
2005.05254,-0.21479270833333333,1.4963574305555556,1.6611930555555556,1.8153086805555556
2005.05528,-0.2108611724137931,1.550209103448276,1.661590551724138,1.8158455862068967
2005.05802,-0.21466890410958905,1.602443493150685,1.6619000000000002,1.8158702739726027
2005.06076,-0.22457496598639456,1.662644693877551,1.6619514965986395,1.8159009523809522
2005.0635,-0.22733418918918918,1.732563310810811,1.6621802027027026,1.8158429729729728
2005.06624,-0.23443268456375838,1.791137986577181,1.6624426174496645,1.8159673825503355
2005.06898,-0.23967033333333332,1.8465688666666664,1.6625845333333333,1.8158972666666666
2005.07172,-0.2380113245033113,1.9082892715231787,1.6625502649006623,1.8157662913907284
2005.07446,-0.24772986842105266,1.9655632894736843,1.6626607236842106,1.8157475657894737
2005.0772,-0.2551715032679739,2.0078375163398694,1.6628343137254902,1.8155400000000002
2005.07994,-0.25316636363636363,2.0625665584415582,1.662442922077922,1.8151837012987013
2005.08268,-0.2587810967741936,2.119412516129032,1.6621132258064515,1.8147176129032259
2005.08542,-0.25571532051282053,2.165693717948718,1.6618369871794874,1.8143591666666667
2005.08816,-0.2679374522292994,2.219771210191083,1.6611380891719745,1.8136724840764331
2005.0909,-0.2629737341772152,2.2625855696202533,1.6607812658227847,1.8130948734177217
2005.09638,-0.2668469182389937,2.3155291194968552,1.660635849056604,1.8127651572327046
2005.09912,-0.2869534375,2.3686083125,1.660320875,1.81231125
2005.10186,-0.2866677639751553,2.4185410559006213,1.6602619254658384,1.8118803726708075
2005.1046,-0.2992564197530864,2.4638424691358023,1.659932839506173,1.811431790123457
2005.10734,-0.3105009202453988,2.5117142944785273,1.659574171779141,1.811005889570552
2005.11008,-0.3274135975609756,2.5558899999999998,1.6592532926829269,1.810625
2005.11282,-0.34747927272727275,2.5991095757575757,1.658617212121212,1.8101129696969696
2005.11556,-0.3609602409638554,2.6525890361445783,1.6582530722891566,1.809685843373494
2005.1183,-0.36743592814371256,2.698718982035928,1.6580378443113772,1.809353233532934
2005.12104,-0.38673970238095245,2.7485234523809523,1.6577794642857144,1.8090023214285715
2005.12378,-0.3980462130177515,2.8001917159763314,1.6576863905325443,1.8088046745562132
2005.12652,-0.41412017647058824,2.8430614117647055,1.6573621176470588,1.808291
2005.12926,-0.4187316959064328,2.886362923976608,1.6570223976608185,1.8079415789473683
2005.132,-0.4231504651162791,2.9255131976744186,1.656852441860465,1.807867441860465
2005.13474,-0.42595213872832377,2.957376069364162,1.6565513294797687,1.807729421965318
2005.13748,-0.4344691379310345,2.99506,1.656102356321839,1.807271264367816
2005.14022,-0.4423749142857143,3.0271565714285713,1.6558841714285717,1.806967657142857
2005.14296,-0.43973102272727277,3.0541303977272722,1.6556310795454545,1.8067417045454546
2005.1457,-0.4436541807909605,3.0854354802259887,1.6549470056497173,1.8061862146892653
2005.14844,-0.447831404494382,3.1162010674157306,1.6547636516853934,1.8060615168539327
2005.15118,-0.44675564245810057,3.1481904469273743,1.6544965363128492,1.8059382122905028
2005.15392,-0.4502089444444444,3.1796276111111106,1.6540678333333334,1.8057644444444445
2005.15666,-0.44679574585635357,3.1980300552486187,1.6538196132596683,1.8055668508287293
2005.1594,-0.4523764835164835,3.221151043956044,1.6534114285714285,1.805397032967033
2005.16214,-0.45303874316939896,3.2369843169398904,1.6533733333333334,1.8054228415300546
2005.16488,-0.4608952717391305,3.267507336956522,1.653222391304348,1.8052810326086957
2005.16762,-0.46498616216216215,3.287860324324324,1.6529307567567568,1.8052113513513512
2005.17036,-0.46700118279569897,3.3148094086021502,1.6526717741935484,1.8050772043010754
2005.1731,-0.4635886631016043,3.3272541176470587,1.6522982352941176,1.8048945989304812
2005.17584,-0.4736489893617021,3.3494844680851066,1.652057021276596,1.804828085106383
2005.17858,-0.47645507936507936,3.3668477248677244,1.6518415873015873,1.8047622751322752
2005.18132,-0.4828952105263158,3.395320789473684,1.6516976842105264,1.804648052631579
2005.18406,-0.48314261780104717,3.419734345549738,1.6517218324607332,1.8046767015706806
2005.1868,-0.4884190625,3.4363758333333334,1.6517971354166667,1.8047730729166667
2005.18954,-0.481340725388601,3.4601898445595856,1.6519853367875648,1.8050521761658032
2005.19228,-0.48399551546391756,3.4709056701030927,1.6518775773195875,1.8049628350515463
2005.19502,-0.48511574358974363,3.4914223076923077,1.6517146666666667,1.8047643589743592
2005.19776,-0.49165857142857144,3.5064111224489793,1.651559030612245,1.8045012755102041
2005.2005,-0.486627766497462,3.516875126903553,1.6513548730964467,1.8044303045685282
2005.20324,-0.4759360101010101,3.5150141414141416,1.6516679797979799,1.8047983333333335
2005.20598,-0.46904050251256285,3.5178783417085424,1.6518070351758796,1.8051017085427135
2005.20872,-0.46583935000000004,3.5298368,1.65175275,1.8050381500000001
2005.21146,-0.45268034825870646,3.5289279104477616,1.6516280597014925,1.8048777611940299
2005.2142,-0.45614207920792077,3.5364269801980197,1.6514720297029704,1.80487599009901
2005.21694,-0.46059965517241375,3.5382934482758617,1.6514796551724136,1.8048052709359605
2005.21968,-0.46499426470588234,3.546276862745098,1.6515732352941175,1.8048404411764707
2005.22242,-0.4650975609756097,3.556234,1.651553512195122,1.8048070243902439
2005.22516,-0.46286038834951454,3.5573303398058256,1.651336990291262,1.8046923786407767
2005.2279,-0.4756114009661836,3.558703913043478,1.6509847826086956,1.8046194202898551
2005.23064,-0.4720334134615385,3.550677644230769,1.6509101923076923,1.8045920192307692
2005.23338,-0.46851392344497605,3.5361568421052634,1.6511984210526314,1.8047791866028708
2005.23612,-0.46332833333333334,3.5326675714285716,1.6514525714285715,1.8049779047619048
2005.23886,-0.4677135545023697,3.529967725118483,1.6513976303317537,1.8051437914691943
2005.2416,-0.46096339622641513,3.5247536320754715,1.651545,1.8053916981132077
2005.24434,-0.4615821596244132,3.5329950234741783,1.6516446009389671,1.8053613145539906
2005.24708,-0.4617421962616823,3.52472285046729,1.6519534579439252,1.8057192523364487
2005.24982,-0.46277548837209304,3.530809395348837,1.6519584186046512,1.8057180000000002
2005.25256,-0.4596513888888889,3.5215969444444446,1.6519277777777777,1.8056692592592594
2005.2553,-0.4627822580645161,3.51568866359447,1.6520894930875576,1.8059606451612904
2005.25804,-0.46267150684931513,3.496151598173516,1.6521881278538812,1.8064416894977169
2005.26078,-0.4611333181818182,3.4916066363636364,1.6521420454545455,1.8066365454545454
2005.26352,-0.46542837104072404,3.4901687782805433,1.6521857013574661,1.80672407239819
2005.26626,-0.4685183783783784,3.4865167567567568,1.6521647297297297,1.8066931081081081
2005.269,-0.4710115246636772,3.4777700896860986,1.6519521524663678,1.806654080717489
2005.27174,-0.466959375,3.4699439285714284,1.6523192857142859,1.8070486160714285
2005.27448,-0.46195791111111106,3.4575716444444446,1.652473511111111,1.8071161777777778
2005.27722,-0.45797004424778764,3.452276017699115,1.6523400442477876,1.8071955309734513
2005.27996,-0.45675334801762113,3.4572587224669604,1.6521739207048458,1.8072700440528633
2005.2827,-0.4607625438596491,3.4417134210526314,1.6524037280701753,1.8078472807017545
2005.28544,-0.45723921397379913,3.428891572052402,1.652401615720524,1.8080405676855895
2005.28818,-0.45290339130434787,3.420762043478261,1.6524710869565218,1.8080861304347826
2005.29092,-0.45217251082251086,3.3996015151515153,1.6523784848484848,1.8080545454545454
2005.29366,-0.45074133620689655,3.386238017241379,1.6522914224137932,1.8079830172413793
2005.2964,-0.45725841201716744,3.377725622317597,1.651917939914163,1.8078960515021458
2005.29914,-0.47050213675213676,3.354126111111111,1.6516179487179488,1.807754017094017
2005.30188,-0.47149302127659576,3.3283001276595745,1.651633234042553,1.807772
2005.30462,-0.4673232627118644,3.307996313559322,1.6517599576271187,1.807928220338983
2005.30736,-0.46380506329113924,3.27851611814346,1.6516079324894515,1.8078272151898733
2005.3101,-0.4588881512605042,3.265323907563025,1.6514986554621849,1.807911344537815
2005.31284,-0.4597239748953975,3.245725732217573,1.6514361924686192,1.8079127615062762
2005.31558,-0.45184066666666667,3.217064125,1.6512508333333333,1.807750875
2005.31832,-0.44955834024896263,3.188858589211618,1.6511034439834025,1.8076677593360995
2005.32106,-0.4566546694214876,3.1628307024793387,1.6512428099173553,1.807866818181818
2005.3238,-0.4572567078189301,3.1325502880658433,1.6510334567901233,1.8078261728395062
2005.32654,-0.45575983606557374,3.113840163934426,1.65095618852459,1.8078164344262295
2005.32928,-0.45242240816326534,3.0891994285714284,1.6508392653061226,1.8077191836734694
2005.33202,-0.447624593495935,3.0633305284552845,1.6506920731707317,1.807869268292683
2005.33476,-0.4464732388663968,3.0357503643724697,1.6510878542510121,1.8078972469635626
2005.3375,-0.4437225806451613,3.009810322580645,1.651064677419355,1.8079137096774194
2005.34024,-0.442283453815261,2.9883058634538155,1.6509491967871486,1.8078176305220883
2005.34298,-0.45017216000000004,2.95928776,1.65086972,1.8077185999999998
2005.34572,-0.4499624302788845,2.9340251394422308,1.6507777689243026,1.807642669322709
2005.34846,-0.44887369047619047,2.915338333333333,1.6509042063492063,1.8076450793650793
2005.3512,-0.4449282608695652,2.89256837944664,1.650873557312253,1.8076364031620555
2005.35394,-0.44784881889763783,2.880936692913386,1.6510892913385828,1.807811496062992
2005.35668,-0.4440134117647059,2.8549710980392153,1.6512000784313725,1.8080400784313726
2005.35942,-0.4467863671875,2.83890203125,1.65128859375,1.8080408984375
2005.36216,-0.4498143190661479,2.8223843968871596,1.651431906614786,1.8082704280155641
2005.3649,-0.4456058914728682,2.79678003875969,1.6516718992248063,1.808382480620155
2005.36764,-0.441754555984556,2.7861053667953666,1.652380115830116,1.8091168725868725
2005.37038,-0.44367161538461536,2.7681266153846154,1.6524880384615384,1.8091171538461537
2005.37312,-0.4454631417624521,2.7447361302681994,1.6528683141762452,1.8095821455938699
2005.37586,-0.43661148854961834,2.7278317938931296,1.6530530916030535,1.8099046946564885
2005.3786,-0.43540920152091256,2.712373802281369,1.6533115589353613,1.8099303422053232
2005.38134,-0.43272007575757576,2.6887813257575757,1.653696856060606,1.8101714015151515
2005.38408,-0.4388590566037736,2.6764823396226416,1.654025433962264,1.8103683773584904
2005.38682,-0.44330552631578946,2.678559962406015,1.6544216541353385,1.8106375187969923
2005.38956,-0.442220861423221,2.656058689138577,1.6543547940074907,1.8105447191011235
2005.3923,-0.43889455223880597,2.630693917910448,1.6543784701492537,1.8104247388059702
2005.39504,-0.4317344981412639,2.6056202973977696,1.6543734200743494,1.810326468401487
2005.39778,-0.428612962962963,2.5801456666666667,1.654404962962963,1.8103568148148148
2005.40052,-0.4215110332103321,2.5466951660516606,1.6546062730627307,1.8103180442804427
2005.40326,-0.4164101102941176,2.5095920220588233,1.654568161764706,1.8102727205882354
2005.406,-0.40411241758241756,2.4671364468864465,1.6545665201465203,1.810214065934066
2005.40874,-0.40330985401459857,2.437255693430657,1.6548170802919708,1.8101251824817517
2005.41148,-0.39971338181818183,2.3997070909090907,1.655045890909091,1.8102337454545454
2005.41422,-0.4014693115942029,2.3803457608695653,1.6554916304347826,1.810419275362319
2005.41696,-0.40883379061371844,2.3552996028880866,1.6555579422382671,1.8104215523465703
2005.4197,-0.40481820143884895,2.332216330935252,1.6556119424460434,1.810333201438849
2005.42244,-0.4054732258064516,2.310436810035842,1.6555397491039427,1.810191971326165
2005.42518,-0.4071917142857143,2.2870934999999997,1.6556443571428572,1.810208357142857
2005.42792,-0.3903110320284698,2.2610928113879005,1.655736512455516,1.8102711387900356
2005.43066,-0.3829616666666667,2.235728936170213,1.6558746808510638,1.810306985815603
2005.4334,-0.3788306007067138,2.2187442756183744,1.6559227208480565,1.8103326855123676
2005.43614,-0.37036267605633805,2.195912957746479,1.6558004929577466,1.8102103873239435
2005.43888,-0.36712284210526314,2.167893052631579,1.6560178245614035,1.810413052631579
2005.44162,-0.3601611538461538,2.143452237762238,1.6562297902097902,1.8105555594405596
2005.44436,-0.3534468641114983,2.122807456445993,1.6569218466898954,1.8110904529616725
2005.4471,-0.352335,2.1014053125000003,1.6570644444444445,1.8112263888888889
2005.44984,-0.34794041522491354,2.075412802768166,1.6571301384083046,1.8113678546712804
2005.45258,-0.3473074482758621,2.0434326206896554,1.6571916206896553,1.811347448275862
2005.45532,-0.34659659793814435,2.011746391752577,1.6573016838487973,1.8116285910652918
2005.45806,-0.33998674657534245,1.984306609589041,1.6575499657534247,1.8120196575342464
2005.4608,-0.32831307167235496,1.950018566552901,1.6576767576791809,1.8121118771331055
2005.46354,-0.326225850340136,1.9231086054421767,1.6577541836734693,1.8120892176870749
2005.46628,-0.3142750508474576,1.8923830847457628,1.6577009491525423,1.8121173220338984
2005.46902,-0.3098613175675676,1.8587691554054053,1.6578815202702704,1.8121641554054053
2005.47176,-0.30894558922558923,1.8335552861952862,1.6580572053872054,1.8121823905723906
2005.4745,-0.2993181208053691,1.8042810402684564,1.6581360067114095,1.8122036577181209
2005.47724,-0.3013706688963211,1.7710942140468229,1.658379364548495,1.8124401003344481
2005.47998,-0.2983098,1.7413439000000002,1.6586576666666668,1.8126189666666668
2005.48272,-0.2946681727574751,1.7186204318936877,1.6586644518272424,1.8127780398671098
2005.48546,-0.2882396357615894,1.6932845033112582,1.6588455298013245,1.8129051655629138
2005.4882,-0.2873965676567657,1.6695855445544554,1.6599340594059406,1.8138752145214523
2005.49094,-0.28137684210526315,1.6472525,1.6600700657894736,1.8139088815789475
2005.49368,-0.27229190163934425,1.6212153442622952,1.6602591475409836,1.8139882295081966
2005.49642,-0.26461297385620913,1.5886280718954249,1.6602892483660132,1.8140426797385623
2005.49916,-0.2632709771986971,1.5651051465798045,1.6603513029315962,1.8140694136807818
2005.5019,-0.2561554545454546,1.5371069805194806,1.6603844805194805,1.8140262987012987
2005.50464,-0.2493515857605178,1.5091171844660194,1.6605487702265371,1.813980420711974
2005.50738,-0.24895638709677417,1.4684162903225806,1.6606483225806452,1.8140732903225805
2005.51012,-0.25255109324758845,1.439059421221865,1.6610505466237944,1.8144326045016077
2005.51286,-0.24653003205128207,1.4135784935897437,1.6610740384615383,1.8144068269230769
2005.5156,-0.2450620766773163,1.388268658146965,1.6612410543130989,1.8143782108626199
2005.51834,-0.23943490445859872,1.3584435350318471,1.6614209872611465,1.814352770700637
2005.52108,-0.23046273015873014,1.3276858095238095,1.6615510158730158,1.8144104126984126
2005.52382,-0.23459819620253167,1.3078746202531646,1.6617149367088606,1.8145739873417723
2005.52656,-0.2253797476340694,1.285660283911672,1.6618189905362775,1.8145570031545741
2005.5293,-0.21317232704402514,1.2604837421383648,1.661860314465409,1.8146193396226415
2005.53204,-0.2092109404388715,1.2353602821316614,1.6618050783699059,1.8146988401253916
2005.53478,-0.2050776875,1.2080456874999999,1.661949,1.8147894999999998
2005.53752,-0.19172741433021806,1.1762239563862928,1.6621057009345794,1.8148621495327102
2005.54026,-0.1825379192546584,1.1530830434782608,1.6621967080745343,1.8148995652173912
2005.543,-0.17422910216718268,1.1329788854489165,1.6621886687306502,1.814988761609907
2005.54574,-0.17146253086419752,1.1114172839506173,1.662207777777778,1.8150629938271605
2005.54848,-0.16681781538461538,1.0850701846153845,1.6622368923076922,1.8151023384615386
2005.55122,-0.15915579754601228,1.0544509202453987,1.6622826380368099,1.8150469938650307
2005.55396,-0.1513145871559633,1.0209442813455656,1.6624857798165136,1.8151317737003059
2005.5567,-0.14175310975609756,0.9859851829268292,1.6625940243902437,1.8151079573170732
2005.55944,-0.1316846200607903,0.95793641337386,1.6628349848024317,1.8153537082066868
2005.56218,-0.12498345454545455,0.9270018484848486,1.6629880606060607,1.8154735454545454
2005.56492,-0.12115682779456194,0.8923496072507553,1.6633556193353474,1.8156659516616314
2005.56766,-0.10907936746987952,0.8459289759036144,1.6638498192771085,1.8160174096385542
2005.5704,-0.09853714714714716,0.8115486486486486,1.6643344444444446,1.8164115915915915
2005.57314,-0.0872768263473054,0.7837591916167665,1.6643826646706588,1.8164793413173654
2005.57588,-0.07319737313432836,0.7550478208955224,1.6645190149253732,1.8165661791044776
2005.57862,-0.06994002976190476,0.7163394345238094,1.6646577976190475,1.816571994047619
2005.58136,-0.06544706231454007,0.6739841839762611,1.6647176557863503,1.8165445400593472
2005.5841,-0.061256035502958585,0.6372718047337278,1.6647544378698225,1.8165172485207102
2005.58684,-0.05451176991150443,0.6025506194690265,1.664664808259587,1.8164818584070794
2005.58958,-0.041828000000000004,0.567464794117647,1.6646660588235294,1.8164713823529413
2005.59232,-0.034840527859237545,0.5367213782991203,1.6647380645161292,1.8165156891495602
2005.59506,-0.032025701754385974,0.5088553508771929,1.6647775730994152,1.8166252046783624
2005.5978,-0.019239183673469395,0.470083527696793,1.6647145189504373,1.8167286588921283
2005.60054,-0.008309186046511634,0.43787023255813956,1.6646231395348836,1.8167826744186046
2005.60328,-0.00022246376811594875,0.405506231884058,1.664592695652174,1.816836376811594
2005.60602,0.005733497109826583,0.37070095375722545,1.6646226589595374,1.8169868497109827
2005.60876,0.018744236311239185,0.347706023054755,1.66475674351585,1.8171794812680115
2005.6115,0.022507586206896545,0.3203506896551724,1.664713563218391,1.817164540229885
2005.61424,0.02906865329512893,0.29123401146131805,1.6647303438395415,1.8172432664756446
2005.61698,0.03418914285714285,0.2631168,1.6646874857142857,1.8172095714285716
2005.61972,0.04594977207977207,0.23523555555555553,1.6647229914529915,1.8172133048433048
2005.62246,0.05271724431818181,0.20663085227272726,1.6649328124999998,1.8172567613636366
2005.6252,0.056961728045325774,0.17899158640226628,1.6649021813031162,1.8172576770538242
2005.62794,0.06519898305084744,0.15399598870056497,1.664942966101695,1.8172744067796611
2005.63068,0.07422907042253521,0.12590625352112675,1.6655984225352112,1.8179665070422535
2005.63342,0.07298632022471908,0.09983550561797754,1.6656062359550563,1.8179758988764045
2005.63616,0.08018448179271707,0.07097128851540617,1.6656047899159663,1.8179408123249299
2005.6389,0.06993162011173183,0.04964703910614525,1.6657228212290502,1.8179606703910616
2005.64164,0.07458526462395541,0.020120083565459617,1.6657607520891364,1.8179076323119776
2005.64438,0.08429616666666666,-0.004818972222222218,1.6657466944444446,1.8179067222222223
2005.64712,0.08840736842105262,-0.027125180055401658,1.6657053739612189,1.8179420221606648
2005.64986,0.09033544198895026,-0.05540596685082872,1.6657279005524863,1.817951325966851
2005.6526,0.09164661157024792,-0.0851133608815427,1.6657079889807165,1.8179991460055096
2005.65534,0.0960904945054945,-0.10388392857142857,1.6657545054945055,1.8180518406593404
2005.65808,0.09881942465753424,-0.12335279452054794,1.66593298630137,1.8181579178082192
2005.66082,0.09887478142076503,-0.14586122950819672,1.6659846174863386,1.8181334153005464
2005.66356,0.1051367029972752,-0.17125356948228881,1.665979182561308,1.818091226158038
2005.6663,0.10787255434782608,-0.19415035326086955,1.6658903260869564,1.8181430978260869
2005.66904,0.11077224932249322,-0.21555016260162602,1.6659386720867209,1.8181263956639566
2005.67178,0.11126416216216214,-0.2326273243243243,1.6659808378378378,1.8181148378378378
2005.67452,0.11328153638814015,-0.2522280862533693,1.6658926954177897,1.818078194070081
2005.67726,0.1157072311827957,-0.2725310483870968,1.66592,1.8181194892473118
2005.68,0.1147470509383378,-0.28970750670241285,1.6658148257372654,1.818060509383378
2005.68274,0.11647363636363635,-0.3125525668449198,1.6658245989304814,1.8181989304812833
2005.68548,0.11933215999999999,-0.32958624000000003,1.6658167733333333,1.8184361599999999
2005.68822,0.1215263563829787,-0.3520303989361702,1.6659811170212766,1.818642340425532
2005.69096,0.12251302387267904,-0.36713350132626,1.666301697612732,1.8190280901856763
2005.6937,0.11928793650793651,-0.3842926984126984,1.666463888888889,1.8195154761904762
2005.69644,0.11496358839050132,-0.40046535620052764,1.6665615567282324,1.819857493403694
2005.69918,0.11266705263157895,-0.41900134210526313,1.666753947368421,1.820050394736842
2005.70192,0.10475448818897637,-0.4339374803149606,1.666778346456693,1.8201149343832022
2005.70466,0.09729678010471204,-0.4472127486910995,1.666877277486911,1.8203550000000002
2005.7074,0.09250443864229764,-0.4632761618798955,1.6669585117493473,1.8205353524804178
2005.71014,0.0873696875,-0.479868984375,1.6668565104166666,1.8204013020833332
2005.71288,0.08071857142857142,-0.4939532987012987,1.6667664415584413,1.8203915584415582
2005.71562,0.0829255699481865,-0.5061937046632125,1.6667422020725389,1.8204398704663214
2005.71836,0.08192198966408268,-0.5186561757105943,1.6666273901808784,1.8203890956072353
2005.7211,0.07838731958762886,-0.5365631958762886,1.666521649484536,1.8203818556701032
2005.72384,0.07404287917737788,-0.5560990231362468,1.6663967095115682,1.8202835218508997
2005.72658,0.07334358974358973,-0.5738075128205128,1.6662695897435897,1.8202311282051282
2005.72932,0.0715044757033248,-0.5889840409207161,1.6663535294117646,1.820322199488491
2005.73206,0.07141946428571427,-0.6037933673469388,1.6664006632653061,1.8203913775510205
2005.7348,0.06762984732824427,-0.6155436641221373,1.6663889312977098,1.8204103562340967
2005.73754,0.06967401015228426,-0.6308394416243654,1.666382842639594,1.8204434263959393
2005.74028,0.0666772658227848,-0.6477626075949368,1.666451746835443,1.820613341772152
2005.74302,0.06786467171717171,-0.659853888888889,1.666412297979798,1.8206056818181817
2005.74576,0.07254211586901763,-0.674003677581864,1.666671435768262,1.8207226196473552
2005.7485,0.06949236180904521,-0.6819351758793969,1.6667942211055276,1.8207475628140701
2005.75124,0.06132238095238094,-0.6890760651629073,1.666954887218045,1.8207723809523808
2005.75398,0.060820549999999994,-0.6939223,1.66711475,1.8208040500000002
2005.75672,0.061316059850374055,-0.7055783291770574,1.6671097007481297,1.8208844389027432
2005.75946,0.0625676368159204,-0.709749527363184,1.6670146268656716,1.820741616915423
2005.7622,0.064232158808933,-0.7178712903225806,1.6669363523573202,1.8206874689826302
2005.76494,0.06330905940594059,-0.7194934653465347,1.666912772277228,1.8207421287128713
2005.76768,0.06071627160493826,-0.7279531111111112,1.666892,1.8207596790123457
2005.77042,0.06047352216748768,-0.733177512315271,1.6667875862068966,1.8207173891625617
2005.77316,0.060106461916461906,-0.7423379606879607,1.6667052579852581,1.8205744226044227
2005.7759,0.0597067156862745,-0.7438515931372549,1.6668652941176472,1.820532794117647
2005.77864,0.0610642542787286,-0.7517402444987774,1.6668555745721272,1.8205278728606358
2005.78138,0.0548100975609756,-0.7493572926829268,1.6669395365853659,1.8205639268292682
2005.78412,0.05762026763990267,-0.7527606569343066,1.6669510462287105,1.8205861800486616
2005.78686,0.060064684466019404,-0.7515223058252427,1.6671754854368932,1.8206875970873786
2005.7896,0.054242832929782075,-0.7544749636803875,1.667141210653753,1.8206868523002422
2005.79234,0.05565425120772947,-0.7558684782608696,1.6672395652173913,1.8207965458937196
2005.79508,0.04994544578313252,-0.7528346024096385,1.6672740240963855,1.8208337590361447
2005.79782,0.0495475721153846,-0.7488667788461538,1.6674164182692306,1.820973966346154
2005.80056,0.04868858513189448,-0.7472739088729017,1.6674581774580335,1.8211023261390888
2005.8033,0.05458712918660287,-0.7461322248803828,1.6673895215311005,1.8210202392344499
2005.80604,0.056185274463007154,-0.7445077326968973,1.667289785202864,1.8209652744630072
2005.80878,0.056266095238095226,-0.7427967142857144,1.6673707142857144,1.8209016904761905
2005.81152,0.05805420427553444,-0.7405295011876485,1.6674278147268409,1.820940356294537
2005.81426,0.05720334123222748,-0.7355797156398105,1.6674560426540286,1.8210407345971564
2005.817,0.05289295508274231,-0.7322524113475177,1.66759304964539,1.8212465248226952
2005.81974,0.049968301886792445,-0.7329040566037737,1.667569033018868,1.8212180896226415
2005.82248,0.04985959999999999,-0.7284312470588236,1.6676432,1.8213961411764705
2005.82522,0.048596314553990605,-0.7269945070422535,1.6675857042253521,1.8214288028169014
2005.82796,0.0491467213114754,-0.7238324355971898,1.6674565339578455,1.8213848243559718
2005.8307,0.04818738317757009,-0.7112375233644859,1.667878995327103,1.8215743224299066
2005.83344,0.04463794871794871,-0.6956067365967366,1.668314825174825,1.8218934265734266
2005.83618,0.0422466976744186,-0.6881868139534884,1.6686873953488373,1.8221741627906978
2005.83892,0.04398006960556844,-0.678598120649652,1.6690404176334106,1.8224427842227378
2005.84166,0.041212199074074064,-0.6723603240740741,1.6694146759259259,1.8228203009259258
2005.8444,0.03941304849884526,-0.6578266743648961,1.669706143187067,1.8229935103926096
2005.84714,0.03485474654377879,-0.650277995391705,1.6703147004608294,1.823312119815668
2005.84988,0.03162988505747126,-0.6406661379310346,1.6704665747126437,1.823455540229885
2005.85262,0.029646720183486235,-0.6357140137614679,1.670698256880734,1.8236004357798166
2005.85536,0.01966100686498855,-0.6292271395881007,1.6707808009153318,1.8236912814645307
2005.8581,0.018449041095890406,-0.6197891095890411,1.6709355936073058,1.8238477625570777
2005.86084,0.01041100227790432,-0.6044405694760819,1.6710721867881548,1.823924874715262
2005.86358,0.009902499999999995,-0.5915672954545454,1.6711882045454545,1.8239380227272728
2005.86632,0.0074641723356009,-0.5778599092970521,1.6712166439909297,1.824004013605442
2005.86906,0.004215452488687776,-0.5624326923076923,1.6714732805429864,1.8241414705882353
2005.8718,0.0032159819413092486,-0.5512972686230249,1.671364762979684,1.8241413995485327
2005.87454,-0.002421036036036043,-0.5385012387387388,1.671236981981982,1.8241119144144144
2005.87728,-0.003044112359550569,-0.529579393258427,1.6711812584269663,1.824036426966292
2005.88002,-0.007848408071748886,-0.5209765022421524,1.6710077354260089,1.8239340807174889
2005.88276,-0.012577695749440725,-0.5132072259507829,1.6708840715883668,1.8238760402684564
2005.8855,-0.014594062500000006,-0.5087771205357143,1.670878482142857,1.8238765625000002
2005.88824,-0.01794458797327395,-0.49717169265033406,1.6711856124721605,1.8242054342984408
2005.89098,-0.021669288888888895,-0.48790320000000004,1.6713719333333334,1.8244561111111113
2005.89372,-0.02089425720620843,-0.48276321507760533,1.6714236585365851,1.82448844789357
2005.89646,-0.03044139380530974,-0.4725318584070796,1.6713416814159294,1.8245598672566372
2005.8992,-0.03163309050772627,-0.45946799116997794,1.6713472406181016,1.8245712362030904
2005.90194,-0.03228665198237886,-0.44743176211453745,1.6714470044052865,1.8247202643171807
2005.90468,-0.041621010989011,-0.4336383516483517,1.6713607032967033,1.8247373846153845
2005.90742,-0.04796721491228071,-0.42675504385964913,1.67111600877193,1.824643947368421
2005.91016,-0.04865781181619257,-0.41024630196936546,1.671033216630197,1.8246489059080964
2005.9129,-0.0454874672489083,-0.39380620087336243,1.6710944759825328,1.8247210698689957
2005.91564,-0.04939209150326798,-0.3846521568627451,1.6710455337690633,1.8247766666666667
2005.91838,-0.04761252173913044,-0.37031271739130434,1.6711685,1.824941543478261
2005.92112,-0.06108160520607376,-0.3581622125813449,1.671309956616052,1.8249559436008678
2005.92386,-0.06917867965367966,-0.33469506493506496,1.6712062554112554,1.8249319047619048
2005.92934,-0.06821302375809936,-0.3185427429805615,1.6712333045356371,1.824972462203024
2005.93208,-0.06646935344827587,-0.3076678448275862,1.6711467672413793,1.8249525215517242
2005.93482,-0.07446021505376345,-0.2948943870967742,1.6708907741935484,1.8248283225806452
2005.93756,-0.07709506437768242,-0.2852689055793991,1.6706641201716739,1.8246926394849785
2005.9403,-0.08164169164882228,-0.27122730192719485,1.6704995074946467,1.824597494646681
2005.94304,-0.0811540811965812,-0.2579901709401709,1.6703308974358975,1.8244648717948717
2005.94578,-0.08309302771855011,-0.24346710021321963,1.6702004264392323,1.8243805756929639
2005.94852,-0.08146429787234043,-0.22805989361702125,1.6701662127659573,1.8243144893617023
2005.95126,-0.08780229299363057,-0.21537292993630572,1.6699271974522294,1.8241595541401274
2005.954,-0.0889568220338983,-0.19930205508474574,1.6697751694915253,1.8241555084745762
2005.95674,-0.09146813953488372,-0.18725560253699788,1.6695658139534884,1.8240982241014798
2005.95948,-0.09234664556962026,-0.1722376582278481,1.6694013080168775,1.8240588818565402
2005.96222,-0.09352054736842105,-0.16234486315789473,1.6692121052631579,1.8239686315789474
2005.96496,-0.09926111344537816,-0.14876762605042015,1.6693647478991596,1.8240983193277311
2005.9677,-0.10061926624737945,-0.12360457023060796,1.6696892033542976,1.8243135220125786
2005.97044,-0.10073966527196654,-0.10232801255230124,1.6698333263598326,1.8243462970711295
2005.97318,-0.09843384133611692,-0.08303469728601251,1.669917306889353,1.824433465553236
2005.97592,-0.10271277083333334,-0.06873720833333333,1.6701883124999999,1.8246291250000002
2005.97866,-0.10293455301455302,-0.04934827442827443,1.6703145322245323,1.8247948856548857
2005.9814,-0.10649168049792532,-0.030044792531120326,1.6704538796680497,1.8249076763485477
2005.98414,-0.11124333333333333,-0.012451511387163553,1.6705835610766044,1.8250489855072463
2005.98688,-0.11557053719008265,0.005528966942148767,1.670579008264463,1.8251530785123968
2005.98962,-0.12217282474226805,0.01898288659793815,1.67060387628866,1.8252644329896908
2005.99236,-0.12841683127572018,0.033394979423868314,1.6706218518518519,1.8253292592592592
2005.9951,-0.1356599794661191,0.05333636550308009,1.6706420123203285,1.8254493839835728
2005.99784,-0.1372993442622951,0.07087983606557377,1.6708643852459018,1.825718155737705
2006.00332,-0.14398390593047034,0.09139460122699387,1.6709692024539877,1.8258446216768918
2006.00606,-0.14761479591836735,0.10886561224489796,1.6710825510204081,1.8258886938775511
2006.0088,-0.1498664969450102,0.12323812627291243,1.6710882077393077,1.8258489816700612
2006.01154,-0.15437544715447155,0.14466315040650407,1.671133963414634,1.8259592479674795
2006.01428,-0.15330032454361056,0.15902882352941178,1.6712507505070993,1.8259820081135902
2006.01702,-0.15580054655870446,0.17880714574898787,1.671395910931174,1.8260688866396761
2006.01976,-0.15976557575757577,0.19066230303030304,1.6715914545454544,1.8262364646464646
2006.0225,-0.16299298387096775,0.20880147177419353,1.6718569758064517,1.8263412903225806
2006.02524,-0.16578702213279678,0.22616259557344065,1.6721214285714285,1.8264231589537223
2006.02798,-0.16909409638554218,0.24133267068273093,1.6723055421686748,1.8265065863453815
2006.03072,-0.1708349498997996,0.25683789579158317,1.672352625250501,1.8265223647294588
2006.03346,-0.16934898,0.27772828,1.67243682,1.82658846
2006.0362,-0.17147189620758482,0.2985084830339321,1.672535988023952,1.826663612774451
2006.03894,-0.17595501992031873,0.3150975099601594,1.6726150996015936,1.8266864143426296
2006.04168,-0.1826192644135189,0.3368881312127237,1.672606679920477,1.8267072763419483
2006.04442,-0.18906871031746034,0.3589902777777778,1.672728869047619,1.8268465277777777
2006.04716,-0.19222346534653467,0.37715257425742577,1.6726898415841585,1.826855900990099
2006.0499,-0.19667418972332015,0.3939379051383399,1.6727420158102768,1.827023814229249
2006.05264,-0.19966173570019724,0.4176838264299803,1.6727658579881657,1.827053037475345
2006.05538,-0.20179909448818897,0.43979015748031497,1.6727334645669292,1.827001338582677
2006.05812,-0.2026177799607073,0.458795068762279,1.6726537917485265,1.8269644990176817
2006.06086,-0.20712358823529411,0.4789403137254902,1.6726217450980392,1.8270357450980392
2006.0636,-0.20830859099804305,0.49851863013698633,1.672602700587084,1.8271121917808217
2006.06634,-0.2143719140625,0.5161719921875,1.672438046875,1.82700064453125
2006.06908,-0.21460471734892786,0.5349408966861599,1.672353157894737,1.8269095321637427
2006.07182,-0.21635815175097275,0.556431692607004,1.6723304863813229,1.8268332879377431
2006.07456,-0.22037871844660195,0.5801993786407768,1.6722312233009708,1.8267953980582523
2006.0773,-0.2246377131782946,0.5982171705426357,1.6721791085271318,1.826759457364341
2006.08004,-0.22924787234042554,0.6216286653771761,1.6722014506769824,1.8267669825918762
2006.08278,-0.23576509652509653,0.6380397104247104,1.672100888030888,1.82667
2006.08552,-0.23996639691714838,0.6553462427745665,1.6721000578034682,1.8266399036608862
2006.08826,-0.2414824423076923,0.6755546346153846,1.6719979807692307,1.8266153076923077
2006.091,-0.24543428023032632,0.6945675815738963,1.6720394433781192,1.8266248368522073
2006.09648,-0.2501528544061303,0.7121191187739464,1.6719168582375479,1.8265771264367816
2006.09922,-0.25157435946462714,0.7250061759082218,1.6717926386233268,1.82649034416826
2006.10196,-0.25189135496183207,0.7404921183206107,1.671641679389313,1.8264448473282442
2006.1047,-0.2534415619047619,0.7605735047619048,1.671537257142857,1.826447523809524
2006.10744,-0.2564631939163498,0.7746043726235741,1.6713748479087454,1.8264909885931557
2006.11018,-0.26150197343453513,0.7929398292220114,1.6712942314990513,1.8267378937381404
2006.11292,-0.2629555113636364,0.8098186742424243,1.6711391287878787,1.826662234848485
2006.11566,-0.26543393194706993,0.8258276370510397,1.6710447448015122,1.826641550094518
2006.1184,-0.2699446603773585,0.843254641509434,1.6709589999999999,1.826649113207547
2006.12114,-0.262451713747646,0.8617997928436912,1.6709706591337101,1.8267392278719397
2006.12388,-0.2687445864661654,0.8803984962406015,1.6707678383458646,1.826658872180451
2006.12662,-0.2726124765478424,0.9001780487804878,1.6705287429643527,1.8265858161350845
2006.12936,-0.2773330711610487,0.9156055805243446,1.670389138576779,1.8265305243445693
2006.1321,-0.2822716635514019,0.9285316635514018,1.670116785046729,1.826402186915888
2006.13484,-0.2886471828358209,0.9419684514925373,1.6698168097014925,1.8262899813432836
2006.13758,-0.2935428677839851,0.9518143761638734,1.6696302979515827,1.8262285847299813
2006.14032,-0.30099483271375466,0.9646991449814127,1.6694893308550185,1.8261882342007436
2006.14306,-0.3046437662337662,0.9775167717996289,1.6693651576994435,1.8261289981447124
2006.1458,-0.3088311851851852,0.9945602407407408,1.6692739444444444,1.8260786111111111
2006.14854,-0.3216288724584103,1.0165662107208873,1.6739964325323475,1.8308178373382624
2006.15128,-0.32505942804428045,1.03078684501845,1.673895,1.8308605535055351
2006.15402,-0.3269691896869245,1.044727826887661,1.6738060589318602,1.8308395395948434
2006.15676,-0.33284266544117647,1.058396194852941,1.6737396139705882,1.8308031617647058
2006.1595,-0.3388800366972477,1.073826495412844,1.6737841100917432,1.8309038899082568
2006.16224,-0.34186428571428573,1.0888130586080587,1.673802326007326,1.8309410073260073
2006.16498,-0.34114855575868375,1.1007056855575867,1.6737182084095064,1.830851773308958
2006.16772,-0.3453151277372263,1.1154318795620437,1.6736203832116787,1.8309075912408759
2006.17046,-0.35080544626593807,1.1304096721311476,1.6735329143897997,1.8308544262295083
2006.1732,-0.3521323090909091,1.1407922545454545,1.673399890909091,1.8308370727272727
2006.17594,-0.3505434119782214,1.1499440108892922,1.673319110707804,1.8307825408348457
2006.17868,-0.3494332246376811,1.1638336050724638,1.6732227173913043,1.830745108695652
2006.18142,-0.35539589511754066,1.1787318806509948,1.6731722965641953,1.8307280470162748
2006.18416,-0.36728483754512636,1.1925287003610108,1.673084440433213,1.8307009566787005
2006.1869,-0.37432926126126126,1.2040552252252252,1.6730996756756757,1.830684036036036
2006.18964,-0.3774959532374101,1.2143524820143885,1.673051726618705,1.8306252338129496
2006.19238,-0.38069091561938956,1.2243193895870736,1.672990161579892,1.8305431956912028
2006.19512,-0.3818853046594982,1.2335759856630826,1.6728934408602152,1.8304514157706093
2006.19786,-0.3851417352415027,1.2415965831842577,1.6728225760286224,1.8304016815742397
2006.2006,-0.3917223928571429,1.2515985,1.6728146428571429,1.830362125
2006.20334,-0.39378595365418895,1.265913404634581,1.67284192513369,1.8304674153297682
2006.20608,-0.3948992348754448,1.279062740213523,1.672867153024911,1.8305955693950176
2006.20882,-0.39602644760213146,1.29191595026643,1.6729195737122557,1.8306553285968028
2006.21156,-0.3986710815602837,1.2998877482269504,1.6728726241134753,1.8306701950354611
2006.2143,-0.4027507256637168,1.30778810619469,1.6727831327433629,1.8306503362831859
2006.21704,-0.40438851590106006,1.3121509893992933,1.6726823321554771,1.8305777915194343
2006.21978,-0.4064562962962963,1.3224130864197532,1.672636049382716,1.8305071428571427
2006.22252,-0.405319735915493,1.3304041725352114,1.6725532394366196,1.8304482570422536
2006.22526,-0.4068445869947276,1.3375808435852372,1.6724861335676626,1.8304076098418276
2006.228,-0.4096589649122807,1.3442017719298247,1.6724866140350876,1.8303736491228069
2006.23074,-0.4133077408056042,1.3480019439579685,1.6723833625218913,1.8302760770577933
2006.23348,-0.414338986013986,1.353646486013986,1.6722996503496503,1.8302098426573428
2006.23622,-0.41661806282722513,1.3567784642233858,1.6722813089005235,1.8301633856893542
2006.23896,-0.42120641114982577,1.3576653484320558,1.6722554006968642,1.830065069686411
2006.2417,-0.42336153043478264,1.3660771304347827,1.672200956521739,1.8300157739130436
2006.24444,-0.42350407986111116,1.3742593229166666,1.6721352777777776,1.8299601736111113
2006.24718,-0.42198769497400346,1.381454020797227,1.6721325649913343,1.8299371057192375
2006.24992,-0.42377252595155707,1.3880071972318337,1.6720957093425606,1.8298495501730103
2006.25266,-0.4242145250431779,1.392649274611399,1.6720513989637305,1.8297639032815196
2006.2554,-0.4221361724137931,1.3970384310344828,1.6720129137931035,1.8297219827586206
2006.25814,-0.42240244406196215,1.400435851979346,1.6719349053356283,1.8296143717728055
2006.26088,-0.42090159793814436,1.4036610996563574,1.6719438659793815,1.8296273711340205
2006.26362,-0.4181830360205832,1.4043308233276157,1.671982898799314,1.8297075300171526
2006.26636,-0.4169276883561644,1.4018913698630138,1.6719616952054794,1.829717123287671
2006.2691,-0.41701179487179485,1.4087108376068376,1.67202305982906,1.8296357777777776
2006.27184,-0.414170819112628,1.4130506825938567,1.6719812627986348,1.8296008873720138
2006.27458,-0.41219315161839865,1.4170241056218058,1.6720087563884158,1.8296344633730834
2006.27732,-0.41183117346938775,1.4168965646258502,1.6719932482993196,1.829667925170068
2006.28006,-0.41099685908319183,1.4160285229202036,1.6718939898132428,1.8295285908319183
2006.2828,-0.41222652542372884,1.4210050847457627,1.6718657118644067,1.829483033898305
2006.28554,-0.4118836209813875,1.4282703553299494,1.6717911336717428,1.8294360575296107
2006.28828,-0.41280381756756757,1.431121875,1.6717575675675675,1.82936875
2006.29102,-0.4136417706576728,1.4354487352445193,1.671642731871838,1.829271770657673
2006.29376,-0.4135258585858586,1.439448888888889,1.6715799831649831,1.8292002525252524
2006.2965,-0.4136087731092437,1.439828168067227,1.6715119159663865,1.829096050420168
2006.29924,-0.4114213926174497,1.4380947483221476,1.671436711409396,1.8290783053691275
2006.30198,-0.4100086432160804,1.440753366834171,1.6713911557788945,1.8290606197654942
2006.30472,-0.40712080267558526,1.4409408528428094,1.6712870568561873,1.828971220735786
2006.30746,-0.40395557595993326,1.4405327045075125,1.671185141903172,1.8288821202003338
2006.3102,-0.39978436666666667,1.4356818833333334,1.6711237833333332,1.8288026333333334
2006.31294,-0.39854895174708815,1.4306185690515807,1.6710644592346091,1.8287637770382694
2006.31568,-0.39645230897009964,1.4230381561461796,1.6709451993355482,1.8286708139534886
2006.32116,-0.39000134328358205,1.415846351575456,1.670906368159204,1.8286632504145934
2006.3239,-0.38534834437086096,1.4068349503311257,1.6709076324503311,1.8286449006622516
2006.32664,-0.3829967933884298,1.3975832396694214,1.6708889421487605,1.8286219834710744
2006.32938,-0.3802554455445544,1.3889356270627062,1.670817821782178,1.8285714356435643
2006.33212,-0.3798181383855025,1.3825711861614498,1.670707182866557,1.8284780065897859
2006.33486,-0.37716692434210525,1.3751283059210526,1.6705662335526315,1.8283848848684212
2006.3376,-0.373913711001642,1.3648093596059114,1.6704635796387521,1.8283058620689656
2006.34034,-0.36907291803278686,1.3527497868852458,1.6705140983606557,1.8283464098360658
2006.34308,-0.3665115875613748,1.3406275450081833,1.6705088052373158,1.8283745990180034
2006.34582,-0.36232148692810456,1.3306046895424837,1.6704981535947712,1.8283905065359476
2006.34856,-0.3623686786296901,1.327514339314845,1.6704517455138663,1.8284230995106037
2006.3513,-0.35907055374592833,1.3207705211726384,1.6703983387622148,1.8285391693811075
2006.35404,-0.35409221138211383,1.3075243739837399,1.6703308455284556,1.8284637073170733
2006.35678,-0.3486139285714286,1.293250762987013,1.6702617857142859,1.8284399837662335
2006.35952,-0.34751656401944897,1.283301507293355,1.6702196110210696,1.828475316045381
2006.36226,-0.34745199029126217,1.275700938511327,1.670095938511327,1.8285120388349514
2006.365,-0.3434701453957997,1.2680612439418415,1.6700027786752827,1.8285561873990306
2006.36774,-0.3360931935483871,1.2558632580645162,1.6699718548387097,1.8285189193548388
2006.37048,-0.33079486312399353,1.243256231884058,1.6699851851851852,1.828573429951691
2006.37322,-0.3246310450160772,1.2313578778135048,1.6699984726688102,1.8286352572347266
2006.37596,-0.3208418780096308,1.2162771589085073,1.6699465650080256,1.8286819101123595
2006.3787,-0.3185184935897436,1.2005341666666667,1.669894823717949,1.8287448717948718
2006.38144,-0.316436256,1.188218496,1.669902928,1.82883152
2006.38418,-0.31181926517571884,1.174661948881789,1.6699442971246008,1.8288642332268368
2006.38692,-0.30844039872408296,1.1654366507177034,1.670107990430622,1.8289995215311003
2006.38966,-0.3075166719745223,1.1574741560509554,1.6701261942675159,1.8290645382165607
2006.3924,-0.30423829888712245,1.1491817806041336,1.6701879332273448,1.8291545786963432
2006.39514,-0.30090219047619043,1.1397420634920634,1.6702285873015874,1.8293124603174604
2006.39788,-0.29800624405705234,1.1304821553090334,1.6702969255150557,1.829404770206022
2006.40062,-0.29644868670886076,1.1259075474683544,1.670382405063291,1.8295543670886076
2006.40336,-0.29638116903633493,1.1189660031595576,1.6706010426540283,1.829697598736177
2006.4061,-0.29603479495268137,1.1109684069400632,1.6706338643533125,1.8298433123028393
2006.40884,-0.2920423779527559,1.1049481102362206,1.6705940314960628,1.8299224566929133
2006.41158,-0.2889950314465409,1.0952857075471698,1.6705560534591193,1.829933867924528
2006.41432,-0.29029802197802196,1.0863924018838305,1.6706111773940344,1.8301063579277865
2006.41706,-0.2851048746081505,1.07734763322884,1.6708311755485892,1.8303850626959248
2006.4198,-0.28145236306729265,1.0662945383411582,1.6708685289514866,1.830512503912363
2006.42254,-0.2782660625,1.053331578125,1.671094296875,1.830686203125
2006.42528,-0.2728464430577223,1.0463210452418097,1.6711670670826835,1.8308389859594385
2006.42802,-0.2691961526479751,1.0365497819314642,1.6712310591900312,1.8309520404984423
2006.43076,-0.26508766718507,1.0264210108864695,1.6713306842923794,1.8310299222395023
2006.4335,-0.26131347826086954,1.0176460403726708,1.6713090683229814,1.8310930745341616
2006.43624,-0.25466272868217055,1.0084015038759688,1.671460976744186,1.8311864031007754
2006.43898,-0.2524196904024768,1.0019001238390093,1.6715512848297214,1.8312736687306501
2006.44172,-0.24650208655332304,0.9971848068006183,1.6716277588871715,1.8313202936630602
2006.44446,-0.24056890432098768,0.9866901851851851,1.6717158487654322,1.8313955709876544
2006.4472,-0.23759711864406782,0.9834691833590138,1.6718712634822805,1.8314964869029275
2006.44994,-0.23704996923076924,0.9742897538461538,1.6718760153846153,1.8315411076923076
2006.45268,-0.23360752688172043,0.9662177726574501,1.6719818433179725,1.8315855913978494
2006.45542,-0.23282912576687115,0.9607097852760736,1.6721546472392639,1.8317444325153374
2006.45816,-0.23192,0.9513558652373659,1.6721891730474734,1.831774180704441
2006.4609,-0.22672171253822632,0.9449901529051987,1.6723493883792049,1.831977889908257
2006.46364,-0.22429970992366413,0.9356600305343511,1.6725811145038167,1.8321838320610688
2006.46638,-0.2231641768292683,0.9257921798780487,1.672772012195122,1.8324047865853659
2006.46912,-0.21957254185692543,0.9148806697108067,1.673035783866058,1.8326435312024354
2006.47186,-0.21335971124620062,0.904091367781155,1.6731103799392097,1.8327085562310028
2006.4746,-0.20824172989377845,0.8954024582701061,1.6731681031866465,1.832759226100152
2006.47734,-0.20235754545454546,0.8850301666666667,1.673297121212121,1.8327927727272726
2006.48008,-0.20000564296520423,0.8722922541603632,1.6734340544629351,1.832830453857791
2006.48282,-0.19717907854984895,0.8582009516616315,1.6736451359516615,1.832938504531722
2006.48556,-0.1915210407239819,0.8427231825037707,1.6737314932126697,1.8330152639517343
2006.4883,-0.1861964156626506,0.8267778463855422,1.6738522740963857,1.833007484939759
2006.49104,-0.1800773834586466,0.8112603007518797,1.6739446616541354,1.8330123458646614
2006.49378,-0.1764047747747748,0.7948352702702702,1.674026891891892,1.8330354054054054
2006.49652,-0.17298166416791605,0.7795578260869565,1.6740989955022487,1.8330248275862067
2006.49926,-0.16816621257485032,0.7651623203592814,1.6741594011976049,1.8330240568862277
2006.502,-0.16023074738415546,0.7452202840059791,1.6742671748878923,1.8330400298953662
2006.50474,-0.1539981791044776,0.7271535820895523,1.6744597462686568,1.8330949402985075
2006.50748,-0.1483148435171386,0.7134322056631892,1.6746501192250371,1.8331774962742178
2006.51022,-0.1469682142857143,0.6979476041666667,1.6747615773809523,1.8332223214285714
2006.51296,-0.14178049034175336,0.6844681575037147,1.674874323922734,1.8332489895988113
2006.5157,-0.13582836795252226,0.6719514243323442,1.6751657566765576,1.833382181008902
2006.51844,-0.12900754074074075,0.6562380888888889,1.6752824444444445,1.8333974814814815
2006.52118,-0.1195546449704142,0.638899023668639,1.675442603550296,1.8334389644970412
2006.52392,-0.11755518463810931,0.6246696602658789,1.6756103840472674,1.8335147710487445
2006.52666,-0.11705877581120944,0.6092972861356932,1.6756951622418879,1.8335669616519175
2006.5294,-0.11292477172312225,0.5961860824742269,1.6758410751104564,1.8335626656848305
2006.53214,-0.1111545,0.5855025294117647,1.675967205882353,1.833594044117647
2006.53488,-0.10625883994126284,0.5714899853157122,1.6761106901615273,1.833619853157122
2006.53762,-0.10134538123167154,0.5570560410557185,1.676326129032258,1.8336715835777126
2006.54036,-0.097466925329429,0.5404763396778917,1.6765441434846264,1.8336890043923866
2006.5431,-0.0924083918128655,0.5262032894736842,1.6765273976608188,1.833651812865497
2006.54584,-0.08739830656934307,0.5128603503649636,1.6765779416058393,1.833644700729927
2006.54858,-0.08205309037900875,0.49938370262390674,1.6765819679300293,1.83359
2006.55132,-0.07455323144104803,0.48395295487627366,1.6766290975254732,1.8335789228529837
2006.55406,-0.06844010174418605,0.46812606104651167,1.6766442005813955,1.8335868604651162
2006.5568,-0.06145368650217707,0.4525665602322206,1.6766162844702466,1.8335568650217708
2006.55954,-0.05618617391304349,0.4412906811594203,1.6766345507246379,1.8336175507246377
2006.56228,-0.05310767004341534,0.42584568740955137,1.6766178437047758,1.8336267583212735
2006.56502,-0.04949770231213872,0.4094794075144509,1.676661416184971,1.8336709971098264
2006.56776,-0.04583333333333333,0.39179468975468973,1.6766874458874461,1.833724531024531
2006.5705,-0.042536974063400575,0.3741603314121037,1.6769299423631123,1.834053515850144
2006.57324,-0.03637538129496403,0.357438,1.6769697122302158,1.834045928057554
2006.57598,-0.03350172413793103,0.3457473132183908,1.6769983477011494,1.834065172413793
2006.57872,-0.0315374175035868,0.33247694404591105,1.6771103012912483,1.8340870444763273
2006.58146,-0.027532994269340978,0.3173127793696275,1.6770946418338109,1.8340633954154728
2006.5842,-0.02547862660944206,0.30183517882689553,1.6771323891273249,1.8340264663805437
2006.58694,-0.022363085714285715,0.2866640714285714,1.6771731571428572,1.8340256285714285
2006.58968,-0.01844768901569187,0.2743601854493581,1.6772654493580599,1.8341126533523537
2006.59242,-0.016621894586894587,0.25962495726495727,1.677418418803419,1.8341130341880343
2006.59516,-0.013969260312944525,0.24792251778093885,1.6775257041251779,1.8340948221906117
2006.5979,-0.012737613636363637,0.2324842755681818,1.6775937215909094,1.8340740198863636
2006.60064,-0.009014524822695037,0.21648497872340428,1.6776335460992906,1.8340890070921987
2006.60338,-0.006034390934844195,0.20436468838526914,1.6777354107648725,1.8341435977337108
2006.60612,-0.0021278500707213595,0.18944217821782178,1.6777656152758134,1.8340950919377652
2006.60886,-0.002085550847457629,0.17572648305084745,1.6777368644067798,1.8340585875706217
2006.6116,-0.00012811001410437418,0.16407710860366714,1.6777654301833567,1.8340274471086038
2006.61434,0.005289915492957745,0.14978390140845071,1.6778078169014083,1.834005605633803
2006.61708,0.007992180028129394,0.13788053445850915,1.6778408298171588,1.834016624472574
2006.61982,0.01380894662921348,0.12416872191011236,1.6778876123595505,1.8340800280898877
2006.62256,0.016645750350631133,0.1125396633941094,1.6778927349228612,1.8340281065918653
2006.6253,0.01789327731092437,0.1020406442577031,1.6779147338935576,1.8340220588235292
2006.62804,0.019362391608391608,0.08923054545454547,1.6780333286713287,1.8340564895104896
2006.63078,0.023485111731843575,0.07900174581005587,1.6780719273743014,1.8340191480446926
2006.63352,0.02851673640167364,0.06879670850767086,1.6780568758716876,1.8339780055788006
2006.63626,0.033191629526462395,0.05585629526462396,1.6781381058495823,1.8340071448467965
2006.639,0.03687566063977747,0.0407190264255911,1.678191655076495,1.834011557719054
2006.64174,0.039095194444444446,0.0275135,1.6782435277777779,1.8340185416666666
2006.64448,0.041480457697642165,0.014775381414701803,1.6782830929264911,1.8340138696255202
2006.64722,0.043389487534626035,0.006950083102493076,1.678422811634349,1.834035055401662
2006.64996,0.04670114799446749,-0.0038721161825726134,1.678454426002766,1.834020041493776
2006.6527,0.04940273480662983,-0.01510560773480663,1.6786344337016574,1.834105593922652
2006.65544,0.05288573793103448,-0.026954193103448276,1.6788971586206898,1.8342809931034483
2006.65818,0.05430531680440771,-0.03588779614325069,1.6792014600550964,1.8344199311294767
2006.66092,0.05746229711141678,-0.049549807427785426,1.6793615955983494,1.8344288583218706
2006.66366,0.06068193681318681,-0.05956358516483517,1.6795182692307693,1.8345044093406593
2006.6664,0.06212857338820302,-0.07009367626886145,1.6797031001371743,1.8345848696844993
2006.66914,0.06698484931506848,-0.08214616438356165,1.679813808219178,1.8346152602739727
2006.67188,0.06677575923392613,-0.09063957592339261,1.6799407113543092,1.8346545006839947
2006.67462,0.07295102459016393,-0.104323456284153,1.6800552868852459,1.8347764890710383
2006.67736,0.07672733969986358,-0.11441122783083219,1.6802832742155525,1.8349528785811733
2006.6801,0.07896602179836512,-0.12502794277929155,1.6804867302452318,1.8350715803814714
2006.68284,0.08286110204081633,-0.13846530612244898,1.6807418639455782,1.835252163265306
2006.68558,0.08297375,-0.15283955163043478,1.6809426494565218,1.8353840896739129
2006.68832,0.08589332428765264,-0.16550777476255088,1.6811533107191317,1.8355751560379918
2006.69106,0.08837670731707317,-0.1752668970189702,1.6811746476964768,1.8355457181571815
2006.6938,0.09158939106901219,-0.18272276048714478,1.6812419350473613,1.835584546684709
2006.69654,0.09397978378378379,-0.19219552702702705,1.681344608108108,1.8356560405405404
2006.69928,0.0982853576248313,-0.2061507152496626,1.6814647773279352,1.8357298650472336
2006.70202,0.10209809973045822,-0.21646371967654987,1.681636361185984,1.835861334231806
2006.70476,0.10315484522207267,-0.22423270524899055,1.6817602422611035,1.8359472409152087
2006.7075,0.10558096774193548,-0.23269641129032256,1.6818410349462365,1.8359501478494622
2006.71024,0.10948638926174496,-0.24193527516778524,1.6818671275167785,1.8359956241610738
2006.71298,0.11056756032171582,-0.24935501340482571,1.6820269571045579,1.8360434852546916
2006.71572,0.11041281124497991,-0.2577782061579652,1.6821804819277109,1.8361024631860776
2006.71846,0.11169688502673795,-0.2641861229946524,1.682260280748663,1.8361325935828876
2006.7212,0.11166500667556742,-0.2722036448598131,1.6824702002670229,1.83623738317757
2006.72394,0.11500378666666665,-0.2787150133333333,1.6826152133333334,1.8363194933333333
2006.72668,0.1181471637816245,-0.28766098535286283,1.6826780426098535,1.836341757656458
2006.72942,0.12181001329787233,-0.2933895744680851,1.6826765292553192,1.8363875398936171
2006.73216,0.12366223107569721,-0.30192952191235056,1.6826750199203189,1.836371235059761
2006.7349,0.12479724137931035,-0.30944472148541113,1.682685145888594,1.8363401326259945
2006.73764,0.12965762913907283,-0.31744520529801323,1.682696701986755,1.8363115761589404
2006.74038,0.1338965873015873,-0.3257650132275132,1.6827416005291005,1.8363102513227514
2006.74312,0.13695912813738442,-0.3315944385733157,1.682768996036988,1.8362756538969618
2006.74586,0.13809924802110818,-0.34045651715039577,1.6827876385224274,1.836308852242744
2006.7486,0.13833638998682476,-0.34614032938076417,1.682875599472991,1.8363505665349142
2006.75134,0.13897018421052632,-0.3526439342105263,1.6830022894736842,1.8364412763157894
2006.75408,0.14260747700394216,-0.35858566360052563,1.683145952693824,1.8364925098554532
2006.75682,0.14798053805774278,-0.3638299343832021,1.6832172572178479,1.8364934120734908
2006.75956,0.14935382699868938,-0.36921958060288335,1.6832797509829622,1.8364759633027523
2006.7623,0.14966060209424084,-0.3734281282722513,1.6834354057591623,1.8365135209424084
2006.76504,0.1468945882352941,-0.3755033333333333,1.683630797385621,1.8366192810457518
2006.76778,0.15233543080939949,-0.3791010835509139,1.683822819843342,1.8367211096605744
2006.77052,0.15658728813559322,-0.38028711864406783,1.6838799087353327,1.836754550195567
2006.77326,0.15874595052083332,-0.3822583723958333,1.6839568359375,1.8368012630208332
2006.776,0.16001853055916773,-0.3861886345903771,1.6839879193758127,1.836788400520156
2006.77874,0.1606032987012987,-0.391704025974026,1.6840032597402599,1.8367464935064934
2006.78148,0.16004378728923477,-0.39751823605706876,1.684084007782101,1.8367240596627756
2006.78422,0.16101801813471503,-0.3995756865284974,1.684158860103627,1.83673310880829
2006.78696,0.16028069857697283,-0.40096600258732207,1.6844591332470893,1.8368700776196636
2006.7897,0.16274545219638242,-0.40160002583979326,1.6846651033591733,1.8369584754521964
2006.79244,0.16226569032258065,-0.40514521290322586,1.6848266709677417,1.8370237677419357
2006.79518,0.16234376288659794,-0.40846917525773196,1.6850259793814433,1.8371117396907217
2006.79792,0.16677289575289575,-0.41198330759330754,1.6853391248391247,1.83725712998713
2006.80066,0.16905299485861183,-0.4174092673521851,1.6855048329048843,1.8372882133676092
2006.8034,0.17275720154043644,-0.4199103851091142,1.6856025288831835,1.837303645699615
2006.80614,0.17483515384615383,-0.4237915256410256,1.6856226282051283,1.8372628076923079
2006.80888,0.17435583866837387,-0.42429449423815624,1.6856693597951344,1.8372208834827144
2006.81162,0.17196973145780053,-0.4260665345268542,1.6858141687979538,1.8372232097186703
2006.81436,0.1699983014048531,-0.4252637037037037,1.6859039719029374,1.837252937420179
2006.8171,0.17284558673469388,-0.42681676020408166,1.6859263903061226,1.837240943877551
2006.81984,0.17515177070063692,-0.4266173503184713,1.6859277834394906,1.8371968789808917
2006.82258,0.17695727735368955,-0.42822295165394403,1.685957086513995,1.8371802290076336
2006.82532,0.17831698856416772,-0.43078189326556543,1.6860573951715374,1.8372217153748411
2006.82806,0.17882671319796953,-0.43045922588832486,1.6860321700507614,1.837173109137056
2006.8308,0.18163795944233208,-0.4307678200253485,1.685998669201521,1.8371104309252217
2006.83354,0.18497491139240504,-0.43110273417721523,1.6860166329113926,1.837109329113924
2006.83628,0.1902818457648546,-0.4313627433628318,1.6860581163084705,1.8371058786346397
2006.83902,0.19332276515151514,-0.4276870202020202,1.6861659722222222,1.837120101010101
2006.84176,0.1962146784363178,-0.4254296595208071,1.6863482597730137,1.8372001765447667
2006.8445,0.19595942065491184,-0.42365206549118384,1.6865065994962218,1.8372847607052898
2006.84724,0.19619025157232703,-0.4217121635220126,1.6866410817610065,1.837305748427673
2006.84998,0.20078221105527638,-0.4173354522613066,1.6868537688442211,1.8374286683417085
2006.85272,0.2018807026348808,-0.41431096612296114,1.688029322459222,1.838419937264743
2006.85546,0.20453979949874687,-0.4078975313283208,1.6883235964912282,1.8386229949874688
2006.8582,0.2036255319148936,-0.40432528160200254,1.6885622152690862,1.838887434292866
2006.86094,0.20363487500000002,-0.40057926250000003,1.6886549,1.8389097874999998
2006.86368,0.2040411111111111,-0.3990765792759051,1.6887678901373284,1.838984506866417
2006.86642,0.2088945386533666,-0.398331608478803,1.690298902743142,1.8403922942643391
2006.86916,0.20965214196762144,-0.3971084184308842,1.6915119302615191,1.8415049315068495
2006.8719,0.20916781094527362,-0.39186196517412936,1.6917096268656717,1.8416260447761195
2006.87464,0.20980385093167703,-0.387742099378882,1.6918945714285716,1.841714397515528
2006.87738,0.20921558312655086,-0.38583424317617865,1.6918613151364765,1.8416358312655088
2006.88012,0.21293516728624537,-0.38127591078066914,1.6919463940520447,1.8416384014869889
2006.88286,0.21288402227722772,-0.37706491336633663,1.6920068193069306,1.841696386138614
2006.8856,0.21791962917181704,-0.3792955624227441,1.6933633003708282,1.8428487515451175
2006.88834,0.2240637037037037,-0.3762422098765432,1.6946324691358023,1.8438853827160495
2006.89108,0.2263636251541307,-0.3676452157829839,1.6947461652281133,1.8438633045622688
2006.89382,0.22865575123152712,-0.3562747906403941,1.6964981650246307,1.8451535221674877
2006.89656,0.2288261008610086,-0.3502743542435425,1.696570159901599,1.8451379704797048
2006.8993,0.22759061425061425,-0.34784195331695333,1.696451977886978,1.8450342014742014
2006.90204,0.2266721717791411,-0.34513750920245395,1.6964915582822084,1.8449455705521474
2006.90478,0.2278893995098039,-0.3404463602941177,1.6965632965686275,1.8449177573529412
2006.90752,0.22281225214198286,-0.3337794492044064,1.6964133292533659,1.8447575275397796
2006.91026,0.22391735941320293,-0.33052787286063573,1.6962328850855743,1.8445623349633251
2006.913,0.21743969474969477,-0.3237023321123321,1.6962845909645912,1.8445293894993895
2006.92396,0.2277772228989038,-0.3174252253349574,1.6964236906211938,1.844541023142509
2006.9267,0.22630225060827253,-0.31249464720194653,1.696397579075426,1.844436715328467
2006.92944,0.2277530133657351,-0.3081622114216282,1.6963755285540705,1.8442918469015797
2006.93218,0.2298154490291262,-0.30186385922330095,1.6964400606796117,1.8442198058252428
2006.93492,0.23106552727272728,-0.2968418909090909,1.6965323515151516,1.844186387878788
2006.93766,0.2346333171912833,-0.28997422518159804,1.6965513801452783,1.8441756416464892
2006.9404,0.2374499395405079,-0.28241267230955264,1.6965995405078598,1.844150253929867
2006.94314,0.24004107487922705,-0.2741404106280193,1.6967919806763285,1.84414634057971
2006.94588,0.24271875753920388,-0.2677909047044632,1.696900603136309,1.8440996622436672
2006.94862,0.24382484337349397,-0.2619077951807229,1.6969851807228915,1.844077831325301
2006.95136,0.24296427196149217,-0.2558323706377858,1.6969943080625751,1.8439853188929
2006.9541,0.24423669471153844,-0.2488021033653846,1.6972156730769232,1.8440892788461538
2006.95684,0.24416984393757504,-0.24323458583433372,1.6972034333733492,1.8440137695078032
2007.02808,0.23995687050359712,-0.23345067146282972,1.69824603117506,1.845174676258993
2007.03082,0.23926779640718562,-0.22109838323353295,1.6981182994011976,1.8450041916167665
2007.03356,0.23883625598086125,-0.20989575358851673,1.697934461722488,1.8448151435406699
2007.0363,0.237717945041816,-0.19861980884109914,1.6978087216248507,1.8447190681003585
2007.03904,0.23612085918854417,-0.18760776849642002,1.6976112887828163,1.8445274701670644
2007.04178,0.23500305125148988,-0.1769395232419547,1.6974757806912992,1.8444297377830752
2007.04452,0.23233305952380953,-0.16240430952380955,1.6974803095238096,1.844333357142857
2007.04726,0.22144935790725329,-0.14724542211652794,1.6975291795481569,1.8443703329369798
2007.05,0.21867454869358668,-0.13702565320665083,1.6975792280285034,1.8443495961995249
2007.05274,0.2177579596678529,-0.12634663107947805,1.6976265599051008,1.8443399762752077
2007.05548,0.21527236966824642,-0.11752753554502368,1.697558116113744,1.8442740047393364
2007.05822,0.21127256804733727,-0.11080934911242603,1.6979117159763315,1.84480224852071
2007.06096,0.20825778959810876,-0.10210137115839243,1.6978288297872342,1.8446807446808509
2007.0637,0.20547672963400238,-0.0927296694214876,1.697756505312869,1.8445771428571427
2007.06644,0.2022221933962264,-0.08484636792452831,1.697679174528302,1.844464988207547
2007.06918,0.1973144522968198,-0.07397858657243815,1.6976071967020026,1.844347597173145
2007.07192,0.19337229411764703,-0.06463687058823529,1.6975134470588236,1.8442239058823529
2007.07466,0.1876214571092832,-0.056717132784958865,1.6974134665099883,1.844103795534665
2007.0774,0.18262346244131455,-0.0469350117370892,1.6972738145539905,1.843943438967136
2007.08014,0.17811658851113715,-0.037777725674091434,1.6971229191090271,1.8437604923798359
2007.08288,0.17182627634660422,-0.029608407494145193,1.697030175644028,1.8436194847775176
2007.08562,0.16575293567251462,-0.020018923976608184,1.696951754385965,1.8434820818713449
2007.08836,0.16139579439252336,-0.012390408878504669,1.6968158528037383,1.843353726635514
2007.0911,0.15708607934655777,-0.0031885880980163316,1.6968031505250876,1.8432833722287048
2007.09384,0.15549262237762237,0.0064738111888111936,1.6967700233100234,1.8431925174825174
2007.09658,0.152970302677532,0.015028253783469154,1.6967050407450524,1.8430660302677533
2007.09932,0.14825567441860465,0.024983604651162797,1.6968021976744188,1.8431427209302327
2007.10206,0.14287742160278746,0.03518263646922184,1.6970137862950059,1.8432344018583044
2007.1048,0.13865001160092807,0.045902958236658936,1.6972948723897912,1.8434600928074245
2007.10754,0.13650734646581691,0.05533769409038239,1.697230857473928,1.8433284820393976
2007.11028,0.13395289351851852,0.06507417824074074,1.6971339814814814,1.843168009259259
2007.11302,0.12917073988439307,0.0774720578034682,1.6970703005780345,1.8430435028901733
2007.11576,0.12653464203233256,0.08772189376443419,1.696958637413395,1.8428729561200923
2007.1185,0.12152507497116494,0.09875267589388698,1.696856089965398,1.8427092618223762
2007.12124,0.11721706221198157,0.10765964285714286,1.6967714631336406,1.8425792741935483
2007.12398,0.11448043728423477,0.11759626006904489,1.6968069505178365,1.8424828653624856
2007.12672,0.11075577011494252,0.12771990804597702,1.6967667011494254,1.842383459770115
2007.12946,0.10614405281285878,0.13634336394948335,1.6968147072330655,1.8423185648679679
2007.1322,0.10333525229357798,0.14594311926605505,1.6967330389908257,1.8422067316513762
2007.13494,0.09885697594501718,0.1572764261168385,1.6966603550973656,1.8420994387170677
2007.13768,0.09475156750572082,0.16872405034324944,1.6966819565217393,1.8420521739130435
2007.14042,0.09018117714285714,0.1785267542857143,1.6966533714285714,1.8419261028571428
2007.14316,0.08781176940639268,0.18924495433789956,1.6965760159817351,1.8418290753424658
2007.1459,0.0817236259977195,0.20118567844925883,1.6965063397947548,1.8417205701254276
2007.14864,0.07642831435079728,0.21382651480637813,1.6964755466970387,1.841634624145786
2007.15138,0.07387078498293514,0.22417986348122868,1.6964198634812289,1.8415223435722412
2007.15412,0.06989398863636363,0.23690467045454547,1.6963942272727273,1.841438943181818
2007.15686,0.06405326901248581,0.2475740068104427,1.6962665607264473,1.8412805334846765
2007.1596,0.06312706349206348,0.2574477097505669,1.6962212585034016,1.841183843537415
2007.16234,0.05796278595696489,0.26898373725934316,1.6962866138165344,1.8411666251415628
2007.16508,0.05100807692307692,0.2780237443438914,1.6962897850678733,1.8411272850678735
2007.16782,0.04785544632768361,0.28899990960451977,1.696366079096045,1.8411238757062147
2007.17056,0.04349088036117381,0.3006031941309255,1.696282494356659,1.8410235891647855
2007.1733,0.03998838782412626,0.3112350958286359,1.6963042051860204,1.8409477226606539
2007.17604,0.03694528153153153,0.3215385247747748,1.6962381644144142,1.840860472972973
2007.17878,0.03228013498312711,0.33205340832395946,1.6961821484814397,1.840824848143982
2007.18152,0.02785123595505618,0.34211160674157304,1.6961620000000002,1.8407505056179774
2007.18426,0.02268584736251403,0.35333307519640855,1.6961480471380472,1.8406606285072953
2007.187,0.01596244394618834,0.3628573878923767,1.6961464237668162,1.8405814125560538
2007.18974,0.012985263157894736,0.3750765845464726,1.696182889137738,1.840525352743561
2007.19248,0.010832337807606264,0.38643800894854585,1.696182460850112,1.8404798545861296
2007.19522,0.005341128491620111,0.39544396648044694,1.6961734525139665,1.8404219553072627
2007.19796,-0.0014024218750000009,0.40325637276785714,1.696166908482143,1.8403506473214286
2007.2007,-0.006554648829431439,0.41434186176142696,1.6961885061315496,1.8403169453734671
2007.20344,-0.011008396436525614,0.42470732739420936,1.6962149443207126,1.8402916258351893
2007.20618,-0.013910611790878756,0.4346855283648498,1.6961864182424917,1.8401999443826476
2007.20892,-0.017647566666666666,0.44590108888888885,1.6961725777777776,1.8401893333333332
2007.21166,-0.02024311875693674,0.4555707658157603,1.696136859045505,1.8401445615982244
2007.2144,-0.024091319290465634,0.46328727272727277,1.6961839135254988,1.8401692017738358
2007.21714,-0.026257763012181617,0.47366508305647836,1.6961421816168327,1.840165891472868
2007.21988,-0.030349800884955754,0.4799342920353982,1.6960665707964602,1.8400490486725665
2007.22262,-0.033447237569060775,0.48809858563535913,1.6960335469613261,1.8399499889502762
2007.22536,-0.035587593818984554,0.5002156953642384,1.6960587086092715,1.8399036754966887
2007.2281,-0.04120842337375965,0.5092438809261302,1.6960535832414554,1.8398461411245866
2007.23084,-0.04703390969162995,0.5194070154185022,1.695977191629956,1.839777433920705
2007.23358,-0.051176699669967,0.5284241144114411,1.6959263146314631,1.839747887788779
2007.23632,-0.05274232967032967,0.5339033626373626,1.695902065934066,1.839741989010989
2007.23906,-0.05422995609220637,0.5408750603732163,1.695836937431394,1.8396541602634469
2007.2418,-0.05722537280701755,0.544750975877193,1.6957563157894735,1.8395624342105263
2007.24454,-0.05944979189485214,0.5517482803943045,1.6957599671412924,1.8395322234392113
2007.25002,-0.06206774617067834,0.5533891028446389,1.6956664004376367,1.8394653282275713
2007.25276,-0.0630975519125683,0.5582991038251366,1.695561049180328,1.8393679890710382
2007.2555,-0.0630749672489083,0.5623234825327511,1.695482270742358,1.8392790174672489
2007.25824,-0.06406668484187568,0.5672611995637951,1.69542520174482,1.8392217775354416
2007.26098,-0.06686354030501089,0.5720863943355119,1.6953790087145968,1.8392226034858388
2007.26372,-0.07070877040261153,0.5738701741022851,1.6953162023939063,1.839154385201306
2007.26646,-0.07455984782608696,0.5753017934782608,1.6953071847826087,1.8391370217391303
2007.2692,-0.07814314875135722,0.5769774158523344,1.6952457871878395,1.8390670141150922
2007.27194,-0.08030660520607376,0.578292114967462,1.695221399132321,1.8390113232104122
2007.27468,-0.08372655471289275,0.5785092632719394,1.6952077681473456,1.8389507042253521
2007.27742,-0.086395670995671,0.5802850108225108,1.695127683982684,1.8388993073593072
2007.28016,-0.08770234594594596,0.5806672864864866,1.6950584432432432,1.8388439783783783
2007.2829,-0.09005055075593953,0.5798452591792655,1.6950663498920087,1.8388633369330454
2007.28564,-0.08872170442286947,0.5801637108953615,1.6950221790722761,1.838814207119741
2007.28838,-0.09041628232758621,0.5807946120689655,1.6949355495689655,1.838758146551724
2007.29112,-0.09318371367061357,0.5827810764262649,1.694832572658773,1.8387012055974168
2007.29386,-0.09500333333333333,0.5833391720430108,1.6948324301075268,1.838661440860215
2007.2966,-0.09926596133190119,0.5848956176154673,1.694753351235231,1.838620762620838
2007.29934,-0.1002770278969957,0.5855834763948498,1.694641491416309,1.8385611480686694
2007.30208,-0.10251644158628082,0.5853605144694534,1.694573365487674,1.838476655948553
2007.30482,-0.1055926766595289,0.5873806316916489,1.694506563169165,1.8384412955032121
2007.30756,-0.10655760427807487,0.5882323422459893,1.6944399037433155,1.8383960320855615
2007.3103,-0.10931007478632479,0.5888830662393163,1.694355811965812,1.8383668162393163
2007.31304,-0.10961277481323373,0.5873825506937033,1.6942941408751333,1.838339658484525
2007.31578,-0.11141491471215352,0.5877323347547974,1.6942314285714286,1.8382707782515992
2007.31852,-0.11653064962726305,0.5896837060702875,1.6941092758253462,1.8381891267305646
2007.32126,-0.11636004255319149,0.590351755319149,1.6940258936170214,1.8381632340425533
2007.324,-0.11854482465462274,0.5890030712008502,1.693960170031881,1.8381175664187035
2007.32674,-0.11923671974522294,0.5860793099787687,1.6938678025477707,1.8380432696390658
2007.32948,-0.11950940615058325,0.5846056309650053,1.6937581866383882,1.8379829798515377
2007.33222,-0.12248180084745763,0.5823973516949152,1.6936952754237289,1.837990031779661
2007.33496,-0.12357074074074074,0.5818525608465609,1.6936499153439153,1.8379980529100528
2007.3377,-0.12409931289640592,0.5809755073995773,1.6936092811839323,1.8380050739957716
2007.34044,-0.12460255543822597,0.5800544561774023,1.6935027138331573,1.8379578880675818
2007.34318,-0.12525460970464136,0.5802551687763713,1.6934148839662448,1.837949187763713
2007.34592,-0.12552917808219177,0.5781230874604848,1.693375785036881,1.8379218229715488
2007.34866,-0.12629376842105264,0.5770087368421053,1.6932778842105263,1.8378493368421052
2007.3514,-0.12749006309148264,0.5766954574132491,1.6931801892744478,1.8378113459516299
2007.35414,-0.12696017857142858,0.5749527731092438,1.693222111344538,1.8378587079831932
2007.35688,-0.12379874081846799,0.5704399685204616,1.69322481636936,1.8379079223504722
2007.35962,-0.1239008176100629,0.567944570230608,1.6930987421383648,1.8378465199161425
2007.36236,-0.12676402094240838,0.5639586806282723,1.6930004921465969,1.8377969633507854
2007.3651,-0.12589327405857742,0.5615654184100418,1.6929380230125524,1.8377787447698746
2007.36784,-0.12420937304075234,0.5594400417972832,1.6928332706374085,1.8377391118077324
2007.37058,-0.12300923799582464,0.552379217118998,1.6927138517745302,1.837663528183716
2007.37332,-0.120881543274244,0.5465547862356621,1.6926770385818561,1.8376396663190824
2007.37606,-0.11973439583333333,0.5409003958333333,1.6925991666666667,1.8376139166666665
2007.3788,-0.12037223725286161,0.5317973985431842,1.6925248803329864,1.8376008428720083
2007.38154,-0.12172608108108109,0.5277284927234926,1.692456444906445,1.8375868191268192
2007.38428,-0.11987365524402908,0.5236655244029076,1.692471308411215,1.8375844548286604
2007.38702,-0.11826062240663901,0.5186790145228216,1.6924372095435685,1.8376043568464728
2007.38976,-0.11658469430051814,0.5137335025906736,1.6923349844559585,1.8375768393782383
2007.3925,-0.11561831262939959,0.509152867494824,1.6923022360248448,1.8375706314699793
2007.39524,-0.11560850051706308,0.5054178903826266,1.6922060289555325,1.8375547880041363
2007.39798,-0.11462048553719008,0.5002945351239669,1.6921349483471075,1.8375235537190082
2007.40072,-0.11297307533539733,0.4923970175438596,1.6921104334365324,1.8375164602683178
2007.40346,-0.1120538762886598,0.48602256701030927,1.692118762886598,1.8375228453608248
2007.4062,-0.11017578784757981,0.48145998970133885,1.692070587023687,1.837483089598352
2007.40894,-0.10872241769547325,0.4756872427983539,1.692051851851852,1.8375000514403292
2007.41168,-0.106999753340185,0.4670245940390545,1.6920263926002055,1.8374920452209662
2007.41442,-0.1038422997946612,0.45789060574948665,1.6919807084188911,1.837486930184805
2007.41716,-0.10237448205128206,0.4488549230769231,1.6918687487179487,1.8374512
2007.4199,-0.10029125,0.44033356557377046,1.6919154815573771,1.8375245286885245
2007.42264,-0.09765535312180143,0.42961744114636646,1.6920350972364382,1.8376244524053222
2007.42538,-0.09679534764826177,0.4219839161554192,1.6921219427402863,1.8377174948875257
2007.42812,-0.09695838610827376,0.4127711950970378,1.6921570684371807,1.8377722165474975
2007.43086,-0.0980232142857143,0.4044411326530612,1.692278306122449,1.837875387755102
2007.4336,-0.09842423037716616,0.400249001019368,1.692367991845056,1.8379688379204895
2007.43634,-0.09591396130346233,0.3950864460285132,1.6924541446028514,1.8380791955193483
2007.43908,-0.09519207527975586,0.39091726347914546,1.6925122278738556,1.8381171922685657
2007.44182,-0.09384630081300814,0.3879804166666667,1.692764156504065,1.8383419105691057
2007.44456,-0.09179412182741116,0.3810412893401015,1.6928229137055837,1.8383625177664975
2007.4473,-0.09056260649087221,0.3728146044624746,1.6928359432048683,1.8384020081135901
2007.45004,-0.08935898682877406,0.368354924012158,1.6928333839918945,1.8384376393110435
2007.45278,-0.08847468623481781,0.3618461639676113,1.6929918117408906,1.8388396153846154
2007.45552,-0.08779446916076845,0.3543663195146613,1.6929436299292213,1.838820950455005
2007.45826,-0.08748943434343436,0.3484193535353535,1.692915494949495,1.8387976161616162
2007.461,-0.08711345105953583,0.34476146316851664,1.692954934409687,1.8388487083753784
2007.46374,-0.0870145060483871,0.34113370967741935,1.6929766028225808,1.8388583064516129
2007.46648,-0.08588662638469285,0.3365611883182276,1.6929672910372608,1.838853796576032
2007.46922,-0.08401661971830987,0.33163828973843057,1.6929282092555331,1.8388032997987926
2007.47196,-0.08144592964824121,0.3247650753768844,1.6928858994974874,1.8387875979899497
2007.4747,-0.07780316265060241,0.31741427710843373,1.6928679016064259,1.8387653714859438
2007.47744,-0.07718482447342026,0.3121941624874624,1.692944553660983,1.838854553660983
2007.48018,-0.07721710420841683,0.30603619238476953,1.6929353206412825,1.8388753106212425
2007.48292,-0.07582796796796797,0.29976900900900905,1.6928997597597597,1.8388698698698698
2007.48566,-0.07169768,0.29259895,1.6928522000000001,1.83882806
2007.4884,-0.06826803196803198,0.285213026973027,1.6928047352647353,1.8388245454545455
2007.49114,-0.06351595808383234,0.2760849500998004,1.6927792614770458,1.8388378043912177
2007.49388,-0.06526495513459622,0.27129768693918244,1.6927494616151546,1.8388082452642074
2007.49662,-0.06255635458167332,0.2633751294820717,1.6926716533864543,1.8387768824701196
2007.49936,-0.057503970149253736,0.25766692537313435,1.6926638507462686,1.8387790049751243
2007.5021,-0.0513891351888668,0.24859092445328032,1.6926048210735587,1.8387477335984097
2007.50484,-0.04816014895729891,0.24040058589870905,1.692551350546177,1.8387461767626614
2007.50758,-0.045533134920634925,0.2323430257936508,1.6925262797619047,1.8387288789682539
2007.51032,-0.041911397423191284,0.22195316154608524,1.6924762537165512,1.8387217938553022
2007.51306,-0.0374800693069307,0.21207949504950493,1.6924426138613862,1.8387424356435644
2007.5158,-0.03192504451038576,0.20175710187932738,1.6924600395647873,1.8387298120672602
2007.51854,-0.028833409090909094,0.19237179841897234,1.692470928853755,1.838754090909091
2007.52128,-0.02442043435340573,0.18430953603158934,1.692488292201382,1.8387709575518263
2007.52402,-0.020059625246548328,0.17509413214990138,1.6924331459566075,1.8387629487179487
2007.52676,-0.01746906403940887,0.1637959802955665,1.692413763546798,1.838794482758621
2007.5295,-0.015318710629921264,0.15589663385826774,1.692342598425197,1.8387882972440945
2007.53224,-0.013898318584070798,0.14730739429695183,1.6923082497541788,1.8388160668633236
2007.53498,-0.01099749508840865,0.13704209233791748,1.6923041355599213,1.8388190373280944
2007.53772,-0.009404690873405303,0.1307091854759568,1.6922838861629048,1.8388430618253189
2007.54046,-0.004978803921568631,0.12003829411764706,1.6922593725490196,1.8388670392156863
2007.5432,-0.003565582761998045,0.10990405484818805,1.692213418217434,1.838839794319295
2007.54594,-0.0020465851272015692,0.1029986301369863,1.6922008219178082,1.8388673776908024
