2010.34622,-1.42973,-4.54415,3.18563,3.50569
2010.34896,-0.49641499999999994,-1.900775,2.301555,2.50942
2010.3517,-0.8447066666666666,-2.1584033333333337,2.015216666666667,2.18554
2010.35444,-0.22231999999999996,-2.0528825,1.9094175,2.03927
2010.35718,-0.5201079999999999,-1.7721600000000002,2.243194,2.409674
2010.35992,-0.27462499999999995,-1.7575383333333334,2.113095,2.2710833333333333
2010.36266,-0.22742142857142852,-1.6484814285714287,2.0132585714285716,2.162502857142857
2010.3654,-0.11600124999999999,-1.28074625,1.9528512500000001,2.09244625
2010.36814,-0.2086622222222222,-1.3130233333333332,1.8976199999999999,2.0306699999999998
2010.37088,-0.19197599999999998,-1.534631,1.8492920000000002,1.977702
2010.37362,-0.08966999999999997,-1.3034118181818182,1.80903,1.9356936363636363
2010.37636,-0.09652166666666666,-1.4036608333333334,1.7795516666666666,1.9035683333333333
2010.3791,0.11190769230769232,-1.3681169230769232,1.7546915384615385,1.8807976923076923
2010.38184,0.035928571428571435,-1.6309842857142858,1.7334442857142858,1.8612035714285715
2010.38458,0.09529666666666667,-1.5111126666666665,1.7144506666666668,1.839828
2010.38732,0.113235,-1.6179587500000001,1.696985,1.82135875
2010.39006,0.09075411764705883,-1.625479411764706,1.6818511764705883,1.805705294117647
2010.3928,0.13187222222222222,-1.5941661111111112,1.6708922222222222,1.793387222222222
2010.39554,0.1953015789473684,-1.5030068421052631,1.6632163157894737,1.7817505263157893
2010.39828,0.212316,-1.457188,1.6509915,1.7676365
2010.40102,0.2921880952380952,-1.4488009523809524,1.6415890476190478,1.7566523809523809
2010.40376,0.2967172727272727,-1.3915295454545455,1.633454090909091,1.7467122727272726
2010.4065,0.4254586956521739,-1.3731247826086956,1.626291304347826,1.7373417391304349
2010.40924,0.488735,-1.3054141666666668,1.6183904166666665,1.7283370833333331
2010.41198,0.4633212,-1.2395936,1.611312,1.7199852000000002
2010.41472,0.4954192307692308,-1.313901153846154,1.6053307692307692,1.7125965384615385
2010.41746,0.5823274074074074,-1.3187618518518518,1.663565925925926,1.7712874074074074
2010.4202,0.6466953571428571,-1.5362653571428573,2.267134642857143,1.9551696428571428
2010.42294,0.7081006896551724,-1.6379389655172414,2.903548275862069,2.148539655172414
2010.42568,0.6600623333333334,-1.6315973333333333,3.3673300000000004,2.311062
2010.42842,0.5917232258064516,-1.5011193548387096,3.372153548387097,2.347711612903226
2010.43116,0.512378125,-1.417054375,3.396331875,2.3921865625
2010.4339,0.39407666666666663,-1.3216696969696968,3.3984157575757576,2.4226993939393937
2010.43664,0.16345852941176472,-1.4897082352941178,3.4504385294117648,2.465860882352941
2010.44212,0.06042685714285715,-1.4986199999999998,3.848676857142857,2.706821666666667
2010.4476,0.04140194444444445,-1.9774192105263158,3.872388888888889,2.8492855263157897
2010.45034,-0.05431216216216216,-1.9609492307692307,3.9101989189189186,2.87955641025641
2010.45308,-0.063235,-1.99074425,3.8709873684210527,2.872212
2010.45582,-0.05238769230769231,-1.9384646341463416,3.816466923076923,2.844869512195122
2010.45856,0.023912749999999993,-1.9252061904761906,3.7955325,2.850437857142857
2010.4613,0.08985219512195121,-1.9054906976744186,3.8262026829268296,2.8825904651162793
2010.46404,-0.1344238095238095,-1.8873129545454546,4.188488095238095,2.976385
2010.46678,-0.08368372093023255,-1.7936813333333332,4.190306976744186,3.005142
2010.475,-0.12604749999999998,-1.5297479166666665,4.201428636363636,3.189716666666667
2010.48048,-0.00010911111111110551,-1.5002398,4.198552,3.2725828000000003
2010.48322,0.04134130434782609,-1.4768690196078431,4.139060869565218,3.238090980392157
2010.48596,0.07491914893617022,-1.4705609615384616,4.082601063829787,3.205688269230769
2010.4887,0.08332375,-1.432093962264151,4.033022291666667,3.17815
2010.49144,0.23970448979591838,-1.4337625925925925,4.214497755102041,3.4291127777777777
2010.49418,0.2230534,-1.4115516363636365,4.162971,3.3972723636363633
2010.49692,0.24051313725490195,-1.3692089285714286,4.109469215686275,3.363410892857143
2010.49966,0.27260076923076926,-1.3408877192982456,4.058868653846154,3.331020175438596
2010.5024,0.25212433962264147,-1.3233953448275861,4.010104339622641,3.2997894827586207
2010.50514,0.28001166666666666,-1.3062320338983051,3.963515185185185,3.2705376271186437
2010.50788,0.29728563636363636,-1.2839486666666666,3.9178618181818186,3.2412871666666665
2010.51062,0.2855469642857143,-1.2511537704918032,3.8741255357142856,3.2130199999999998
2010.51336,0.24343,-1.1978437096774195,3.831997368421053,3.185580322580645
2010.5161,0.23729689655172415,-1.1660301587301587,3.7904446551724136,3.1587095238095237
2010.51884,0.2303077966101695,-1.1483159375,3.750293559322034,3.1326496875
2010.52158,0.2615731666666667,-1.0938044615384614,3.7115735,3.1074556923076924
2010.52432,0.23941081967213115,-1.0749136363636362,3.674164262295082,3.083014090909091
2010.52706,0.18841032258064513,-1.0226217910447761,3.639114677419355,3.059735820895522
2010.5298,0.18545238095238092,-0.9776279411764707,3.6040084126984127,3.036775
2010.53254,0.17137828125,-0.9751972463768117,3.569981875,3.0143763768115943
2010.53528,0.1879196923076923,-0.9498184285714286,3.5369644615384614,2.992648857142857
2010.53802,0.2017681818181818,-0.9203453521126761,3.5050501515151518,2.9715470422535213
2010.54076,0.19921268656716418,-0.9095429166666666,3.4750031343283583,2.9514843055555553
2010.5435,0.18472132352941176,-0.892878904109589,3.4481407352941176,2.932784520547945
2010.54624,0.1666033333333333,-0.8533175675675675,3.4190056521739134,2.913456891891892
2010.54898,0.17696471428571428,-0.8298542666666666,3.392897714285714,2.8958522666666666
2010.55172,0.18190859154929576,-0.8089351315789474,3.3656754929577466,2.8774913157894737
2010.55446,0.17389222222222223,-0.7907497402597402,3.3390272222222226,2.859623896103896
2010.5572,0.16196150684931507,-0.7765596153846154,3.3130202739726027,2.8421878205128204
2010.55994,0.16550648648648647,-0.744886582278481,3.287697972972973,2.8252072151898733
2010.56268,0.17971013333333333,-0.7403498749999999,3.2637192,2.809066125
2010.56542,0.18617763157894737,-0.7197853086419753,3.2407556578947365,2.793550617283951
2010.56816,0.20264324675324674,-0.6908330487804878,3.2173915584415584,2.7776126829268293
2010.5709,0.21385128205128204,-0.6670956626506024,3.194730128205128,2.7621673493975902
2010.57364,0.23952987341772153,-0.6668083333333333,3.1733335443037975,2.7473063095238097
2010.57638,0.279843625,-0.6608527058823529,3.15213775,2.732739294117647
2010.57912,0.296598024691358,-0.6588683720930233,3.1311606172839506,2.718440581395349
2010.58186,0.3032819512195122,-0.62253,3.110795243902439,2.7044228735632183
2010.5846,0.2923553012048193,-0.6068879545454545,3.09093,2.6907529545454545
2010.58734,0.2891358333333333,-0.5894589887640449,3.07160880952381,2.677477191011236
2010.59008,0.3089989411764706,-0.5419286666666667,3.0540987058823528,2.6654352222222224
2010.59282,0.3094806976744186,-0.5232316483516484,3.0356598837209305,2.6527323076923075
2010.59556,0.32809149425287354,-0.5000197826086957,3.0172933333333334,2.640256195652174
2010.5983,0.3402494318181818,-0.4992304301075269,2.9998153409090906,2.6282408602150538
2010.60104,0.35463707865168537,-0.48990074468085104,2.982145842696629,2.6161210638297874
2010.60378,0.36501377777777777,-0.4971350526315789,2.964889,2.6043512631578944
2010.60652,0.3744092307692307,-0.49503947916666663,2.9479605494505496,2.592672395833333
2010.60926,0.37739293478260866,-0.49137247422680413,2.9314158695652175,2.5813390721649485
2010.612,0.3739437634408602,-0.48235510204081633,2.915275806451613,2.570199387755102
2010.61474,0.3637177659574468,-0.46525767676767676,2.8999226595744685,2.5594029292929292
2010.61748,0.3425257894736842,-0.45266080000000003,2.8843946315789473,2.5486362
2010.62022,0.3243452083333333,-0.4431181188118812,2.8698621875000003,2.5384412871287125
2010.62296,0.30931319587628864,-0.4263856862745098,2.8549044329896907,2.5280620588235294
2010.6257,0.2891475510204082,-0.41511281553398055,2.840391836734694,2.5179041747572817
2010.62844,0.2665264646464646,-0.4008894230769231,2.826415151515152,2.508092403846154
2010.63118,0.26319129999999996,-0.3846191428571429,2.8128893,2.4984982857142857
2010.63392,0.2458858415841584,-0.3986749056603774,2.7991902970297033,2.4888577358490567
2010.63666,0.22539382352941176,-0.3775111214953271,2.785724019607843,2.479378130841121
2010.6394,0.19807019417475727,-0.34241185185185186,2.772541553398058,2.4701612037037033
2010.64214,0.1709932692307692,-0.3190360550458715,2.76112125,2.461932660550459
2010.64488,0.15675619047619047,-0.31254472727272725,2.7486490476190477,2.4535316363636364
2010.64762,0.1525391509433962,-0.2967463063063063,2.7363024528301887,2.4447884684684684
2010.65036,0.13509495327102802,-0.29335758928571426,2.72417476635514,2.4361714285714284
2010.6531,0.09729472222222221,-0.3026580530973451,2.712767777777778,2.427938318584071
2010.65584,0.07623623853211009,-0.29434043859649117,2.7009827522935783,2.4196305263157893
2010.65858,0.05883645454545454,-0.290442,2.689575909090909,2.4114580869565216
2010.66132,0.042589189189189185,-0.29105568965517237,2.6782691891891894,2.4033722413793104
2010.66406,0.03072026785714285,-0.29182846153846154,2.6670182142857146,2.3953585470085472
2010.6668,-0.025000088495575227,-0.32111813559322033,2.8061604424778763,2.4351878813559322
2010.66954,-0.014356403508771936,-0.3412121848739496,2.826588421052632,2.4520378151260505
2010.67228,-0.05694539130434784,-0.3366979166666667,2.8327639130434785,2.4611658333333333
2010.67502,-0.08638543103448276,-0.30801537190082645,2.8418448275862067,2.471392314049587
2010.67776,-0.15052820512820514,-0.30770098360655734,2.974846239316239,2.5086921311475407
2010.6805,-0.23489661016949154,-0.36507,3.1009887288135594,2.5453913821138214
2010.68598,-0.251218487394958,-0.40694063999999996,3.1145570588235296,2.5982088
2010.68872,-0.25596925,-0.4452501587301587,3.232325416666667,2.629426825396825
2010.69146,-0.29508247933884296,-0.38994370078740154,3.239200743801653,2.6364670866141733
2010.6942,-0.29722778688524587,-0.375701796875,3.242284836065574,2.642715625
2010.69694,-0.305280243902439,-0.3325716279069767,3.2489128455284555,2.650241860465116
2010.69968,-0.32940435483870967,-0.3359035384615385,3.262341370967742,2.668581692307692
2010.70242,-0.36156408,-0.3067654961832061,3.38935968,2.702427328244275
2010.70516,-0.3724827777777778,-0.31949537878787876,3.384801904761905,2.7047629545454543
2010.7079,-0.38960787401574803,-0.3075701503759398,3.370889527559055,2.69706030075188
2010.71338,-0.39387359375000003,-0.3048909701492537,3.355771796875,2.6879741791044776
2010.71612,-0.4087033333333333,-0.3005055555555555,3.340957596899225,2.6791093333333333
2010.71886,-0.44176846153846155,-0.3319707352941177,3.331525153846154,2.6753260294117647
2010.7216,-0.4556015267175572,-0.3208982481751825,3.317924503816794,2.6676648905109492
2010.72434,-0.46450287878787877,-0.3073677536231884,3.3038691666666664,2.6590222463768116
2010.72708,-0.48095887218045114,-0.29220848920863307,3.2897787218045114,2.6507130935251797
2010.72982,-0.495094104477612,-0.28104892857142855,3.275889776119403,2.642315285714286
2010.73256,-0.5062014814814815,-0.2782582978723404,3.2620996296296294,2.6339287234042557
2010.7353,-0.51375125,-0.2774666197183098,3.2486118382352944,2.625740563380282
2010.73804,-0.5171170802919708,-0.27029944055944055,3.2355541605839417,2.6177479020979018
2010.74078,-0.5434182608695652,-0.25199875,3.223136666666667,2.6102248611111114
2010.74352,-0.5514810071942446,-0.23569462068965516,3.2128015107913668,2.6052139310344824
2010.77914,-0.5513988571428572,-0.236548904109589,3.215063,2.609600479452055
2010.78188,-0.5471233333333333,-0.2533586394557823,3.202463120567376,2.601967619047619
2010.78462,-0.5372546478873239,-0.25255256756756755,3.1904344366197184,2.5946082432432434
2010.78736,-0.555183006993007,-0.24242006711409397,3.1784330769230773,2.587292281879195
2010.7901,-0.5611752083333333,-0.23602473333333332,3.166431041666667,2.5799920000000003
2010.79284,-0.5570841379310345,-0.23504867549668876,3.1544420689655173,2.572833642384106
2010.79558,-0.5475795890410958,-0.2478141447368421,3.142642808219178,2.5658601315789475
2010.79832,-0.5452160544217687,-0.2453108496732026,3.1312934013605442,2.558915163398693
2010.80106,-0.5419990540540541,-0.23363077922077924,3.1200402702702705,2.5520601948051946
2010.8038,-0.5462791946308725,-0.2187990322580645,3.1086421476510067,2.5452673548387095
2010.80654,-0.5594194,-0.2277428846153846,3.0973126000000004,2.538474935897436
2010.80928,-0.5619806622516557,-0.24237216560509556,3.0861934437086096,2.5318298089171973
2010.81202,-0.5591813157894737,-0.25757025316455695,3.0758227631578947,2.5254406962025318
2010.8175,-0.5701273376623377,-0.2616138364779874,3.0545325324675323,2.518930062893082
2010.82024,-0.5707611612903226,-0.254266875,3.0439952258064515,2.51250425
2010.82298,-0.5694626923076923,-0.2397011801242236,3.033600769230769,2.5061880124223603
2010.82572,-0.5652421656050955,-0.24074524691358024,3.02336923566879,2.499913209876543
2010.82846,-0.5684215822784809,-0.23492969325153373,3.013481518987342,2.4937507361963194
2010.8312,-0.5745457232704403,-0.24356768292682926,3.003938176100629,2.4877625
2010.83394,-0.5594845625,-0.2520426666666667,2.9943461875,2.4819115757575756
2010.83668,-0.5479360248447206,-0.2619122891566265,2.9848101863354035,2.4762385542168674
2010.83942,-0.5294293827160494,-0.23818413173652694,2.9759617283950615,2.4710076047904193
2010.84216,-0.5210625153374233,-0.23647690476190475,2.966460429447853,2.465231369047619
2010.8449,-0.5243212195121951,-0.23110491124260357,2.9571054268292682,2.4595484615384615
2010.84764,-0.5241935757575757,-0.22364664705882353,2.947879090909091,2.4538936470588237
2010.85038,-0.5264956626506024,-0.2362367251461988,2.9388197590361447,2.44838567251462
2010.85312,-0.5405969461077844,-0.230005988372093,2.92982,2.4430011046511626
2010.85586,-0.5381370238095238,-0.21774,2.9213642857142856,2.437889190751445
2010.8586,-0.5336782840236687,-0.20704373563218392,2.912485029585799,2.432487011494253
2010.86134,-0.5327590588235294,-0.21029742857142858,2.9037446470588235,2.427188628571429
2010.86408,-0.5315673684210527,-0.22107113636363634,2.8951609356725148,2.421966534090909
2010.86682,-0.5311012209302326,-0.22573683615819207,2.8869484302325583,2.416937231638418
2010.86956,-0.5306665317919076,-0.23251039325842693,2.878490520231214,2.4118571348314606
2010.8723,-0.5234278160919541,-0.2227931843575419,2.870395977011494,2.40691469273743
2010.87504,-0.5259292,-0.22678527777777774,2.8623438285714284,2.402404777777778
2010.87778,-0.5210157386363636,-0.21699375690607733,2.8543676136363634,2.3978049723756905
2010.88052,-0.5014631073446328,-0.21029263736263737,2.846374350282486,2.3930714285714285
2010.88326,-0.4938303932584269,-0.20105234972677596,2.838624438202247,2.3885777049180326
2010.886,-0.4967556424581006,-0.1617778804347826,2.837997430167598,2.3900215760869563
2010.88874,-0.5024144444444445,-0.16376675675675675,2.8306651666666665,2.385659891891892
2010.89148,-0.47050276243093925,-0.18214779569892472,2.8531392265193367,2.407229247311828
2010.91614,-0.4669046153846154,-0.19873401069518717,2.876362582417582,2.433091871657754
2010.91888,-0.4685645355191257,-0.1978832978723404,2.868465027322405,2.428295
2010.92162,-0.4664033695652174,-0.19234507936507936,2.8607278804347827,2.4235716931216933
2010.92436,-0.4635381081081081,-0.1867837894736842,2.8532374594594594,2.4189242631578947
2010.9271,-0.4461893548387097,-0.175207277486911,2.845720698924731,2.4145058638743455
2010.92984,-0.4420433689839572,-0.17079999999999998,2.838173529411765,2.40995328125
2010.93258,-0.43852218085106387,-0.16303341968911916,2.8307446808510637,2.4054055440414506
2010.93532,-0.42359074074074077,-0.1772518556701031,2.8234613756613753,2.40095293814433
2010.93806,-0.41913226315789476,-0.18640989743589745,2.816347052631579,2.3965573846153845
2010.9408,-0.4222517801047121,-0.18890913265306122,2.8092704712041883,2.3925010204081634
2010.94354,-0.4109883854166667,-0.197977461928934,2.8021324479166663,2.388231979695431
2010.94628,-0.39029093264248704,-0.213345202020202,2.7949802590673576,2.3839581313131313
2010.94902,-0.3835051030927835,-0.2024,2.7879562886597937,2.379734773869347
2010.95176,-0.38853220512820513,-0.2103003,2.7811887692307695,2.3757673
2010.9545,-0.3886782653061225,-0.21702009950248757,2.774462551020408,2.3717266169154225
2010.95724,-0.3816122335025381,-0.22506475247524751,2.767794568527919,2.367645495049505
2010.95998,-0.37613626262626265,-0.22744201970443348,2.7611887878787877,2.3637937931034485
2010.96272,-0.37605447236180906,-0.22135019607843137,2.7552943718592964,2.3601554411764702
2010.96546,-0.3746609,-0.2242291707317073,2.74953015,2.3566143414634144
2010.9682,-0.36753905472636816,-0.2273596116504854,2.7430996517412933,2.3526764563106797
2010.97094,-0.369144702970297,-0.2225833333333333,2.7366268811881187,2.3487145893719807
2010.97368,-0.35603256157635466,-0.22145442307692306,2.7301551231527093,2.344745
2010.97642,-0.3394560784313726,-0.22175870813397128,2.7239175490196077,2.340998373205742
2010.97916,-0.3248841951219512,-0.22752985714285714,2.717579707317073,2.3371490952380953
2010.9819,-0.3059382524271845,-0.24406341232227488,2.7113549029126216,2.3333750710900474
2010.98464,-0.29821971014492754,-0.2502715566037736,2.705258115942029,2.329641650943396
2010.98738,-0.2889858653846154,-0.2518737558685446,2.6992414903846154,2.3260303755868548
2010.99012,-0.28132526315789474,-0.27278663551401866,2.6936418181818182,2.3228021028037382
2010.99286,-0.27939614285714287,-0.26734953488372093,2.6878411904761905,2.319411441860465
2010.9956,-0.2686534123222749,-0.26140143518518516,2.6822817061611377,2.316030462962963
2010.99834,-0.2552033490566038,-0.2673136866359447,2.6764198113207547,2.312402995391705
