2009.21734,-3.26169,0.81988,1.62786,1.85527
2009.22008,-2.216495,0.987895,1.6532149999999999,1.872745
2009.22282,-2.673303333333333,1.3589099999999998,1.6372033333333331,1.86445
2009.22556,-2.7733600000000003,1.0336725,1.6362025,1.8642725
2009.2283,-2.976918,0.991536,1.6332,1.858024
2009.23104,-3.1228916666666664,0.8182833333333334,1.6289749999999998,1.8498
2009.23378,-3.0551042857142856,0.8545357142857143,1.6635085714285716,1.8927885714285715
2009.23652,-3.13834125,0.97797875,1.656885,1.890085
2009.23926,-3.1455933333333332,1.077548888888889,1.6541055555555557,1.8901
2009.242,-3.234357,1.014607,1.64988,1.887358
2009.24474,-3.2131281818181816,0.9457481818181819,1.648,1.8895436363636364
2009.24748,-3.1984891666666666,1.087785,1.6469891666666667,1.8906583333333333
2009.25022,-3.2191492307692307,0.9605876923076923,1.6492130769230768,1.8951861538461539
2009.25296,-3.236902142857143,0.8874207142857143,1.6508335714285713,1.8968735714285714
2009.2557,-3.1845953333333332,0.8735446666666667,1.6490353333333334,1.895512
2009.25844,-3.149240625,0.891779375,1.647128125,1.89365875
2009.26118,-3.0674929411764706,0.8515764705882353,1.6455241176470587,1.8921482352941175
2009.26392,-3.0236405555555557,0.82712,1.6452844444444445,1.8931588888888886
2009.26666,-2.9949626315789475,0.9511342105263157,1.6441568421052632,1.8935615789473685
2009.2694,-2.9424335,1.0321485,1.6438089999999999,1.89493
2009.27214,-2.9531266666666665,1.0296390476190476,1.6412071428571429,1.8936466666666665
2009.27488,-2.961694090909091,1.0471313636363637,1.6409036363636362,1.893635
2009.27762,-2.9536300000000004,1.0811908695652175,1.6410908695652173,1.8953739130434784
2009.28036,-2.9836387500000003,1.193955,1.6422074999999998,1.8985566666666667
2009.2831,-2.9803116,1.2564992,1.6409932,1.8984772
2009.28584,-2.9705330769230773,1.3289257692307692,1.6402315384615385,1.8992592307692309
2009.28858,-2.979575925925926,1.3742477777777777,1.639477037037037,1.8996303703703703
2009.29132,-2.9744946428571426,1.331440357142857,1.6393482142857143,1.9004664285714286
2009.29406,-2.9739575862068968,1.368103448275862,1.6394124137931034,1.900843448275862
2009.2968,-3.0091433333333333,1.3417233333333334,1.638894,1.9019363333333332
2009.29954,-3.019982258064516,1.391239677419355,1.6386241935483872,1.9026854838709677
2009.30228,-3.0231315625,1.3931621875,1.6390803125,1.903751875
2009.30502,-3.1326845454545453,1.385211515151515,1.638740303030303,1.904689393939394
2009.30776,-3.125781764705882,1.3806702941176472,1.6381064705882353,1.904325882352941
2009.3105,-3.1218911428571428,1.399360857142857,1.6373182857142856,1.903832
2009.31324,-3.0875391666666667,1.3933472222222223,1.6372408333333333,1.9044244444444445
2009.31598,-3.081925675675676,1.4326864864864866,1.6369151351351352,1.90467
2009.31872,-3.055071052631579,1.4827192105263158,1.6358692105263157,1.9042897368421052
2009.32146,-3.022455641025641,1.5222894871794872,1.6347402564102562,1.9035215384615385
2009.3242,-2.99121125,1.56593175,1.6357357499999998,1.9044597499999998
2009.32694,-2.9777743902439027,1.587201951219512,1.6363899999999998,1.904809756097561
2009.32968,-2.9554680952380954,1.6264838095238094,1.6362188095238097,1.9050673809523808
2009.33242,-2.923376511627907,1.638357906976744,1.6361795348837211,1.90551
2009.33516,-2.9246213636363634,1.642988409090909,1.6368093181818182,1.9063415909090908
2009.3379,-2.8716466666666665,1.6686137777777779,1.6370553333333333,1.9070422222222223
2009.34064,-2.868010434782609,1.7077993478260869,1.6381317391304349,1.9086791304347825
2009.34338,-2.8694355319148936,1.7307436170212764,1.6383391489361703,1.9094578723404254
2009.34612,-2.87846,1.7565866666666665,1.638093125,1.9094320833333331
2009.34886,-2.8797612244897954,1.7621714285714287,1.6375848979591836,1.9090399999999998
2009.3516,-2.8561828000000005,1.7732733999999999,1.6379508,1.9095742000000002
2009.35434,-2.810501764705882,1.767920980392157,1.6382501960784313,1.9097760784313724
2009.35708,-2.807435769230769,1.7795440384615384,1.638691923076923,1.9104588461538463
2009.35982,-2.7990630188679244,1.7934271698113209,1.6395449056603775,1.9113356603773586
2009.36256,-2.8007896296296297,1.8152225925925924,1.6395262962962962,1.9112387037037037
2009.3653,-2.80321,1.8281532727272727,1.639459818181818,1.9113763636363637
2009.36804,-2.7898050000000003,1.836533392857143,1.6398960714285715,1.9120196428571428
2009.37078,-2.7699161403508774,1.8426550877192982,1.64017649122807,1.912473157894737
2009.37352,-2.7605513793103444,1.8450144827586208,1.6406774137931035,1.913221379310345
2009.37626,-2.7324127118644066,1.896446779661017,1.6408672881355932,1.9135315254237288
2009.379,-2.7437025,1.90244,1.6463436666666666,1.9186141666666667
2009.38448,-2.7261774193548387,1.877086129032258,1.6656332258064517,1.9428053225806452
2009.38722,-2.6907593650793653,1.8868409523809524,1.6651819047619048,1.9426428571428571
2009.38996,-2.66455140625,1.8885414062499999,1.66441109375,1.94193953125
2009.3927,-2.6573901538461535,1.9208513846153845,1.6643826153846155,1.9417792307692308
2009.39544,-2.6377430303030303,1.9276827272727273,1.664253787878788,1.9420569696969696
2009.39818,-2.6157961194029853,1.9073702985074625,1.6637105970149253,1.941883880597015
2009.40092,-2.5851654411764704,1.882596911764706,1.6639683823529412,1.9424788235294117
2009.40366,-2.569909855072464,1.8761652173913044,1.6629810144927535,1.9421511594202898
2009.4064,-2.538127428571429,1.8805319999999999,1.662345857142857,1.942211
2009.40914,-2.5280659154929577,1.8675366197183099,1.6618038028169013,1.9424630985915494
2009.41188,-2.520570138888889,1.875985972222222,1.6614806944444445,1.9424727777777777
2009.41462,-2.499438904109589,1.870478219178082,1.6612760273972602,1.9428013698630138
2009.41736,-2.460157297297297,1.858998108108108,1.661004864864865,1.9427204054054055
2009.4201,-2.418118133333333,1.8661178666666667,1.6604206666666665,1.9428393333333334
2009.42284,-2.3567096052631578,1.7769177631578947,1.6864853947368421,1.973121052631579
2009.44202,-2.302405128205128,1.707536923076923,1.6987701282051284,1.9912646153846152
2009.44476,-2.267472911392405,1.6556722784810127,1.6983962025316457,1.9910981012658229
2009.4475,-2.237371625,1.607792125,1.698248375,1.9914122500000002
2009.45024,-2.163799012345679,1.571637777777778,1.697642962962963,1.991430987654321
2009.45298,-2.1122573170731704,1.5457375609756097,1.7001114634146341,1.9947036585365854
2009.45572,-2.096462891566265,1.4882815662650604,1.7020865060240964,1.9973998795180723
2009.45846,-2.081872023809524,1.461985,1.7017905952380954,1.9973971428571429
2009.4612,-2.0760670588235293,1.429119294117647,1.7015801176470589,1.997456705882353
2009.46394,-2.0463693023255813,1.400995,1.7020417441860465,1.99833988372093
2009.46668,-1.9713028735632185,1.4600657471264367,1.743473103448276,2.043142988505747
2009.47216,-1.9659006818181817,1.4288777272727273,1.7419167045454544,2.0417301136363637
2009.4749,-1.9547503370786516,1.3998065168539326,1.7412198876404494,2.0407415730337077
2009.47764,-1.9435657777777777,1.375315,1.7399752222222222,2.0399867777777776
2009.48038,-1.9414469230769231,1.3232521978021978,1.7395057142857142,2.0395628571428572
2009.48312,-1.926674347826087,1.2877019565217391,1.738103695652174,2.0380316304347827
2009.48586,-1.909204516129032,1.2633681720430108,1.7374922580645162,2.0374101075268816
2009.4886,-1.9016980851063832,1.2264247872340426,1.7371067021276594,2.0372748936170213
2009.49134,-1.882629894736842,1.2033646315789472,1.736644947368421,2.036797052631579
2009.49408,-1.8838507291666666,1.1821810416666667,1.7360260416666666,2.0363953125000003
2009.49682,-1.8694651546391754,1.1511149484536083,1.7354198969072165,2.0358817525773194
2009.49956,-1.8681957142857142,1.1284586734693878,1.7344448979591836,2.0349464285714283
2009.5023,-1.8674935353535353,1.0997553535353537,1.7336648484848485,2.0344471717171717
2009.50504,-1.8567515,1.0786264,1.7328603999999999,2.0335449
2009.50778,-1.8283768316831681,1.0479754455445545,1.73201900990099,2.03265
2009.51052,-1.8178880392156862,1.004886568627451,1.7315996078431375,2.0322399019607844
2009.51326,-1.8122788349514563,0.9685569902912621,1.7305535922330095,2.031354563106796
2009.516,-1.7993314423076923,0.9523975,1.72981,2.030669519230769
2009.51874,-1.7942460952380952,0.9429460952380951,1.729055142857143,2.0299874285714288
2009.52148,-1.772837924528302,0.9122204716981132,1.7297620754716982,2.0305269811320756
2009.52422,-1.7646581308411216,0.8429291588785047,1.7290591588785047,2.029661028037383
2009.52696,-1.7512743518518519,0.7955972222222222,1.7283445370370372,2.0287914814814814
2009.5297,-1.7458390825688073,0.7737578899082568,1.7278266972477065,2.028540275229358
2009.53244,-1.7538445454545455,0.731925,1.7271241818181817,2.027898909090909
2009.53518,-1.7409636036036036,0.6890353153153154,1.7266386486486487,2.027440810810811
2009.53792,-1.7372914285714285,0.6652867857142857,1.726090267857143,2.026735625
2009.54066,-1.7293710619469025,0.62795,1.7256107079646017,2.0262397345132745
2009.5434,-1.7100161403508773,0.611759649122807,1.7251863157894738,2.026124035087719
2009.54614,-1.7124379130434784,0.6099467826086956,1.725256608695652,2.0263879130434783
2009.54888,-1.7031336206896552,0.5999068103448276,1.7247966379310347,2.0259443103448276
2009.55162,-1.6968910256410257,0.5875515384615384,1.7243558974358975,2.0254358974358975
2009.55436,-1.7008018644067797,0.5762533898305084,1.7240696610169493,2.0251066101694915
2009.5571,-1.7111142857142858,0.5541957983193276,1.72366487394958,2.0247116806722687
2009.55984,-1.7060516666666667,0.5253893333333334,1.72465675,2.0253205
2009.56258,-1.7191934710743801,0.5077121487603306,1.7253344628099172,2.025744214876033
2009.56532,-1.7078134426229508,0.4958905737704918,1.725038606557377,2.0254318852459017
2009.56806,-1.7163469918699188,0.4827736585365854,1.7247258536585366,2.0249869105691056
2009.5708,-1.706118870967742,0.4534411290322581,1.724353629032258,2.024532016129032
2009.57354,-1.70128424,0.44889776,1.7247238399999998,2.02495696
2009.57628,-1.7015065079365082,0.41906198412698414,1.7245375396825398,2.0247027777777777
2009.57902,-1.706060787401575,0.3878931496062992,1.7242911023622047,2.0244359842519684
2009.58176,-1.7210253125,0.3487428125,1.724309140625,2.024264296875
2009.5845,-1.7176462790697675,0.32885085271317827,1.7244406976744187,2.024300542635659
2009.58724,-1.7114009230769232,0.28438823076923075,1.7242828461538462,2.023725307692308
2009.58998,-1.72097320610687,0.25577259541984737,1.724911679389313,2.0242501526717556
2009.59272,-1.715867196969697,0.2365755303030303,1.7247425,2.024165303030303
2009.59546,-1.7174967669172934,0.20764481203007518,1.724595939849624,2.0240100751879697
2009.5982,-1.7127707462686568,0.1751983582089552,1.7242623880597017,2.023683358208955
2009.60094,-1.7088452592592591,0.13554392592592593,1.7241314814814814,2.023212444444445
2009.60368,-1.7079746323529412,0.11885522058823529,1.7240122794117647,2.0230754411764704
2009.60642,-1.7073256204379563,0.07433007299270074,1.7236805839416058,2.02272401459854
2009.60916,-1.703632463768116,0.05564601449275362,1.7234213768115942,2.022462101449275
2009.6119,-1.6983278417266185,0.03054755395683453,1.7235690647482014,2.0226153237410074
2009.61464,-1.690196214285714,-0.009227857142857144,1.7233429285714286,2.0223655
2009.61738,-1.6792694326241135,-0.027006241134751773,1.7230916312056737,2.021938936170213
2009.62012,-1.6799585915492958,-0.04282978873239437,1.7226183098591548,2.021175352112676
2009.62286,-1.676166923076923,-0.053886363636363635,1.722272937062937,2.020637202797203
2009.6256,-1.674807152777778,-0.05682395833333334,1.7218674999999999,2.020378611111111
2009.62834,-1.6718359310344828,-0.06553462068965518,1.7219553793103448,2.0205179999999996
2009.63108,-1.6731013698630137,-0.09300931506849315,1.7218501369863013,2.020227534246575
2009.63382,-1.666108911564626,-0.1161304081632653,1.721582925170068,2.0198113605442174
2009.63656,-1.653978581081081,-0.12223614864864865,1.721995472972973,2.0200518918918915
2009.6393,-1.6539011409395974,-0.13310536912751678,1.7219906040268456,2.019692214765101
2009.64204,-1.6515688666666668,-0.1486562,1.7219323999999998,2.019520866666667
2009.64478,-1.6495496688741722,-0.14761675496688742,1.7218484768211921,2.019190529801324
2009.64752,-1.6516400657894739,-0.1834986842105263,1.7220377631578945,2.0189550657894735
2009.65026,-1.6548182352941176,-0.20978718954248365,1.7220065359477124,2.0186258169934637
2009.653,-1.6462124025974025,-0.223786038961039,1.721845779220779,2.018238961038961
2009.65574,-1.627037677419355,-0.22965567741935483,1.7217043225806452,2.0180073548387094
2009.65848,-1.6302409615384614,-0.2537704487179487,1.7217015384615384,2.018029935897436
2009.66122,-1.6273117834394906,-0.2722084076433121,1.721222802547771,2.0173237579617833
2009.66396,-1.6193856329113925,-0.28309,1.721096392405063,2.0168275949367085
2009.6667,-1.6143114465408805,-0.3020672327044025,1.72096320754717,2.016637358490566
2009.66944,-1.6108608125,-0.3176633125,1.7210151249999999,2.0165289375
2009.67218,-1.6104195652173914,-0.32341329192546586,1.7210995652173915,2.0165796894409938
2009.67492,-1.6012962345679012,-0.33323413580246913,1.720869938271605,2.0161722839506173
2009.67766,-1.5965707975460122,-0.3556336809815951,1.7211179141104294,2.016205153374233
2009.6804,-1.601168963414634,-0.38595500000000005,1.7212408536585366,2.016063231707317
2009.68314,-1.6000423636363634,-0.40382981818181823,1.7209579393939394,2.0156599393939394
2009.68588,-1.5997222289156627,-0.42430837349397593,1.7205819879518072,2.01516578313253
2009.68862,-1.5999904191616765,-0.4463259281437125,1.7205780838323355,2.015032634730539
2009.69136,-1.5869793452380951,-0.45874196428571434,1.7203756547619047,2.0145417857142855
2009.6941,-1.5810016568047338,-0.4812357396449704,1.7204204142011836,2.0145329585798817
2009.69684,-1.581092,-0.5035764705882353,1.7198524117647058,2.0139698823529413
2009.69958,-1.5819743859649125,-0.4991937426900585,1.7199933333333333,2.0137973099415203
2009.70232,-1.5842454069767442,-0.5147222674418604,1.7197059302325581,2.0135775
2009.70506,-1.5817423121387282,-0.5197763005780347,1.7194758381502888,2.013182716763006
2009.7078,-1.5781795402298853,-0.5277663218390805,1.7192790804597702,2.0128229310344827
2009.71054,-1.5672096,-0.5407620571428571,1.7193209142857144,2.012848457142857
2009.71328,-1.5604189204545456,-0.565428125,1.719582159090909,2.013012102272727
2009.71602,-1.569877966101695,-0.5951316949152543,1.7197273446327686,2.013108079096045
2009.71876,-1.573818426966292,-0.6186642696629214,1.7196984831460675,2.013060168539326
2009.7215,-1.573282569832402,-0.6287661452513966,1.7194239664804467,2.0126046368715085
2009.72424,-1.5647060555555554,-0.6344611666666667,1.719441611111111,2.0125071111111112
2009.72698,-1.5581338121546962,-0.667706408839779,1.7194590607734805,2.0122644198895028
2009.72972,-1.5576151648351646,-0.6935037362637363,1.719139065934066,2.0117974725274723
2009.73246,-1.562607213114754,-0.7266196174863389,1.7192892349726776,2.011804316939891
2009.79822,-1.5411372282608695,-0.7201820652173913,1.7192636956521739,2.011321902173913
2009.80096,-1.5217783243243244,-0.711359891891892,1.7192023783783783,2.0107703243243242
2009.8037,-1.5123029569892472,-0.7160894086021505,1.7192637096774193,2.0102189784946236
2009.80644,-1.4930070588235294,-0.7041692513368984,1.7190532085561496,2.009577272727273
2009.80918,-1.4835944680851063,-0.6953447872340425,1.725211329787234,2.015504468085106
2009.81192,-1.4575341798941799,-0.6985332804232803,1.7253598941798942,2.0153178306878305
2009.81466,-1.4473988947368421,-0.6975196842105263,1.7253523684210528,2.014860052631579
2009.8174,-1.4305456544502617,-0.6915374345549739,1.7252820418848167,2.0142351832460736
2009.82014,-1.4139024479166666,-0.6943100520833334,1.7250873958333333,2.013699583333333
2009.82288,-1.3962587046632124,-0.6828517098445596,1.7248947668393784,2.013109170984456
2009.82562,-1.3870577835051545,-0.6745371649484536,1.724910463917526,2.013010618556701
2009.82836,-1.3675646153846153,-0.6645487692307692,1.7247480512820512,2.012619846153846
2009.8311,-1.3594061734693876,-0.6655396938775511,1.7245872959183675,2.0122330612244896
2009.83384,-1.3407093908629442,-0.6584240101522842,1.724191116751269,2.011527664974619
2009.83658,-1.3175024747474748,-0.6483597979797979,1.723960707070707,2.0109898484848485
2009.83932,-1.2963961809045226,-0.6319995979899498,1.7239941206030152,2.0106436683417086
2009.84206,-1.2699890500000002,-0.6219579000000001,1.7237403,2.01012625
2009.8448,-1.2514348258706467,-0.6166726865671642,1.7236018407960199,2.009735174129353
2009.84754,-1.232260396039604,-0.6100881683168317,1.7237950495049503,2.0095628712871285
2009.85028,-1.220460197044335,-0.6216274876847291,1.7236642857142856,2.0090166995073893
2009.85302,-1.1992297549019608,-0.6147937745098039,1.7234432352941178,2.008340931372549
2009.85576,-1.1836581463414635,-0.618748487804878,1.7232959024390244,2.0078266829268294
2009.8585,-1.1649688349514562,-0.611407427184466,1.7231888834951454,2.0072968932038835
2009.86124,-1.1428833816425121,-0.6005574396135266,1.7229797584541062,2.006777342995169
2009.86398,-1.1218497596153847,-0.59194625,1.7232152884615386,2.006425673076923
2009.86672,-1.1033983732057417,-0.6012833492822967,1.7233272727272728,2.0059963157894733
2009.86946,-1.0822922857142858,-0.5958028095238095,1.7232475714285713,2.005460095238095
2009.8722,-1.0670385308056871,-0.586321990521327,1.7230863981042654,2.0049089099526065
2009.87494,-1.0408088679245282,-0.583246462264151,1.7229015566037735,2.0044528301886793
2009.87768,-1.0227392018779342,-0.5899180281690141,1.722837511737089,2.0043291549295774
2009.88042,-0.9995655607476636,-0.5878915887850468,1.722848878504673,2.00413238317757
2009.88316,-0.9765499069767443,-0.5792373488372092,1.7226491162790696,2.0036271627906976
2009.8859,-0.950802037037037,-0.5813467592592593,1.7234457870370372,2.004244398148148
2009.88864,-0.9318602304147465,-0.5825671428571428,1.7232020737327187,2.003714055299539
2009.89138,-0.9184207798165138,-0.59079,1.722948348623853,2.003106009174312
2009.89412,-0.9010154794520548,-0.5896042922374429,1.722672602739726,2.0024406392694063
2009.89686,-0.8823530454545455,-0.5893337727272728,1.722375090909091,2.001781318181818
2009.8996,-0.8641609049773755,-0.5973099095022625,1.7221466968325791,2.0012381900452487
2009.90234,-0.8466084234234235,-0.600687027027027,1.7219383783783786,2.000766711711712
2009.90508,-0.8376017488789238,-0.5963790134529149,1.7215943049327354,2.000133273542601
2009.90782,-0.8259193303571429,-0.5967834375000001,1.7213486160714286,1.999609464285714
2009.91056,-0.8139746666666666,-0.5930908444444444,1.7209983555555555,1.9989915111111112
2009.9133,-0.7954790707964602,-0.5887272566371681,1.720745663716814,1.9984727433628318
2009.91604,-0.7772284140969162,-0.5942918502202643,1.720448193832599,1.9980238325991189
2009.91878,-0.7597765350877193,-0.5899741666666666,1.720030394736842,1.9974766666666668
2009.92152,-0.7401740611353712,-0.583855633187773,1.7196570305676857,1.9969944104803492
2009.92426,-0.7224795217391304,-0.5725553913043477,1.7193797391304346,1.9965255652173912
2009.927,-0.706339090909091,-0.5654481385281385,1.7191279653679654,1.9960378354978356
2009.92974,-0.687637974137931,-0.5591563362068965,1.7187230603448276,1.9954630172413794
2009.93248,-0.6691986266094421,-0.5484162660944206,1.7182930042918456,1.9949340343347641
2009.93522,-0.650513547008547,-0.5412123076923077,1.7178267094017095,1.9942647863247864
2009.93796,-0.629790085106383,-0.5315163404255319,1.717529063829787,1.9936597872340425
2009.9407,-0.6099101271186441,-0.5275337711864406,1.7170869491525425,1.9930330084745764
2009.94344,-0.5885802531645569,-0.5206184810126582,1.7169018987341773,1.9925500421940927
2009.94618,-0.5668103781512605,-0.5092443697478991,1.7167688655462183,1.9921067226890756
2009.94892,-0.5462378661087866,-0.4959569874476987,1.7164471129707113,1.9916715481171547
2009.95166,-0.525872625,-0.48774683333333335,1.71600575,1.9911429166666668
2009.9544,-0.5042100829875519,-0.4864802074688797,1.7156123236514522,1.9906846058091288
2009.95714,-0.48560512396694216,-0.5011784710743802,1.715244214876033,1.9903000826446282
2009.95988,-0.4706908230452675,-0.5054881893004115,1.7151427160493826,1.9900538271604937
2009.96262,-0.45354061475409835,-0.5031108196721311,1.7148725,1.9896403278688524
2009.96536,-0.4338921224489796,-0.5043200816326531,1.7147733469387754,1.989351224489796
2009.9681,-0.4141660975609756,-0.5044869105691057,1.7145773577235772,1.988879349593496
2009.97084,-0.4030880566801619,-0.512385020242915,1.7144585829959513,1.9885827935222673
2009.97358,-0.38921068548387094,-0.5067636693548387,1.7143246370967742,1.9882160483870968
2009.97632,-0.37411795180722895,-0.5014002409638554,1.7140041767068273,1.9877629317269077
2009.97906,-0.3550204,-0.4902876,1.71361692,1.98734308
2009.9818,-0.3381053784860558,-0.4855303187250996,1.7132646215139442,1.986850637450199
2009.98454,-0.32104130952380955,-0.481473373015873,1.7128727777777777,1.986252857142857
2009.98728,-0.30288217391304345,-0.47237359683794466,1.7126000395256915,1.985910948616601
2009.99002,-0.2866865354330709,-0.4654828346456693,1.7122454330708663,1.9853840944881889
2009.99276,-0.27074584313725486,-0.46276760784313725,1.7119092941176473,1.9849361568627453
2009.9955,-0.255400859375,-0.4616711328125,1.711596640625,1.9845041015625
2009.99824,-0.2485473151750973,-0.4565208171206226,1.7112552529182878,1.9841083657587548
2010.00372,-0.23043383720930233,-0.457135,1.7109165116279068,1.9836131007751938
2010.00646,-0.21660552123552124,-0.4576478378378378,1.7105597683397684,1.9830644401544402
2010.0092,-0.20523203846153845,-0.471872,1.710308423076923,1.9828132307692308
2010.01468,-0.190004061302682,-0.43876141221374043,1.7100129885057471,1.9831006488549618
2010.01742,-0.1790664503816794,-0.4357198859315589,1.7097045419847328,1.9825783650190112
2010.02016,-0.1663436121673004,-0.43549295454545456,1.709362927756654,1.982035984848485
2010.0229,-0.15003011363636365,-0.43945630188679247,1.709130037878788,1.9816415471698112
2010.02564,-0.1420458867924528,-0.43885969924812035,1.7087780377358492,1.9812062781954887
2010.02838,-0.13581191729323308,-0.44239479400749065,1.7084738345864663,1.9807901498127338
2010.03112,-0.1328254307116105,-0.4462541417910448,1.7083368539325843,1.9805233208955224
2010.03386,-0.11968444029850746,-0.44171293680297397,1.7082357462686568,1.980108884758364
2010.0366,-0.10737576208178438,-0.43930896296296296,1.7084081784386618,1.9799955925925925
2010.03934,-0.09734574074074073,-0.44126948339483396,1.7083075555555556,1.9798674907749076
2010.04208,-0.08934771217712177,-0.4371051838235294,1.7080944280442805,1.9794483455882352
2010.04482,-0.08050275735294118,-0.4307698534798535,1.707853419117647,1.9790827106227107
2010.04756,-0.07487498168498169,-0.4299770072992701,1.7076386080586081,1.9786076642335768
2010.0503,-0.06554233576642336,-0.42193890909090914,1.7076055474452554,1.9784787636363634
2010.05304,-0.052712545454545456,-0.41423793478260873,1.7075824363636365,1.9783507971014491
2010.05578,-0.04560474637681159,-0.41120978339350184,1.7073564492753623,1.9780211552346572
2010.05852,-0.04090429602888086,-0.402771654676259,1.7071031768953067,1.9776367625899278
2010.06126,-0.03808877697841727,-0.39174519713261646,1.7069477338129497,1.977323440860215
2010.064,-0.03023835125448028,-0.3815438214285714,1.706630788530466,1.9768081071428572
2010.06674,-0.02053542857142857,-0.37326192170818506,1.7063685357142857,1.9763944483985767
2010.06948,-0.011206263345195727,-0.36959539007092196,1.7063075800711742,1.9761489361702127
2010.07222,-0.0013213120567375867,-0.36011720848056533,1.7062375886524823,1.975950070671378
2010.07496,0.0065834628975265045,-0.3540929929577465,1.706116254416961,1.9756780281690143
2010.0777,0.01731070422535211,-0.3487916842105263,1.7060192605633804,1.975400456140351
2010.08044,0.026037684210526317,-0.340856013986014,1.705763754385965,1.9750470629370631
2010.08318,0.03259520979020979,-0.33559634146341466,1.7082766433566434,1.9776663414634146
2010.08592,0.04367073170731707,-0.32590375,1.7080196864111497,1.9773479861111112
2010.08866,0.04868805555555556,-0.3245168858131488,1.7079127777777776,1.9773616262975777
2010.0914,0.0532567474048443,-0.3188498275862069,1.7075803806228373,1.9769661724137932
2010.09414,0.05920562068965518,-0.3157714776632302,1.7075079310344827,1.9766680756013746
2010.09688,0.06495340206185567,-0.3120086301369863,1.707344295532646,1.9763103424657535
2010.09962,0.0719816095890411,-0.30850003412969285,1.7070629452054795,1.9758755631399318
2010.10236,0.07747163822525598,-0.3042261224489796,1.7067607508532423,1.9754797619047622
2010.1051,0.08294608843537415,-0.29798783050847455,1.7066512244897958,1.9753307457627118
2010.10784,0.08931016949152543,-0.29845037162162164,1.7064565084745762,1.9750861148648649
2010.11058,0.09658861486486488,-0.28942824915824916,1.7064659797297297,1.9750570707070707
2010.11332,0.10604471380471381,-0.2843861409395973,1.706205824915825,1.974655100671141
2010.11606,0.11514355704697987,-0.2790598327759197,1.7060414429530202,1.9743762541806018
2010.1188,0.12148050167224081,-0.27755559999999996,1.7058379933110368,1.9740710000000001
2010.12154,0.12216643333333332,-0.27957292358803987,1.7057026,1.973827607973422
2010.12428,0.12319465116279069,-0.28064629139072844,1.705412956810631,1.9733613907284768
2010.12702,0.1280153311258278,-0.28350458745874585,1.7054168543046357,1.9732407590759073
2010.12976,0.13616521452145214,-0.2789722697368421,1.7054647524752475,1.9733090131578948
2010.1325,0.1435686513157895,-0.2695646557377049,1.7052489802631576,1.9730782295081968
2010.13524,0.1496395737704918,-0.2583262745098039,1.7050783934426228,1.9729008823529413
2010.13798,0.14920800653594773,-0.24942485342019544,1.7047999019607842,1.9724935830618893
2010.14072,0.15450358306188924,-0.24525000000000002,1.7045319218241042,1.972140487012987
2010.14346,0.1589965909090909,-0.23371048543689318,1.704430292207792,1.9719473139158576
2010.1462,0.16292456310679612,-0.22536145161290322,1.7042731715210355,1.9717178387096774
2010.14894,0.1659768064516129,-0.2242525080385852,1.7040740322580648,1.9714898392282958
2010.15168,0.17061192926045016,-0.22125955128205127,1.7038718971061095,1.9711682692307693
2010.15442,0.1767346153846154,-0.21650287539936103,1.7036667628205129,1.9707743130990414
2010.15716,0.17887051118210864,-0.21546111464968154,1.7035908306709264,1.9704739171974521
2010.1599,0.18354812101910828,-0.2153592380952381,1.7033751592356687,1.9701653333333333
2010.16264,0.18762269841269844,-0.21257120253164558,1.7031650793650792,1.9698922151898735
2010.16538,0.19133411392405064,-0.2119804731861199,1.7029732278481013,1.969614164037855
2010.16812,0.19225675078864354,-0.21078015723270443,1.7027699684542588,1.9693544968553458
2010.17086,0.18876286163522013,-0.2110763009404389,1.7025805660377358,1.9690400313479626
2010.1736,0.1866055485893417,-0.204017375,1.7023714420062697,1.9687804687500001
2010.17634,0.1857598125,-0.19544473520249223,1.70219696875,1.9685621183800623
2010.17908,0.18296099688473522,-0.19365195652173914,1.7019820249221185,1.9683023602484473
2010.18182,0.17814975155279503,-0.19383922600619194,1.701830590062112,1.9680835603715168
2010.18456,0.17736328173374616,-0.18481845679012346,1.7016015789473684,1.9678268827160494
2010.1873,0.17842546296296297,-0.17880695384615383,1.701444012345679,1.9675750461538464
2010.19004,0.17827920000000003,-0.17092733128834356,1.7012258153846151,1.9673410122699386
2010.19278,0.17638042944785276,-0.17121816513761468,1.7010457975460123,1.9671537308868503
2010.19552,0.175057125382263,-0.1717876219512195,1.7008628134556576,1.9669224085365853
2010.19826,0.1776119207317073,-0.17191586626139818,1.7007704268292683,1.9667761702127657
2010.201,0.1754533130699088,-0.16670381818181818,1.7005610030395135,1.9664735757575758
2010.20374,0.17313621212121214,-0.16764401812688823,1.7004700909090908,1.9663839577039277
2010.20648,0.17337205438066466,-0.1587772590361446,1.7003757099697885,1.9663427108433735
2010.20922,0.17082750000000002,-0.15475945945945946,1.7001211144578312,1.9661490990990993
2010.21196,0.16374384384384386,-0.15062793413173653,1.6998199699699699,1.9658044610778445
2010.2147,0.1636438622754491,-0.1512463582089552,1.6996125149700598,1.96552823880597
2010.21744,0.15549483582089552,-0.15595925595238094,1.6993863880597015,1.9652820238095237
2010.22018,0.1513776488095238,-0.15431765578635015,1.6991377678571429,1.9650592878338278
2010.22292,0.1532118694362018,-0.15579810650887574,1.6988985459940653,1.964731331360947
2010.22566,0.15275529585798817,-0.1478774041297935,1.6986765384615383,1.9645021533923304
2010.2284,0.1507833923303835,-0.1465679411764706,1.6985700000000001,1.964336617647059
2010.23114,0.14728302941176472,-0.1442484750733138,1.698420911764706,1.9641378885630498
2010.23388,0.14528234604105572,-0.1422933625730994,1.6983079178885632,1.9639279239766083
2010.23936,0.1392751461988304,-0.13771682215743442,1.6982189766081872,1.963774781341108
2010.2421,0.1368930029154519,-0.13759994186046512,1.6981967055393585,1.9639334302325582
2010.24484,0.13283398255813952,-0.1375300579710145,1.6980543023255814,1.9637780869565216
2010.24758,0.12870394202898552,-0.13262812138728325,1.697924347826087,1.9635991618497108
2010.25032,0.12342546242774567,-0.1280915273775216,1.6979301156069366,1.9635707780979827
2010.25306,0.12247247838616715,-0.11955505747126437,1.6978281844380405,1.9634208620689655
2010.2558,0.12176166666666667,-0.11419352435530086,1.6976271264367815,1.9632111174785098
2010.25854,0.11802169054441261,-0.11284537142857143,1.697549570200573,1.963132657142857
2010.26128,0.11106131428571428,-0.1113994301994302,1.6974419714285713,1.9630486039886041
2010.26402,0.10708472934472935,-0.10644173295454545,1.6973387749287747,1.9629921022727272
2010.26676,0.10217159090909092,-0.0989029745042493,1.697209630681818,1.9630079320113314
2010.2695,0.10040920679886686,-0.09334175141242938,1.697202181303116,1.9631702542372882
2010.27224,0.09708440677966101,-0.08399487323943662,1.6971118361581923,1.963269014084507
2010.27498,0.10032304225352112,-0.07237179775280898,1.6969581126760562,1.9630935674157304
2010.27772,0.09757550561797752,-0.06349442577030813,1.6968652247191012,1.9629606162464985
2010.28046,0.09547470588235295,-0.057839748603351955,1.6966233613445376,1.9628343296089386
2010.2832,0.09226938547486034,-0.05083487465181059,1.696476005586592,1.9628562395543176
2010.28594,0.0870941504178273,-0.04761883333333334,1.696348077994429,1.9627897777777779
2010.28868,0.08367094444444445,-0.03803271468144045,1.6962023055555555,1.9625506094182825
2010.29142,0.07927886426592799,-0.03489450276243094,1.6961940997229916,1.9625321546961327
2010.29416,0.0776275138121547,-0.02867435261707989,1.6961122375690607,1.962507961432507
2010.2969,0.07883487603305786,-0.024419615384615387,1.695949944903581,1.9624257142857142
2010.29964,0.07873994505494507,-0.010859342465753426,1.6959058516483514,1.9624744931506848
2010.30238,0.07686575342465754,-0.0006408469945355217,1.6958546849315068,1.9625259016393444
2010.30512,0.06962855191256831,0.0011351226158038124,1.695956912568306,1.962626076294278
2010.30786,0.06885961852861036,0.012512934782608695,1.6959604359673024,1.9625847010869566
2010.3106,0.06737853260869565,0.016839972899728998,1.6958551630434784,1.962480406504065
2010.31334,0.06214224932249323,0.0220437027027027,1.695681761517615,1.9622822432432434
2010.31608,0.05936508108108108,0.0330011320754717,1.6956174864864864,1.9621393800539084
2010.31882,0.060401752021563344,0.030711559139784947,1.6957405660377358,1.9623587903225808
2010.32156,0.05398497311827958,0.03824131367292225,1.6957804838709676,1.9622732707774797
2010.3243,0.050751072386058985,0.045896657754010695,1.6957701072386058,1.962137245989305
2010.32704,0.04953016042780749,0.05507389333333333,1.695824010695187,1.9620471199999998
2010.32978,0.051114106666666666,0.05851090425531915,1.6956748000000001,1.9618448138297873
2010.33252,0.05067731382978724,0.06948941644562334,1.6956080053191491,1.961691326259947
2010.33526,0.04933143236074271,0.07166656084656084,1.6957326790450926,1.9617431746031746
2010.338,0.04707571428571429,0.07367662269129288,1.6957472751322753,1.961646649076517
2010.34074,0.04587511873350924,0.0821025,1.6956526649076518,1.9615283421052632
2010.34348,0.042821342105263165,0.08872829396325459,1.6955479999999998,1.9613689763779527
2010.34622,0.04207068241469817,0.0984634554973822,1.695668031496063,1.9614349738219894
2010.34896,0.04221502617801047,0.10961783289817231,1.6955499214659686,1.9613402610966058
2010.3517,0.04193657963446475,0.11104489583333332,1.6954498433420366,1.9611467708333334
2010.35444,0.041661145833333336,0.12203628571428571,1.69551359375,1.961047792207792
2010.35718,0.0437201038961039,0.128025,1.6954106493506493,1.960927383419689
2010.35992,0.045404093264248706,0.1347812661498708,1.695432694300518,1.9609280103359172
2010.36266,0.04454550387596899,0.141750206185567,1.695458062015504,1.9609040721649484
2010.3654,0.04423871134020619,0.15145717223650385,1.6955039432989691,1.9608993059125965
2010.36814,0.042865089974293065,0.15470674358974357,1.6955152956298198,1.960916282051282
2010.37088,0.04062766666666667,0.15534383631713555,1.695461564102564,1.9607435805626598
2010.37362,0.03781959079283888,0.1617634948979592,1.6954422506393863,1.9607041326530612
2010.37636,0.03773599489795919,0.17001821882951654,1.6955183418367348,1.9607672773536897
2010.3791,0.03537137404580153,0.17308390862944162,1.6957705852417304,1.9611257614213198
2010.38184,0.0375806345177665,0.16943288607594936,1.6959030203045686,1.9614931392405064
2010.38458,0.03482779746835443,0.17621452020202022,1.6958861518987343,1.9615243939393938
2010.38732,0.03422618686868687,0.17793939546599497,1.695886212121212,1.9615475062972294
2010.39006,0.03312476070528968,0.1808390703517588,1.6958560201511335,1.961570502512563
2010.3928,0.03540675879396985,0.18404010025062656,1.6960305025125628,1.9617526065162907
2010.39554,0.03553794486215539,0.186652675,1.6960703258145364,1.9617988
2010.39828,0.034489425000000004,0.18988072319201993,1.6960099,1.9617127182044887
2010.40102,0.03127753117206983,0.1922594527363184,1.6960562344139651,1.9617192537313433
2010.40376,0.027935796019900497,0.1909018858560794,1.6960923880597016,1.9616810918114143
2010.4065,0.022887022332506207,0.19240507425742576,1.6961714143920597,1.961690297029703
2010.40924,0.022151287128712872,0.19494533333333333,1.6962566584158416,1.9617674320987655
2010.41198,0.022978197530864202,0.20282536945812807,1.6962426419753085,1.9617946305418719
2010.41472,0.019003965517241383,0.2094947665847666,1.696261551724138,1.9618581326781328
2010.41746,0.01432783783783784,0.21199183823529413,1.6962541277641279,1.96186681372549
2010.4202,0.014258921568627453,0.20859657701711493,1.6963579411764707,1.9619997310513448
2010.42294,0.011624034229828852,0.2088033170731707,1.6963242298288508,1.9620777560975609
2010.42568,0.012281000000000002,0.2119993917274939,1.6962353658536586,1.9620394647201946
2010.42842,0.012320097323600974,0.2212042718446602,1.6962118491484184,1.9620836165048545
2010.43116,0.012078422330097089,0.22839854721549635,1.6962467475728156,1.9621147215496368
2010.4339,0.012795254237288138,0.2431402657004831,1.6962427118644068,1.9621789371980676
2010.43664,0.011490241545893723,0.24516763855421686,1.6963095893719806,1.962347469879518
2010.43938,0.004804481927710845,0.23810120192307693,1.6963472048192771,1.9623700961538462
2010.44212,0.006288822115384617,0.24429414868105515,1.6962916346153847,1.962359592326139
2010.44486,0.00269980815347722,0.24762258373205742,1.6963451318944842,1.962420071770335
2010.4476,0.0020857894736842123,0.25251515513126493,1.6964654066985645,1.9626142004773268
2010.45034,-0.004782100238663483,0.2578416428571429,1.6965468973747018,1.9628376666666667
2010.45308,-0.0035996904761904746,0.2589885035629454,1.696561261904762,1.9630273634204276
2010.45582,-0.0027996674584323026,0.2615044075829384,1.696619952494062,1.9631132938388625
2010.45856,-0.008938554502369666,0.26455931442080377,1.6967795260663507,1.9633365011820332
2010.4613,-0.00685836879432624,0.27259985849056606,1.6969667375886524,1.9635761320754717
2010.46404,-0.005485212264150941,0.2738849882352941,1.6970681132075471,1.9637099999999998
2010.46678,-0.005983529411764704,0.27746460093896713,1.6970277176470587,1.9637537323943661
2010.46952,-0.005764953051643191,0.27947250585480093,1.69711279342723,1.9638691803278687
2010.47226,-0.007965690866510538,0.2840972663551402,1.6971881030444964,1.9639049299065419
2010.475,-0.010391238317757009,0.28530892773892774,1.6972568224299065,1.964051585081585
2010.47774,-0.010750955710955709,0.2966033720930233,1.697406083916084,1.9642739069767443
2010.48048,-0.013066255813953487,0.2938941995359629,1.6975577674418605,1.9643969141531323
2010.48322,-0.009975475638051042,0.29693375000000005,1.6976344547563804,1.9645218055555556
2010.48596,-0.013222222222222222,0.29635884526558887,1.697618125,1.9646021016166284
2010.4887,-0.01965166281755196,0.30198714285714284,1.6987851732101618,1.966267995391705
2010.49144,-0.025096682027649767,0.3010494022988506,1.6988554147465438,1.966431540229885
2010.49418,-0.024485885057471263,0.30051509174311924,1.6988578620689654,1.9665166055045873
2010.49692,-0.02734261467889908,0.3049993135011441,1.698743990825688,1.9665189016018305
2010.49966,-0.02782153318077803,0.30746769406392693,1.698658123569794,1.966482511415525
2010.5024,-0.027580502283105022,0.3124898177676538,1.6986213926940639,1.9664438724373576
2010.50514,-0.02970874715261959,0.3138073409090909,1.6987185649202732,1.9665883181818182
2010.50788,-0.034146863636363635,0.3162663718820862,1.6987425227272728,1.966626439909297
2010.51062,-0.03548235827664399,0.320117036199095,1.69874820861678,1.9666476244343891
2010.51336,-0.03848739819004525,0.319808171557562,1.6987176470588237,1.9666472009029345
2010.5161,-0.04203557562076749,0.3225142792792793,1.6986420316027089,1.9666420045045043
2010.51884,-0.03992725225225225,0.32710716853932587,1.6985908108108108,1.9667010786516852
2010.52158,-0.04107923595505618,0.3248432062780269,1.6986057752808987,1.966750403587444
2010.52432,-0.04040683856502242,0.32469232662192393,1.6986625560538118,1.9668539821029083
2010.5298,-0.035369732142857144,0.3258458258928571,1.6986711160714285,1.9667727455357142
2010.53254,-0.03930436525612472,0.32392298440979955,1.6985550111358576,1.9666824276169264
2010.53528,-0.03699842222222222,0.32896653333333337,1.6985016888888889,1.9666654666666668
2010.53802,-0.03222292682926829,0.32577048780487805,1.6985432815964523,1.9667542350332594
2010.54076,-0.030146902654867254,0.32589617256637166,1.6984843362831858,1.96676296460177
2010.5435,-0.030095562913907282,0.327434701986755,1.6987290286975718,1.9670872185430464
2010.54624,-0.02678257709251101,0.3248522907488987,1.703642731277533,1.9728913656387665
2010.54898,-0.02352527472527472,0.32782329670329674,1.7035436263736263,1.9728632747252748
2010.55172,-0.022886666666666663,0.3328010745614035,1.7035971271929824,1.9729467763157895
2010.55446,-0.01753448577680525,0.33429980306345736,1.7035628008752735,1.973002100656455
2010.5572,-0.014493056768558952,0.3297593013100437,1.7035460917030567,1.9730363755458515
2010.55994,-0.022569803921568626,0.3263550326797386,1.7077707843137255,1.977790762527233
2010.82298,-0.018106304347826084,0.32561902173913043,1.7126877608695652,1.983235804347826
2010.82572,-0.018075379609544466,0.3320374837310195,1.7124545553145336,1.9829903904555313
2010.82846,-0.015374935064935062,0.33732647186147185,1.7122281385281386,1.9827987445887445
2010.8312,-0.013998488120950323,0.3372319870410367,1.7121295032397408,1.982674254859611
2010.83394,-0.007665948275862066,0.34291599137931034,1.7119910344827587,1.9825799784482758
2010.83668,-0.0055641075268817175,0.3474702365591398,1.7119191612903226,1.982561247311828
2010.83942,-0.002768755364806864,0.3511680901287554,1.7116528755364806,1.982308540772532
2010.84216,-5.952890792287902e-06,0.35379021413276235,1.7113963169164883,1.9820387794432548
2010.8449,-0.0013887606837606804,0.34552938034188035,1.7111978632478633,1.9818244871794872
2010.84764,-0.0006454371002132162,0.3469456289978678,1.7109917270788912,1.9816088486140724
2010.85038,0.0007785106382978758,0.34606017021276597,1.7107949787234042,1.9814594680851063
2010.85312,-7.876857749468878e-05,0.34435687898089173,1.7105254140127388,1.981200552016985
2010.85586,0.0018883050847457662,0.3471036652542373,1.7102258898305085,1.9809449788135594
2010.8586,0.0018267441860465152,0.349923467230444,1.7099276321353065,1.980688245243129
2010.86134,0.0037873417721519024,0.35085799578059074,1.7098783544303797,1.9806314135021097
2010.86408,0.0061468000000000035,0.3549654947368421,1.7095849052631578,1.9803474315789473
2010.86682,0.006500672268907566,0.3544576470588235,1.70958981092437,1.9805006722689074
2010.86956,0.007458301886792457,0.3523874423480084,1.7093765199161426,1.980309182389937
2010.8723,0.012467154811715484,0.3527464853556485,1.7091920292887028,1.9801051882845189
2010.87504,0.022065490605427982,0.35237549060542794,1.709200521920668,1.9800192275574113
2010.87778,0.02380172916666667,0.35149566666666665,1.7089838125,1.9798211041666667
2010.88052,0.02640471933471934,0.34824326403326405,1.7087291683991683,1.9795489604989605
2010.88326,0.02805373443983403,0.3496994398340249,1.7085475518672197,1.979403174273859
2010.886,0.03168428571428572,0.3514208695652174,1.7082257971014492,1.9790694409937888
2010.88874,0.03255064049586777,0.3555443388429752,1.7080763016528926,1.9788989876033058
2010.89148,0.03183070103092784,0.35671272164948453,1.7078889072164947,1.9787052164948453
2010.89422,0.03262893004115227,0.359005987654321,1.7075402880658437,1.9783488271604939
2010.89696,0.03404683778234087,0.3636800205338809,1.7071985831622176,1.9780352156057495
2010.8997,0.03638186475409837,0.36643536885245903,1.706877418032787,1.9777228893442624
2010.90244,0.034926932515337426,0.36590548057259714,1.7065766666666666,1.9774183435582822
2010.90518,0.034158326530612244,0.3674125102040816,1.7062553673469387,1.9771128775510203
2010.90792,0.034224582484725055,0.36786050916496943,1.7059516700610997,1.9767957230142568
2010.91066,0.038640955284552844,0.37346325203252034,1.7056844715447155,1.9765444105691057
2010.9134,0.03860002028397566,0.3713577079107505,1.7053642190669371,1.9762511561866127
2010.91614,0.036177429149797574,0.3705643927125506,1.7050992914979757,1.9760319838056681
2010.91888,0.036017939393939394,0.3639783838383838,1.70479501010101,1.9757345454545454
2010.92162,0.03453324596774194,0.3624613306451613,1.704483870967742,1.9754959475806453
2010.92436,0.03313579476861168,0.360994708249497,1.7041739839034205,1.9751986519114688
2010.9271,0.03410817269076306,0.36059829317269076,1.7038653413654619,1.974870642570281
2010.92984,0.03188104208416834,0.3659890781563126,1.7036007214428859,1.9745800400801603
2010.93258,0.031513580000000006,0.36952236,1.70330248,1.97431178
2010.93532,0.020834990019960083,0.3754407984031936,1.7032025149700598,1.974222135728543
2010.93806,0.01908217131474104,0.37248113545816736,1.702943466135458,1.973938764940239
2010.9408,0.01879236580516899,0.3744358846918489,1.702733180914513,1.97375337972167
2010.94354,0.018980654761904765,0.3788809523809524,1.702510496031746,1.9735119841269841
2010.94628,0.01653926732673268,0.38012033663366335,1.7023098415841584,1.9733407524752473
2010.94902,0.013624090909090914,0.37534697628458497,1.702138972332016,1.9731869367588932
2010.95176,0.009381932938856022,0.37544457593688363,1.7019451084812622,1.9730775936883629
2010.9545,0.009706437007874021,0.3763075984251969,1.7016574409448817,1.9727914960629922
2010.95724,0.010307445972495093,0.38047770137524556,1.7013656581532417,1.972514833005894
2010.95998,0.011644098039215692,0.3836530784313726,1.7011875294117647,1.9723534705882353
2010.96272,0.011579001956947166,0.3868082387475538,1.7009265362035224,1.9720828962818004
2010.96546,0.012186796875000004,0.3856835546875,1.7006587499999999,1.97181958984375
2010.9682,0.010305633528265112,0.3837562962962963,1.7004050097465888,1.9715882651072123
2010.97094,0.008640719844357981,0.3745739494163424,1.7001730155642023,1.9713681517509727
2010.97368,0.008031553398058257,0.3598719805825243,1.6999548737864079,1.9711900194174758
2010.97642,0.006109612403100779,0.3484092248062015,1.699703972868217,1.970987945736434
2010.9819,0.021353918918918923,0.356441586073501,1.699975250965251,1.9708706382978722
2010.98464,0.02005739884393064,0.35303565637065637,1.6997309055876686,1.970647471042471
2010.98738,0.021437769230769236,0.3525600578034682,1.6995182884615385,1.9704374181117534
2010.99012,0.018352917466410754,0.35208826923076925,1.6993909980806141,1.9703096153846151
2010.99286,0.015146532567049812,0.35646287907869484,1.6993741187739464,1.9702880038387718
2010.9956,0.016477036328871895,0.3593552490421456,1.699232275334608,1.9701427203065136
2010.99834,0.01700167938931298,0.36246414913957936,1.698984026717557,1.9698886615678777
2011.00382,0.017329600000000004,0.36577312977099236,1.6987646857142857,1.9696800381679387
2011.00656,0.016658897338403044,0.3687533714285714,1.698530950570342,1.969454057142857
2011.0093,0.015892808349146113,0.37172423954372624,1.69843229601518,1.969299391634981
2011.01204,0.014734507575757581,0.3704979127134725,1.698220303030303,1.9690870398481972
2011.01478,0.012481115311909267,0.3706550757575758,1.6980141587901703,1.9688915340909092
2011.01752,0.01455016981132076,0.370785236294896,1.6978415094339623,1.9687268052930058
2011.02026,0.014391807909604523,0.3707262830188679,1.697651920903955,1.9685047547169812
2011.023,0.014712218045112786,0.3740386064030132,1.6974179135338345,1.9682875141242937
2011.02574,0.014110938086303943,0.376284022556391,1.697282401500938,1.9681387781954887
2011.02848,0.017051966292134835,0.3825379362101313,1.6971299063670413,1.9679826454033769
2011.03122,0.019784579439252343,0.3826692322097378,1.6968607663551403,1.9677120786516855
2011.03396,0.020677500000000005,0.3748655140186916,1.6966623320895522,1.9675335700934582
2011.03944,0.011418345724907068,0.37039513059701495,1.6963892007434944,1.9673498134328355
2011.04218,0.01388053803339518,0.37209042830540034,1.696224935064935,1.9672830912476722
2011.04492,0.017230629629629634,0.3726140334572491,1.6959945555555556,1.967112286245353
2011.04766,0.02236201478743069,0.3706441001855288,1.695802033271719,1.966979443413729
2011.0504,0.022844188191881925,0.3735611481481481,1.695615147601476,1.9668882777777779
2011.05314,0.02343762430939227,0.3748297597042514,1.6953748802946593,1.966672181146026
2011.05588,0.02238988970588236,0.37362326568265686,1.6951845588235293,1.9665350184501844
2011.05862,0.024473302752293584,0.3716717311233886,1.6949312660550457,1.9663496132596685
2011.06136,0.025826355311355315,0.36968698529411764,1.6946862454212455,1.9661999264705883
2011.0641,0.02793201096892139,0.3697444220183486,1.6944543144424131,1.9660216513761468
2011.06684,0.030452208029197084,0.3689060989010989,1.6942159306569344,1.965869230769231
2011.06958,0.030109653916211294,0.370412760511883,1.6941874316939889,1.966009689213894
2011.07232,0.03254540000000001,0.3695143430656935,1.693979509090909,1.9658443248175184
2011.07506,0.0354666606170599,0.3676757194899818,1.6937771869328493,1.9656988524590164
2011.0778,0.03710628623188406,0.36917110909090906,1.6936046014492754,1.9655500545454545
2011.08054,0.036682820976491864,0.3741039382940109,1.6933940325497288,1.9653806533575315
2011.08328,0.03983918772563177,0.37841387681159416,1.69317940433213,1.9651658333333333
2011.08602,0.04078848648648649,0.3826757323688969,1.6930016216216217,1.9649671066907775
2011.08876,0.041267428057553956,0.3809348916967509,1.6928076798561151,1.9647901263537904
2011.0915,0.042276768402154406,0.3785445225225225,1.6925904667863554,1.9646328648648648
2011.09424,0.040736559139784946,0.3822742985611511,1.6924146953405017,1.9645466366906474
2011.09698,0.036195420393559934,0.3842600359066427,1.6922156708407872,1.964388473967684
2011.09972,0.038267607142857145,0.3813032258064516,1.692062625,1.96424605734767
2011.1052,0.04332964412811389,0.38214779964221823,1.6917890391459074,1.9640719499105548
2011.10794,0.0413553108348135,0.38079655357142855,1.6916043872113677,1.9638908928571428
2011.11068,0.04072021276595745,0.381170320855615,1.6914393262411347,1.9637406951871657
2011.11342,0.03968274336283186,0.3820961743772242,1.6912913805309733,1.963615516014235
2011.11616,0.040725583038869265,0.37965822380106573,1.6911321731448763,1.963500195381883
2011.1189,0.0413721164021164,0.37614031914893614,1.6911029453262787,1.9634791666666669
2011.12164,0.040085721830985924,0.36948801769911505,1.6909422711267605,1.9633982300884956
2011.12438,0.04055144112478032,0.36710839222614844,1.6908618980667838,1.963396148409894
2011.12712,0.038123228070175444,0.36648148148148146,1.6907537192982456,1.963394074074074
2011.12986,0.035504535901926454,0.3628867429577465,1.6905968476357267,1.9632652464788731
2011.1326,0.036958618881118885,0.36082841827768014,1.6903985314685315,1.963120123022847
2011.13534,0.0392302792321117,0.36086859649122804,1.690196247818499,1.9629402105263156
2011.13808,0.03851038327526133,0.3597493169877408,1.6899946689895469,1.962790595446585
2011.14082,0.04001104347826087,0.36089624125874126,1.6898077217391305,1.9626803846153846
2011.14356,0.039755434027777786,0.362477260034904,1.6896283680555557,1.9625705584642235
2011.1463,0.042570693240901215,0.3620336411149826,1.689449636048527,1.9624205226480838
2011.14904,0.045138131487889276,0.3640455304347826,1.6892253460207614,1.9622691652173911
2011.15178,0.0445712780656304,0.3632501388888889,1.688964956822107,1.9620962673611109
2011.15452,0.0435053275862069,0.3589272270363951,1.6887307758620689,1.9619276429809358
2011.15726,0.04698931153184166,0.3565224394463668,1.6885777796901893,1.9618328892733563
2011.16,0.0489912027491409,0.35453706390328155,1.6884001030927835,1.9617530915371328
2011.16274,0.05025445969125215,0.3533706379310345,1.6882184562607203,1.961622448275862
2011.16548,0.05099349315068493,0.3478038037865749,1.6880374315068494,1.9615050086058519
2011.16822,0.05160075213675214,0.34210323024054984,1.687825094017094,1.961386151202749
2011.17096,0.054489863481228674,0.33863324185248717,1.6876408020477816,1.9612495540308748
2011.1737,0.05301374787052811,0.3336854623287671,1.6874412265758092,1.961118852739726
2011.17644,0.05313853741496599,0.33141789743589745,1.6872196258503402,1.9609795555555554
2011.17918,0.052494465195246184,0.32985435153583614,1.686994261460102,1.9608479522184301
2011.18192,0.05260915254237288,0.3235721635434412,1.686780966101695,1.9607366439523
2011.18466,0.054612436548223356,0.31975017006802725,1.6865909644670052,1.960643724489796
2011.1874,0.05429371621621622,0.3129564855687606,1.686426402027027,1.9605816808149406
2011.19014,0.053890725126475546,0.30710622033898305,1.6862511467116357,1.960530627118644
2011.19288,0.05377255892255893,0.3069407783417936,1.6860472727272726,1.9604689847715735
2011.19562,0.04994452100840337,0.30184349662162163,1.6858508067226892,1.960418293918919
2011.19836,0.04831620805369128,0.2981260202360877,1.6857423154362416,1.9604141989881954
2011.2011,0.04647959798994975,0.2940524242424242,1.6855447906197654,1.9603316835016835
2011.20384,0.04449257525083612,0.2894597983193277,1.685481806020067,1.9604309747899158
2011.20658,0.0464727712854758,0.2841880033557047,1.6853588814691152,1.9604019966442954
2011.20932,0.047142,0.28251515912897823,1.6851674333333333,1.9603482914572863
2011.21206,0.04744359400998336,0.2823897491638796,1.684972179700499,1.9603053846153846
2011.2148,0.048464086378737545,0.28012290484140234,1.68476426910299,1.960186611018364
2011.21754,0.04999094527363185,0.280372,1.6846898175787728,1.9602888499999997
2011.22028,0.051180612582781455,0.2767484359400998,1.684589105960265,1.9603008818635608
2011.22302,0.05337854545454546,0.2793778239202658,1.6843541983471073,1.9601844684385383
2011.22576,0.054457656765676564,0.28164530679933664,1.6841178547854785,1.9600666832504146
2011.2285,0.054006655683690286,0.28125798013245035,1.6838998846787478,1.9599720695364238
2011.23124,0.05358409539473684,0.282043867768595,1.6837111513157894,1.959870776859504
2011.23398,0.05378587848932677,0.28005163366336633,1.6835055172413793,1.9597890429042903
2011.23672,0.05384665573770492,0.2804300988467875,1.6833443114754099,1.9597616474464579
2011.23946,0.05293404255319149,0.28047348684210527,1.6831399509001637,1.9597813815789475
2011.2422,0.052427009803921565,0.28216210180623974,1.6829493300653593,1.959733234811166
2011.24494,0.05065308319738989,0.28046162295081967,1.6827811092985319,1.959673081967213
2011.24768,0.05104812703583062,0.2794579705400982,1.682926368078176,1.9600152209492634
2011.25042,0.050789154471544716,0.2807087254901961,1.6827760813008132,1.9599565359477125
2011.25316,0.048309220779220785,0.28492443719412724,1.6826457792207792,1.9598980424143557
2011.2559,0.04696277147487845,0.29369325732899026,1.6824445380875201,1.959796628664495
2011.25864,0.04194978964401295,0.29422222764227646,1.6823583818770227,1.9597850731707318
2011.26138,0.03765798061389338,0.294554724025974,1.6822336995153475,1.959734025974026
2011.26412,0.035020967741935485,0.2962362560777958,1.6820706774193548,1.9596505348460291
2011.26686,0.0329582769726248,0.29792210355987053,1.6819232206119163,1.9595912944983818
2011.2696,0.029270996784565923,0.300917576736672,1.6817955466237942,1.9595322455573505
2011.27234,0.022581701444622793,0.30436470967741935,1.6816682825040128,1.959446064516129
2011.27508,0.01370294871794872,0.3028217391304348,1.6816504807692307,1.9594829307568438
2011.27782,0.009637232000000003,0.30507799035369776,1.68160072,1.9594515916398714
2011.28056,0.007481277955271568,0.30630455858747996,1.681442412140575,1.9593438523274478
2011.2833,0.007969186602870815,0.31032852564102564,1.6813016267942584,1.959261923076923
2011.28604,0.009256162420382167,0.317049392,1.6817200955414013,1.959790208
2011.28878,0.009758410174880765,0.32477186900958466,1.681583561208267,1.9597365814696486
2011.29152,0.006008857142857145,0.32929909090909093,1.6814453492063495,1.9596628548644337
2011.297,0.004622662440570525,0.330498296178344,1.6812864183835183,1.959562388535032
2011.29974,0.0028633069620253183,0.3345442925278219,1.681140664556962,1.9594757074721778
2011.30248,0.0032823064770932087,0.3396108253968254,1.6810501737756713,1.9595170476190478
2011.30522,-0.0007615457413249194,0.3465599207606973,1.6809473343848582,1.959440792393027
2011.30796,-0.0023133228346456677,0.349350996835443,1.6807859842519683,1.959341313291139
2011.3107,-0.014141084905660377,0.33604165876777253,1.6805475157232705,1.9591133333333333
2011.31344,-0.024507221350078493,0.32531220820189277,1.68033284144427,1.9589261671924292
2011.31618,-0.036517366771159875,0.3180969133858268,1.6801104702194358,1.9587745984251967
2011.31892,-0.04742672926447574,0.30824869496855345,1.6798679186228482,1.958576886792453
2011.32166,-0.06003421875,0.29975326530612245,1.6796782499999998,1.9584280062794348
2011.3244,-0.0711321840873635,0.2877108463949843,1.679447535101404,1.958246394984326
2011.32714,-0.08137566978193146,0.2770504538341158,1.6792258566978195,1.958048779342723
2011.32988,-0.09125390357698289,0.26843434374999997,1.6790256143079316,1.95786171875
2011.33262,-0.10428872670807454,0.2569621684867395,1.6788135714285717,1.957703322932917
2011.33536,-0.11719570542635659,0.2480320093457944,1.6786766511627906,1.9575619158878506
2011.3381,-0.12869061919504643,0.2348621772939347,1.678527770897833,1.9574472939346812
2011.34084,-0.1392591344667697,0.22170844720496893,1.6783752241112828,1.9573577018633541
2011.34358,-0.15130987654320988,0.21109012403100777,1.6782128549382715,1.9572371937984494
2011.34632,-0.16094691833590138,0.20068582043343655,1.6780838828967644,1.9571236068111455
2011.34906,-0.1709675846153846,0.19333690880989182,1.6779347692307693,1.9570136476043278
2011.3518,-0.1823547004608295,0.18461875,1.6778230107526881,1.9569350771604939
2011.35454,-0.19069556748466257,0.1748026964560863,1.6776583895705524,1.9567767950693373
2011.35728,-0.2008816539050536,0.16243535384615385,1.6774779173047474,1.9566189999999999
2011.36002,-0.21094579510703365,0.15308608294930875,1.6773592048929662,1.956517004608295
2011.36276,-0.22028853435114507,0.1467041717791411,1.6771899236641223,1.9563795858895707
2011.3655,-0.2299269054878049,0.1394766156202144,1.6770557469512195,1.9562912404287904
2011.36824,-0.24036794520547944,0.12768097859327218,1.6769483713850837,1.9561659174311925
2011.37098,-0.24939822188449848,0.11563897709923665,1.6768271276595743,1.9560474503816794
2011.37372,-0.2617055235204856,0.10248129573170733,1.6766637329286798,1.9559406402439026
2011.37646,-0.273961303030303,0.09326173515981735,1.6765109393939392,1.9558309284627093
2011.3792,-0.2850947049924357,0.08556718844984802,1.6763808169440242,1.955739255319149
2011.38194,-0.2945216767371601,0.07550301972685887,1.6762450453172206,1.9556655386949924
2011.38468,-0.3056843438914027,0.06646787878787878,1.6760996229260936,1.955545515151515
2011.38742,-0.31494984939759035,0.058092496217851744,1.6759445933734938,1.9554242511346442
2011.39016,-0.3271809022556391,0.04857478851963746,1.675796045112782,1.955333746223565
2011.3929,-0.3375938588588589,0.04170725490196078,1.67564993993994,1.9552131674208144
2011.39564,-0.3496496851574213,0.03180171686746988,1.675544287856072,1.9551152861445782
2011.39838,-0.36098919161676646,0.0036051651651651654,1.6768192065868261,1.9626764564564567
2011.41756,-0.36978249626307924,-0.012787016491754124,1.680003034379671,1.9674465817091453
2011.4203,-0.3810385970149254,-0.021977934131736526,1.6798993283582089,1.967394371257485
2011.42304,-0.3919252459016393,-0.029242974588938715,1.679803874813711,1.9673454857997008
2011.42578,-0.4012432142857143,-0.03659374626865672,1.6797027529761905,1.96730623880597
2011.42852,-0.41419858841010404,-0.04778992548435171,1.6796098662704309,1.9672828912071536
2011.43126,-0.425720296735905,-0.05674739583333334,1.6794875519287833,1.9672091815476191
2011.434,-0.4356546962962963,-0.0678208469539376,1.6793814222222223,1.9671246805349183
2011.43674,-0.4475828106508876,-0.07881391691394658,1.679251923076923,1.9670875519287834
2011.43948,-0.4564293205317578,-0.08828844444444445,1.6791641949778433,1.9669877925925927
2011.44222,-0.4678922418879057,-0.09807217455621302,1.6790767256637167,1.9669118195266273
2011.44496,-0.47928989690721646,-0.10835871491875924,1.6789737849779087,1.9668517134416543
2011.4477,-0.4902358235294118,-0.11859718289085545,1.6788652647058826,1.966785545722714
2011.45044,-0.5017657709251101,-0.12672444771723124,1.6787276798825257,1.9666883799705448
2011.45318,-0.5123273313782991,-0.13813658823529412,1.678557228739003,1.9665977205882355
2011.45592,-0.5244650073206443,-0.14847698972099854,1.678414626647145,1.966536872246696
2011.45866,-0.5348195614035087,-0.1582650293255132,1.6782626900584794,1.9664063343108507
2011.4614,-0.5450922189781022,-0.16933475841874085,1.6781131386861312,1.96631803806735
2011.46414,-0.5569684839650145,-0.18247004385964913,1.6779718075801748,1.9661944005847953
2011.46688,-0.566892576419214,-0.1926355474452555,1.6778328384279477,1.966100496350365
2011.46962,-0.5767741860465116,-0.20242443148688047,1.6777330523255813,1.9661056559766763
2011.47236,-0.5856004354136429,-0.21472043668122268,1.6776626124818579,1.966070713245997
2011.4751,-0.598477347826087,-0.22767978197674418,1.677557565217391,1.966025101744186
2011.47784,-0.6117419102749638,-0.23870161103047893,1.6774103328509407,1.9659319883889694
2011.48058,-0.6244776878612717,-0.24850885507246379,1.6772461849710982,1.9658376086956522
2011.48332,-0.6369784848484848,-0.2612543849493488,1.677124862914863,1.965761881331404
2011.48606,-0.6497539193083574,-0.272028063583815,1.6770115850144092,1.9657200433526012
2011.4888,-0.6602661438848921,-0.28200581529581525,1.6768947913669066,1.9656538816738816
2011.49154,-0.6710407040229885,-0.29226024495677233,1.6767725862068965,1.9655802737752164
2011.49428,-0.6812673027259684,-0.30415274820143884,1.6766775322812053,1.9655038273381293
2011.49702,-0.692280659025788,-0.3158314511494253,1.6765578939828079,1.965448908045977
2011.49976,-0.7030259084406295,-0.3277161979913917,1.6764462374821172,1.9654093400286945
2011.5025,-0.7070213571428571,-0.3399336246418338,1.6763558714285716,1.9653820200573064
2011.50524,-0.7165654636233951,-0.35046510729613733,1.6762257917261056,1.9653123605150213
2011.50798,-0.7279920797720797,-0.36035645714285713,1.6761074786324786,1.9652459285714288
2011.51072,-0.7369574822190611,-0.3701738944365192,1.6760122759601708,1.9651434236804566
2011.51346,-0.7461525426136363,-0.38248042735042737,1.6759249289772726,1.9651045726495726
2011.5162,-0.7570727517730497,-0.3922853342816501,1.675813219858156,1.9650537837837838
2011.51894,-0.7658934844192635,-0.4023336505681818,1.6757131728045325,1.9649805681818184
2011.52168,-0.7766915841584159,-0.4121959858156028,1.6755775530410182,1.9649255886524821
2011.52442,-0.7891676553672315,-0.4205444900849858,1.675464929378531,1.9648647733711049
2011.52716,-0.8010071368124118,-0.43042803394625173,1.675377094499295,1.9648101131541726
2011.5299,-0.8120014647887324,-0.4428697881355932,1.675302661971831,1.9648034745762712
2011.53264,-0.8209221237693389,-0.4511156135401975,1.6752246835443039,1.9648282087447109
2011.53538,-0.8300250561797753,-0.46150577464788733,1.6751131882022472,1.9647529577464788
2011.53812,-0.8414048527349228,-0.4704798874824191,1.6750094950911643,1.9647091842475386
2011.54086,-0.8541121988795518,-0.4812658426966292,1.674893011204482,1.9646521488764044
2011.5436,-0.8616771468531468,-0.48834967741935487,1.6748048391608392,1.9646338990182328
2011.54634,-0.8709746229050279,-0.4949570588235294,1.6747579189944135,1.9646527731092436
2011.54908,-0.8797686331938633,-0.5046466153846154,1.6746850767085075,1.9646153146853147
2011.55182,-0.8907409610027855,-0.5131693994413408,1.6745957103064066,1.9645764804469275
2011.55456,-0.9024541307371349,-0.524915230125523,1.6745121557719054,1.964562859135286
2011.5573,-0.9118884027777778,-0.5330029526462395,1.6743973333333335,1.9645168384401113
2011.56004,-0.9207259223300971,-0.542229471488178,1.6742772676837725,1.9644812517385257
2011.56278,-0.9290813711911357,-0.5497067222222222,1.6741963434903047,1.9644766527777777
2011.56552,-0.9394435961272476,-0.5608136754507628,1.674119336099585,1.9644191816920944
2011.56826,-0.9499520856353592,-0.5708191828254847,1.6740407044198895,1.9644249445983382
2011.571,-0.9582572551724138,-0.5820417842323652,1.6739862068965519,1.9644277593360995
2011.57374,-0.9683351652892562,-0.5919474309392265,1.673891432506887,1.9643998480662983
2011.57648,-0.9780588308115543,-0.6029512275862069,1.6737895735900963,1.9643617931034483
2011.57922,-0.9862387637362637,-0.6098585537190083,1.6737631456043955,1.964354476584022
2011.58196,-0.9959375720164609,-0.6194772489683631,1.6736306310013718,1.9643165887207703
2011.5847,-1.0069243424657535,-0.6287137087912088,1.673500301369863,1.9642278983516486
2011.58744,-1.0163360738714091,-0.6352320576131687,1.673468905608755,1.9642629218106995
2011.59018,-1.0243663661202187,-0.6448900410958904,1.6733409836065574,1.9641803424657536
2011.59292,-1.0329090177353342,-0.6548389329685362,1.6732916780354705,1.9641820109439125
2011.59566,-1.0445055177111717,-0.6662278142076503,1.6732116076294279,1.9641735519125683
2011.5984,-1.0543706394557824,-0.6756769986357435,1.673120857142857,1.9641463301500683
2011.60114,-1.0623931929347825,-0.6845976702997275,1.673010421195652,1.9640600408719344
2011.60388,-1.0710542469470827,-0.6919933469387756,1.6728894165535957,1.9639797414965987
2011.60662,-1.0813268021680218,-0.7019626358695652,1.672810325203252,1.9639313179347826
2011.60936,-1.0898092016238161,-0.7125900407055631,1.6728072801082545,1.9641014246947084
2011.6121,-1.0978695,-0.7204934823848239,1.6728240810810813,1.9642265853658538
2011.61484,-1.1051072604588394,-0.7301671177266575,1.6727652091767882,1.964209553450609
2011.61758,-1.111046037735849,-0.737528081081081,1.672683113207547,1.9641954189189188
2011.62032,-1.1182751547779273,-0.7429609041835358,1.6726299730820995,1.9641899055330634
2011.62306,-1.1261106720430107,-0.753873652291105,1.672533938172043,1.964161563342318
2011.6258,-1.1479177613941018,-0.7773242338709678,1.674145563002681,1.966035134408602
2011.65868,-1.1577142704149932,-0.7880635302013423,1.6756733467202143,1.9678153020134228
2011.66142,-1.1650789705882352,-0.7965993967828419,1.6756914839572192,1.967961112600536
2011.66416,-1.1735196128170895,-0.8031177376171352,1.6756489986648864,1.9680257295850065
2011.6669,-1.18444524,-0.818414064171123,1.6755621600000001,1.9679825802139037
2011.66964,-1.19308292942743,-0.8342449399198932,1.6755039813581891,1.96799044058745
2011.67238,-1.2038686835106382,-0.8518268933333334,1.6753767553191488,1.96790368
2011.67512,-1.2131697875166003,-0.8650783754993342,1.6752339176626825,1.9678016511318244
2011.67786,-1.2220040450928382,-0.8795325930851063,1.6751073872679045,1.9677604388297874
2011.6806,-1.2305216821192053,-0.8917531739707836,1.6749864900662252,1.9676799601593626
2011.68334,-1.239159126984127,-0.9054174270557029,1.6748976851851851,1.9676235676392573
2011.68608,-1.248210501981506,-0.9211778940397352,1.6748285072655218,1.9676150198675497
2011.68882,-1.2554564775725594,-0.9349535052910053,1.6747771108179421,1.9676120899470901
2011.69156,-1.263439117259552,-0.9435513342140027,1.6747276021080368,1.9675993791281374
2011.6943,-1.2733831578947368,-0.9538982189973615,1.6747010526315789,1.9675936807387862
2011.69704,-1.282660591327201,-0.9698027799736496,1.674646517739816,1.9675852173913042
2011.69978,-1.2939853412073492,-0.9842733421052631,1.6746113910761153,1.9675586578947368
2011.70252,-1.3046888204456095,-1.0002577398160315,1.6744819134993447,1.9674653745072275
2011.70526,-1.3125522513089005,-1.013356312335958,1.6743702486910994,1.9673945669291337
2011.708,-1.3246390718954248,-1.0260129095674968,1.6743460784313724,1.9673641939711664
2011.71074,-1.3347969582245431,-1.0401690575916231,1.6742766840731071,1.9673020287958114
2011.71348,-1.346836597131682,-1.0572750980392158,1.6741848631029987,1.967238640522876
2011.71622,-1.3582714583333333,-1.0718782114882506,1.6741401822916666,1.9672320887728458
2011.71896,-1.367027191157347,-1.0827535071707954,1.6740730689206762,1.9671800000000002
2011.7217,-1.3796752597402597,-1.0944038281250001,1.6739697402597402,1.9670715104166667
2011.72444,-1.386655784695201,-1.1112240702210663,1.6738943579766539,1.9670762288686607
2011.72718,-1.3958975259067359,-1.1292096753246752,1.6737932512953368,1.9670286753246755
2011.72992,-1.4058186028460542,-1.1425364072632944,1.6737027684346701,1.9669743709468221
2011.73266,-1.4170985788113695,-1.156524170984456,1.6736883720930233,1.966984676165803
2011.7354,-1.427534735483871,-1.169377386804657,1.6735879225806451,1.9669250970245795
2011.73814,-1.437492474226804,-1.1801288759689923,1.6734928865979382,1.966875245478036
2011.74088,-1.4478771042471044,-1.190780322580645,1.6733895109395107,1.9668241548387098
2011.74362,-1.4592255526992288,-1.2044081443298968,1.673281259640103,1.9667486340206186
2011.74636,-1.47215026957638,-1.2180072844272845,1.6732777663671372,1.9667823294723294
2011.7491,-1.481695205128205,-1.2247423907455013,1.6733221794871795,1.9667900771208224
2011.75184,-1.4916236491677335,-1.2346591399229783,1.673301562099872,1.9667352759948653
2011.75458,-1.5003164961636828,-1.2443811923076924,1.673304884910486,1.966734923076923
2011.75732,-1.5117439846743295,-1.2570130089628682,1.6732724137931034,1.96673728553137
2011.76006,-1.5220729591836735,-1.2677544245524297,1.6732196045918366,1.9667247442455242
2011.7628,-1.535226076433121,-1.2825066794380586,1.6731499235668792,1.9666932950191571
2011.76554,-1.5465615267175572,-1.291436836734694,1.6731296564885496,1.9666875892857143
2011.76828,-1.5588460736975858,-1.3029340127388533,1.6730619695044473,1.9666292993630574
2011.77102,-1.5704467005076141,-1.314114376590331,1.6733043274111676,1.9668837150127227
2011.77376,-1.5829831812420785,-1.327477204574333,1.6734987198986058,1.9671563278271917
2011.7765,-1.590992506329114,-1.3387096319796954,1.6738209746835442,1.9675384390862944
2011.77924,-1.602424841972187,-1.3494800887198988,1.6737696207332489,1.9675035234474019
2011.78198,-1.6130689772727271,-1.3602460379746837,1.6737032323232324,1.9674338354430378
2011.78472,-1.6247828877679698,-1.3724095069532238,1.6736319672131146,1.9673522756005055
2011.78746,-1.6359050881612092,-1.384340202020202,1.6735138287153652,1.9672348232323233
2011.7902,-1.647322113207547,-1.3960869356872634,1.6734010188679247,1.9671443757881464
2011.79294,-1.6562664824120603,-1.4060962216624684,1.6733069346733669,1.9671141687657432
2011.79568,-1.6636735006273524,-1.417874,1.6732214554579672,1.9670933710691825
2011.79842,-1.6736065789473686,-1.430398542713568,1.6731111152882205,1.9669954648241206
2011.80116,-1.6852602503128913,-1.444369661229611,1.6730144055068834,1.966917728983689
2011.8039,-1.6959843000000001,-1.4555638721804511,1.67292795,1.9668521303258146
2011.80664,-1.7031792259675407,-1.466195607008761,1.6728467041198503,1.9667999499374218
2011.80938,-1.7133906608478804,-1.4761019874999999,1.6727623316708229,1.966774375
2011.81212,-1.7229086674968868,-1.4865141697877653,1.672673188044832,1.9666867290886394
2011.81486,-1.7342582338308459,-1.49755746882793,1.672685497512438,1.9667405860349125
2011.8176,-1.7435580124223602,-1.5072668742216686,1.6725850683229815,1.9666584806973848
2011.82034,-1.7541370719602978,-1.5207787313432837,1.6727911414392058,1.967027027363184
