2008.01722,-1.75835,-1.81859,1.26702,1.17803
2008.01996,-1.72724,-0.90432,1.28079,1.195385
2008.0227,-2.37446,-0.4557166666666666,1.2882066666666667,1.2066133333333333
2008.02544,-1.839765,-0.021029999999999993,1.2887374999999999,1.201
2008.02818,-1.891102,0.007088000000000006,1.286936,1.197086
2008.03092,-1.7141233333333332,-0.14274333333333333,1.2926216666666666,1.20287
2008.03366,-1.6166771428571427,-0.04197428571428571,1.28851,1.19903
2008.0364,-1.522565,-0.06158125,1.28939875,1.19768125
2008.03914,-1.2816744444444443,0.0804511111111111,1.2893844444444444,1.1955733333333332
2008.04188,-1.04634,0.10243099999999998,1.291915,1.1982430000000002
2008.04462,-1.0285909090909091,0.20737181818181816,1.2937927272727272,1.202220909090909
2008.04736,-0.8927816666666667,0.25153416666666667,1.2945633333333333,1.200545
2008.0501,-0.9020792307692307,0.20486692307692306,1.2944815384615385,1.1996507692307692
2008.05284,-0.8719614285714286,0.35854714285714284,1.292822857142857,1.1967942857142855
2008.05558,-0.8005106666666666,0.4232393333333333,1.29308,1.1958153333333332
2008.05832,-0.632539375,0.53994125,1.292046875,1.195001875
2008.06106,-0.5308605882352941,0.4116276470588235,1.3021652941176471,1.2090558823529411
2008.09394,-0.73565,0.6081477777777777,1.4491733333333334,1.3206816666666665
2008.09668,-0.6605010526315789,0.6308231578947369,1.4422068421052632,1.3139615789473684
2008.09942,-0.5393060000000001,0.639508,1.4359899999999999,1.3075395
2008.10216,-0.40446428571428567,0.8080666666666667,1.475161904761905,1.3329371428571428
2008.1049,-0.2900859090909091,0.6925904545454545,1.466375,1.325803181818182
2008.10764,-0.2952091304347826,0.7205704347826086,1.4573847826086956,1.318845652173913
2008.11038,-0.14393749999999997,0.7233662499999999,1.4502033333333333,1.3128366666666667
2008.11312,-0.04535879999999995,0.6726396,1.4431304,1.307526
2008.12956,0.04384384615384619,0.6970949999999999,1.4500473076923077,1.3176223076923077
2008.1323,0.1312240740740741,0.591052962962963,1.4433077777777779,1.3123766666666667
2008.13504,0.18033500000000005,0.5345689285714286,1.4374278571428571,1.3074571428571429
2008.13778,0.1855841379310345,0.5396196551724137,1.4316613793103448,1.302806551724138
2008.14052,0.21939066666666668,0.4871513333333333,1.4269150000000002,1.2989423333333332
2008.14326,0.24992677419354842,0.475408064516129,1.4219280645161292,1.2952177419354838
2008.146,0.26349875,0.501228125,1.4171865625,1.291534375
2008.14874,0.2913157575757576,0.4521963636363636,1.4130533333333335,1.2883218181818181
2008.15148,0.28610142857142856,0.2836774285714285,1.4323128571428572,1.3131108571428571
2008.15696,0.2833177777777778,0.37607499999999994,1.454706111111111,1.3285841666666667
2008.1597,0.3038864864864865,0.42037918918918915,1.4493472972972974,1.3238897297297296
2008.16244,0.30866815789473684,0.46357631578947367,1.444353947368421,1.3199439473684211
2008.16518,0.31282564102564103,0.4751874358974359,1.4401871794871794,1.3163748717948718
2008.16792,0.302781,0.45998124999999995,1.43559325,1.312406
2008.17066,0.29028951219512195,0.4200078048780488,1.4388714634146342,1.3135936585365853
2008.1734,0.3042228571428572,0.4300319047619047,1.434275238095238,1.3100257142857141
2008.17614,0.32654093023255815,0.42888813953488375,1.4344260465116279,1.308617906976744
2008.17888,0.37105,0.40734727272727267,1.430356590909091,1.3052170454545455
2008.18162,0.4399191111111111,0.4842646666666667,1.437156,1.3101488888888888
2008.18436,0.4647554347826087,0.4596536956521739,1.4332041304347827,1.307084347826087
2008.1871,0.43219829787234043,0.4607382978723404,1.4300063829787235,1.304758510638298
2008.18984,0.4451075,0.4498945833333334,1.4264783333333335,1.3019197916666667
2008.19258,0.4191065306122449,0.40791244897959184,1.4230510204081632,1.299155306122449
2008.19532,0.42867020000000006,0.3881804,1.4197819999999999,1.296447
2008.19806,0.4148829411764706,0.3617033333333333,1.4221043137254903,1.2994494117647057
2008.2008,0.40299557692307697,0.35352403846153846,1.419223846153846,1.2970882692307693
2008.20354,0.39325924528301887,0.3614749056603773,1.4159722641509436,1.2943283018867926
2008.20628,0.38688759259259264,0.3752338888888889,1.4130177777777777,1.291746111111111
2008.20902,0.3654427272727273,0.36006599999999994,1.4111914545454547,1.2901239999999998
2008.21176,0.34107125000000005,0.3465564285714286,1.409146607142857,1.2885233928571427
2008.2145,0.3540677192982456,0.32888122807017545,1.4082515789473684,1.2885787719298245
2008.21724,0.3674646551724138,0.3223248275862069,1.405688620689655,1.2869543103448275
2008.21998,0.3685906666666667,0.29280116666666667,1.4063985,1.2891761666666668
2008.22546,0.3798395081967213,0.2843490163934426,1.404044098360656,1.2874098360655737
2008.2282,0.38295483870967745,0.2707587096774194,1.4027054838709678,1.286567741935484
2008.23094,0.39695904761904766,0.27748142857142855,1.4007366666666665,1.2850825396825396
2008.23368,0.3912790625,0.278611875,1.3990115625,1.2839309375
2008.23642,0.37743876923076924,0.27182323076923076,1.4040543076923078,1.288144
2008.23916,0.3807789393939394,0.28976378787878787,1.4023631818181819,1.2868777272727274
2008.2419,0.3599034328358209,0.3004902985074627,1.4010229850746267,1.2859946268656717
2008.24464,0.3416158823529412,0.30824735294117644,1.3992548529411766,1.284677205882353
2008.24738,0.33905,0.2994250724637681,1.3982902898550724,1.2842460869565215
2008.25012,0.35083214285714287,0.30716257142857145,1.3967932857142857,1.2830204285714286
2008.25286,0.3686798591549296,0.3091543661971831,1.3956966197183098,1.282691971830986
2008.2556,0.382535,0.3142094444444445,1.3941448611111111,1.2814841666666665
2008.25834,0.3825204109589041,0.31542109589041095,1.3926356164383562,1.2804026027397262
2008.26108,0.3671714864864865,0.31776945945945945,1.3910525675675676,1.2794054054054054
2008.26382,0.3336614666666667,0.31334226666666665,1.3895965333333333,1.2784984000000001
2008.26656,0.30218105263157896,0.30373605263157893,1.3880255263157895,1.2774093421052632
2008.2693,0.2909757142857143,0.30411363636363636,1.3860412987012987,1.2761983116883115
2008.27204,0.2895221794871795,0.29701397435897436,1.3846375641025641,1.275271282051282
2008.27478,0.2693360759493671,0.2935818987341772,1.3828670886075949,1.2742730379746836
2008.27752,0.268445,0.286967375,1.3814455,1.27332525
2008.28026,0.2908008641975309,0.27374493827160495,1.380229012345679,1.2722748148148149
2008.283,0.31565085365853657,0.2716564634146341,1.378680487804878,1.2715156097560976
2008.28574,0.2949287951807229,0.27608265060240966,1.3772713253012048,1.2705122891566265
2008.28848,0.2774695294117647,0.25141223529411766,1.3772820000000001,1.2709383529411764
2008.29396,0.27084569767441863,0.2597248837209302,1.3803605813953488,1.2739413953488372
2008.2967,0.28430298850574715,0.2484196551724138,1.379191724137931,1.2731596551724138
2008.29944,0.2830592045454546,0.2296615909090909,1.3776882954545455,1.2721869318181818
2008.30218,0.26410438202247194,0.2103873033707865,1.3764091011235955,1.2713737078651686
2008.30492,0.25547322222222224,0.1901917777777778,1.3750171111111111,1.2706314444444444
2008.30766,0.25783648351648353,0.1796767032967033,1.37475,1.2704589010989011
2008.3104,0.2575203260869565,0.19925478260869567,1.3738898913043478,1.2700608695652174
2008.31314,0.2592134408602151,0.1985574193548387,1.3736748387096775,1.2700152688172042
2008.31588,0.26343670212765957,0.17251882978723404,1.3723824468085106,1.2692467021276597
2008.31862,0.2606576842105263,0.15710778947368423,1.371540947368421,1.2691318947368422
2008.32136,0.26704302083333337,0.1433984375,1.3705294791666667,1.2688634375
2008.3241,0.24153618556701031,0.12859577319587628,1.3697353608247422,1.2689162886597938
2008.32684,0.23575622448979594,0.11815173469387755,1.3687305102040817,1.2688569387755102
2008.32958,0.24391353535353535,0.10802515151515152,1.3674676767676768,1.267960101010101
2008.33232,0.2502499,0.1021764,1.366156,1.2670676
2008.33506,0.2492650495049505,0.08507257425742575,1.3649017821782177,1.2661927722772277
2008.3378,0.24540960784313726,0.0717113725490196,1.3637032352941179,1.2654351960784314
2008.34054,0.25365058252427186,0.06561475728155339,1.3629188349514563,1.2649235922330095
2008.34328,0.2670429807692308,0.060736730769230765,1.3617319230769231,1.2641535576923077
2008.34602,0.25783,0.06263295238095239,1.3615966666666666,1.264370380952381
2008.34876,0.24218924528301888,0.047753207547169815,1.3603346226415094,1.2634659433962265
2008.3515,0.20443722222222221,0.03598777777777778,1.360077962962963,1.263730185185185
2008.36794,0.17736146788990825,0.0363845871559633,1.366601009174312,1.2712104587155963
2008.37068,0.186701,0.05919627272727273,1.3655801818181819,1.2705304545454545
2008.37342,0.1888111711711712,0.048763963963963965,1.3643677477477476,1.2697277477477478
2008.37616,0.19192142857142858,0.05030839285714285,1.3677739285714285,1.2750340178571429
2008.3789,0.18315557522123896,0.03841433628318584,1.366629203539823,1.2743261946902655
2008.38164,0.18637008771929828,0.02075122807017544,1.365662543859649,1.273636754385965
2008.38438,0.17366982608695652,0.02057382608695652,1.3646481739130434,1.2728823478260871
2008.38712,0.1621731896551724,0.015326551724137927,1.3634868965517242,1.2720529310344828
2008.38986,0.14203743589743592,0.02429324786324786,1.3626080341880342,1.2712318803418803
2008.3926,0.1346092372881356,0.019959999999999995,1.3618159322033898,1.2704650847457628
2008.39534,0.12884563025210086,0.015603193277310922,1.3608234453781514,1.269688319327731
2008.39808,0.13290491666666668,0.010240166666666665,1.3598298333333332,1.2689699166666666
2008.40082,0.1353618181818182,-0.0008314049586776899,1.3588089256198346,1.2681452066115704
2008.40356,0.13149336065573772,-0.010831885245901644,1.3592114754098361,1.2684496721311473
2008.4063,0.12276284552845529,-0.008031219512195126,1.358418861788618,1.2677533333333333
2008.40904,0.12258620967741937,-0.013222983870967746,1.3573827419354838,1.2669529032258064
2008.41178,0.11513424,-0.022959440000000005,1.35655816,1.26631232
2008.41452,0.10498484126984128,-0.032116428571428574,1.3557214285714285,1.265633253968254
2008.41726,0.0976348818897638,-0.03499897637795276,1.3547310236220471,1.2648470078740157
2008.42,0.075792109375,-0.038793281250000006,1.353946484375,1.2641953125
2008.42274,0.0730494573643411,-0.03394317829457365,1.35356007751938,1.2640232558139535
2008.42548,0.047360538461538475,-0.033614000000000005,1.3584357692307694,1.2690574615384616
2008.42822,0.021697022900763363,-0.049709007633587786,1.3579239694656489,1.2686535114503816
2008.43096,-0.003500151515151511,-0.05498787878787879,1.3572513636363637,1.2680906818181819
2008.4337,-0.018933308270676685,-0.07104045112781955,1.356787969924812,1.2675824060150376
2008.43644,-0.03364932835820895,-0.06143156716417911,1.3563077611940297,1.2671528358208957
2008.43918,-0.032508666666666665,-0.046553629629629625,1.355771925925926,1.2666388888888889
2008.44192,-0.05185367647058823,-0.044846397058823526,1.355314044117647,1.2662575735294117
2008.44466,-0.06055700729927008,-0.05183897810218978,1.3549789051094892,1.265822189781022
2008.4474,-0.051502101449275355,-0.056719130434782605,1.3546332608695653,1.2653684782608694
2008.45014,-0.05172697841726618,-0.05335971223021583,1.3538276258992805,1.2647107913669065
2008.45288,-0.054011285714285706,-0.04789442857142857,1.3533740714285716,1.2643250000000001
2008.45562,-0.05463042553191489,-0.04553836879432624,1.3528968794326242,1.2639687943262412
2008.45836,-0.04858429577464788,-0.04779619718309859,1.352269718309859,1.2634546478873239
2008.4611,-0.04249531468531468,-0.057018671328671326,1.3515920979020979,1.2629762937062938
2008.46384,-0.03964208333333333,-0.068359375,1.3508797222222222,1.2623769444444444
2008.46658,-0.04189565517241379,-0.06376751724137932,1.3502648275862068,1.2617764827586209
2008.46932,-0.04201404109589041,-0.05541294520547945,1.349593082191781,1.261221506849315
2008.47206,-0.04708850340136054,-0.05279428571428572,1.3490961904761904,1.2608824489795918
2008.4748,-0.047572567567567565,-0.05555871621621622,1.348391283783784,1.2603778378378379
2008.47754,-0.04529020134228187,-0.06436295302013423,1.3477456375838925,1.2597886577181208
2008.48028,-0.04247013333333333,-0.05643293333333334,1.3471227333333333,1.2592799333333333
2008.48302,-0.030255430463576153,-0.05759774834437086,1.346437880794702,1.2587553642384106
2008.48576,-0.03737763157894737,-0.051138421052631576,1.3461802631578947,1.2583944078947369
2008.4885,-0.039901960784313725,-0.05838091503267974,1.3457182352941177,1.2578913725490195
2008.49124,-0.049184285714285715,-0.04901292207792208,1.3450833766233767,1.2573507142857143
2008.49398,-0.039364709677419354,-0.050865548387096775,1.344415677419355,1.2567950967741934
2008.49672,-0.03744525641025641,-0.03037044871794872,1.344028205128205,1.2564908974358975
2008.49946,-0.03445324840764331,-0.0381840127388535,1.343719872611465,1.2563032484076433
2008.5022,-0.04269392405063291,-0.0342496835443038,1.343448987341772,1.256044746835443
2008.50494,-0.05239553459119497,-0.015682201257861638,1.3431015723270439,1.2558108805031447
2008.50768,-0.05766199999999999,-0.020887250000000003,1.3426459375,1.2553843125
2008.51042,-0.059532422360248444,-0.013657826086956525,1.3421104347826087,1.2549334782608694
2008.51316,-0.06279197530864197,-0.012520493827160495,1.341646913580247,1.2544797530864198
2008.5159,-0.06867269938650307,-0.014804907975460125,1.3410785889570551,1.253939754601227
2008.51864,-0.07460231707317072,-0.016680121951219515,1.340555975609756,1.2534810365853657
2008.52138,-0.07677381818181818,-0.02157781818181818,1.3399690303030303,1.2529247878787877
2008.52412,-0.07767680722891566,-0.027672349397590362,1.3397529518072289,1.2527851807228916
2008.52686,-0.07822634730538922,-0.028085868263473052,1.339450658682635,1.2525331736526946
2008.5296,-0.08029178571428572,-0.031771011904761906,1.3389060119047618,1.252061369047619
2008.53234,-0.09101195266272188,-0.03264603550295858,1.3387878106508877,1.2520783431952662
2008.53508,-0.09545170588235295,-0.02942529411764706,1.3384965294117648,1.2518149411764705
2008.53782,-0.10342304093567252,-0.02234432748538012,1.3380351461988305,1.2514471345029239
2008.54056,-0.09960267441860465,-0.016900697674418607,1.3377762209302326,1.2512181395348838
2008.5433,-0.10322982658959538,-0.02267878612716763,1.3372692485549134,1.2507950867052022
2008.54604,-0.10751511494252873,-0.03085287356321839,1.3368533333333334,1.2505881034482758
2008.54878,-0.11359588571428572,-0.03641045714285714,1.336472457142857,1.2503329142857142
2008.55152,-0.1127028409090909,-0.036776875,1.335981534090909,1.2499569318181818
2008.55426,-0.10856440677966102,-0.025734971751412428,1.3356038983050849,1.2496159322033897
2008.557,-0.112415,-0.030325337078651687,1.3350221910112359,1.2490761235955057
2008.55974,-0.11686938547486032,-0.03531396648044693,1.3345772067039106,1.2487324581005588
2008.56248,-0.12363411111111111,-0.03829416666666667,1.3342607222222223,1.2483056666666668
2008.56522,-0.12526762430939226,-0.035498121546961324,1.3338658011049724,1.2479738121546962
2008.56796,-0.13106873626373627,-0.03541120879120879,1.3335101648351648,1.2476493406593407
2008.5707,-0.13513852459016396,-0.03797256830601093,1.3330484153005464,1.2472689071038252
2008.57344,-0.14383135869565217,-0.04991076086956521,1.3327241304347826,1.2471071195652175
2008.57618,-0.1391316756756757,-0.05560351351351351,1.3324548648648649,1.246983891891892
2008.57892,-0.15636306451612902,-0.059291290322580646,1.3322682258064515,1.2468948924731182
2008.58166,-0.15519502673796792,-0.060770962566844916,1.3319079679144386,1.246603048128342
2008.5844,-0.1667829255319149,-0.05083840425531915,1.3315233510638298,1.24626
2008.58714,-0.17380783068783068,-0.05886529100529101,1.3310811640211642,1.2458053968253968
2008.58988,-0.1837944736842105,-0.05808905263157895,1.3308443684210527,1.2455561578947367
2008.59262,-0.18323031413612567,-0.06063748691099476,1.3315196858638743,1.2459864921465968
2008.59536,-0.17788442708333332,-0.046036822916666664,1.33107890625,1.245579375
2008.5981,-0.17144248704663212,-0.051465492227979276,1.3307140414507772,1.2453527979274612
2008.60084,-0.1740503608247423,-0.06263953608247423,1.3306150515463917,1.2453109793814432
2008.60632,-0.17585482051282053,-0.06422169230769231,1.3303486666666666,1.2451788717948717
2008.60906,-0.18060397959183674,-0.06406045918367347,1.3300795918367347,1.2449716836734694
2008.6118,-0.18370989847715735,-0.06835502538071066,1.3298078680203045,1.2448115228426395
2008.61454,-0.17939944444444444,-0.07858833333333333,1.329485404040404,1.2445842424242424
2008.61728,-0.1748045226130653,-0.0834246231155779,1.329102311557789,1.2443318592964825
2008.62002,-0.17572445000000003,-0.0883849,1.32888725,1.24412965
2008.62276,-0.16678810945273634,-0.08450666666666666,1.3287059203980098,1.2439971641791046
2008.6255,-0.16203341584158415,-0.08255564356435643,1.3284320297029704,1.2437952475247525
2008.62824,-0.16739339901477832,-0.07360147783251232,1.3282443349753694,1.2436724137931034
2008.63098,-0.1662683823529412,-0.06593838235294118,1.328209068627451,1.243750980392157
2008.63372,-0.16905565853658538,-0.07398156097560976,1.3279829268292682,1.2435831219512195
2008.63646,-0.16637305825242718,-0.07371587378640777,1.3277281067961166,1.2435258737864079
2008.6392,-0.1698566826923077,-0.08049802884615385,1.3276893749999998,1.2435995673076923
2008.64468,-0.16766933014354066,-0.08090497607655503,1.327546076555024,1.24353004784689
2008.64742,-0.1557782380952381,-0.07386309523809524,1.3274949523809523,1.2434223333333334
2008.65016,-0.1578139336492891,-0.0704588625592417,1.3272836492890996,1.2433865876777253
2008.6529,-0.15898504716981132,-0.05947099056603773,1.3270293867924527,1.243213113207547
2008.65564,-0.16040699530516433,-0.05777159624413146,1.327060985915493,1.2432361971830985
2008.65838,-0.15779593457943925,-0.06126780373831776,1.3271121028037383,1.2433767289719626
2008.66112,-0.15229181395348837,-0.057008046511627906,1.3269606976744188,1.2432468837209303
2008.66386,-0.15406444444444445,-0.06268805555555555,1.326830324074074,1.2430962037037037
2008.6666,-0.1517736405529954,-0.059635806451612906,1.326662119815668,1.24291866359447
2008.66934,-0.13975881278538813,-0.056324931506849314,1.3265334703196348,1.2427580365296804
2008.67482,-0.13224913636363636,-0.04789486363636364,1.3297155909090907,1.2463182272727271
2008.67756,-0.12137950226244344,-0.05120846153846154,1.3299304524886877,1.2465635294117647
2008.6803,-0.11814279279279279,-0.04183662162162162,1.3298045495495496,1.2463989189189189
2008.68304,-0.1152211210762332,-0.03005766816143498,1.329627533632287,1.2462204932735426
2008.68578,-0.11128870535714286,-0.022684866071428573,1.3295372321428574,1.246116607142857
2008.68852,-0.10894146666666667,-0.024384266666666668,1.3293535555555556,1.2459501333333334
2008.69126,-0.1013529203539823,-0.014061858407079648,1.329283982300885,1.2460410619469027
2008.694,-0.09627079295154185,-0.006246519823788548,1.3291730396475772,1.2459003524229075
2008.69674,-0.09202609649122807,0.001406140350877192,1.3290537719298248,1.245805657894737
2008.69948,-0.09269087336244541,0.0021776855895196496,1.3290928384279475,1.2456731441048035
2008.70222,-0.09524017391304347,-0.0015290434782608705,1.3289565217391306,1.2454826086956523
2008.70496,-0.08906935064935065,0.00979012987012987,1.3288672727272728,1.2453821212121212
2008.7077,-0.07913189655172413,0.014595775862068965,1.3286646120689654,1.2451944827586205
2008.71044,-0.06351051502145923,0.009409699570815451,1.3286455793991416,1.2451399141630901
2008.71318,-0.04388923076923077,0.01094974358974359,1.3287126923076922,1.2452224786324788
2008.71592,-0.03914034042553191,0.008938510638297873,1.3284862127659574,1.2450494893617021
2008.71866,-0.039790932203389834,0.007705084745762712,1.3282572033898306,1.2448606779661018
2008.7214,-0.029582742616033757,0.014703755274261605,1.3279898734177216,1.2446906751054851
2008.72414,-0.028652605042016808,0.02046113445378151,1.3278449579831935,1.244610756302521
2008.72688,-0.020875815899581592,0.03171635983263598,1.3276746861924686,1.2445628451882844
2008.72962,-0.014529583333333334,0.028755041666666665,1.327439625,1.244359375
2008.73236,-0.0037288381742738587,0.022795643153526973,1.3272065145228216,1.2442027385892116
