2005.57862,0.59261,1.08741,1.94547,1.23704
2005.58136,-0.36827499999999996,0.668805,1.949195,1.24288
2005.5841,-0.5701633333333334,0.4602033333333333,1.9578766666666667,1.2429933333333334
2005.58684,-0.6318,0.1413525,1.940635,1.2323975
2005.58958,-0.170336,0.009401999999999999,1.931778,1.22714
2005.59232,-0.06582166666666667,0.036568333333333335,1.924385,1.2229483333333333
2005.59506,-0.043707142857142854,0.03480142857142857,1.92038,1.221622857142857
2005.5978,0.010031249999999999,-0.04429875,1.917935,1.2195125
2005.60054,0.08429777777777778,-0.07884333333333332,1.9163644444444445,1.2181
2005.60328,0.14093399999999998,-0.10909900000000002,1.913619,1.216351
2005.60602,0.04820272727272727,-0.1476,1.910560909090909,1.2142327272727274
2005.60876,-0.18613833333333332,-0.1786175,1.9132225,1.2143575
2005.6115,-0.24387076923076925,-0.06187846153846155,1.9150161538461536,1.2146746153846153
2005.61424,-0.214625,-0.08340214285714287,1.914215,1.21421
2005.61698,-0.19893,-0.10220266666666668,1.9132226666666667,1.213212
2005.61972,-0.1509325,-0.199978125,1.911703125,1.212166875
2005.62246,-0.056451176470588234,-0.2659094117647059,1.9146529411764708,1.212740588235294
2005.6252,-0.10978833333333333,-0.24152611111111114,1.9157038888888889,1.2139755555555556
2005.62794,-0.11449894736842108,-0.28993052631578947,1.9155473684210527,1.2142852631578946
2005.63068,-0.073577,-0.317655,1.9148855,1.213945
2005.63342,-0.06687476190476191,-0.26184380952380953,1.9149952380952382,1.2138666666666666
2005.63616,-0.03286272727272727,-0.2764336363636364,1.9144863636363636,1.2134827272727273
2005.6389,-0.07584173913043478,-0.3269808695652174,1.915056956521739,1.2136404347826086
2005.64164,-0.07897958333333334,-0.30844916666666666,1.9153320833333334,1.2139854166666666
2005.64438,-0.08617720000000001,-0.342928,1.9152876,1.2140552
2005.64712,-0.08431269230769231,-0.3596084615384615,1.9147311538461538,1.2142253846153845
2005.64986,-0.057874074074074085,-0.3013940740740741,1.9144362962962962,1.2142555555555556
2005.6526,-0.05706571428571429,-0.25327357142857143,1.9141092857142858,1.2138417857142856
2005.65534,-0.046684482758620686,-0.2321686206896552,1.9137024137931036,1.2138120689655172
2005.65808,-0.04765433333333334,-0.20881066666666667,1.9140173333333335,1.213853
2005.66082,-0.15590935483870969,-0.04896612903225809,1.914263870967742,1.2138470967741937
2005.66356,-0.14448500000000003,-0.051899375000000025,1.91430875,1.2136268749999999
2005.6663,-0.13504909090909092,-0.06732757575757578,1.9136745454545454,1.2131075757575758
2005.66904,-0.13166147058823532,-0.0797658823529412,1.9132526470588236,1.2125782352941177
2005.67178,-0.16457514285714286,-0.06724200000000002,1.9131525714285715,1.2125505714285714
2005.67452,-0.1937375,-0.03039166666666669,1.9132233333333335,1.2126388888888888
2005.67726,-0.18477675675675678,-0.057700810810810826,1.9130891891891892,1.212351081081081
2005.68,-0.17459736842105264,-0.0769992105263158,1.912922894736842,1.2122592105263157
2005.68274,-0.1590366666666667,-0.07685153846153849,1.913223076923077,1.2134407692307694
2005.68548,-0.14607350000000002,-0.09321625000000001,1.91365725,1.21461475
2005.68822,-0.12590780487804878,-0.04554365853658538,1.9145058536585369,1.2160834146341464
2005.69096,-0.09443500000000002,-0.0339554761904762,1.9144990476190475,1.216827619047619
2005.6937,-0.1162113953488372,-0.023538837209302343,1.9147002325581395,1.2176972093023255
2005.69644,-0.11033363636363637,-0.01846386363636365,1.9145877272727274,1.2184804545454546
2005.69918,-0.12891222222222223,-0.03595222222222224,1.9155055555555556,1.2196868888888888
2005.70192,-0.13419978260869567,-0.059488913043478274,1.9166747826086956,1.2210202173913043
2005.70466,-0.1821085106382979,-0.04860297872340427,1.9175091489361702,1.2220774468085107
2005.7074,-0.23716208333333333,-0.04038312500000001,1.9188981250000001,1.2231908333333334
2005.71014,-0.2650865306122449,-0.04644163265306125,1.9186202040816325,1.2228142857142856
2005.71288,-0.2785494,-0.06678180000000002,1.9177284,1.2222602
2005.71562,-0.30559745098039215,-0.06252431372549021,1.9176886274509803,1.2229272549019607
2005.80056,-0.3106936538461538,-0.043040384615384626,1.919911923076923,1.2247846153846154
2005.8033,-0.29880716981132077,-0.040871509433962276,1.9197483018867925,1.2246267924528302
2005.80604,-0.27093074074074075,-0.05712000000000002,1.9191772222222223,1.2242838888888887
2005.80878,-0.24102745454545454,-0.05070854545454547,1.9189787272727272,1.223890909090909
2005.81152,-0.2075094642857143,-0.05356535714285716,1.9190796428571428,1.2235610714285714
2005.81426,-0.17902333333333334,-0.03802719298245615,1.9187331578947369,1.2232066666666668
2005.817,-0.17125689655172413,-0.030166206896551737,1.9194251724137932,1.223314827586207
2005.81974,-0.16051254237288137,-0.020558135593220353,1.9188071186440678,1.223023220338983
2005.82248,-0.1169725,-0.008373666666666679,1.9185073333333333,1.2228788333333334
2005.82522,-0.11028262295081967,0.0012932786885245778,1.9182173770491802,1.2226603278688524
2005.82796,-0.0930467741935484,0.0001127419354838586,1.9175046774193547,1.2222493548387097
2005.8307,-0.02065603174603175,0.012236349206349195,1.9186574603174604,1.2223749206349206
2005.83344,0.02386671875,-0.01486578125000001,1.9203090625,1.222754375
2005.83618,0.022500000000000003,0.011585999999999989,1.9217038461538463,1.2231961538461538
2005.83892,0.03839015151515152,0.014051363636363626,1.9226728787878788,1.2232287878787877
2005.84166,0.0808989552238806,-0.01117179104477613,1.9239462686567166,1.2233528358208956
2005.8444,0.12735205882352943,0.0029322058823529305,1.9263204411764705,1.2238876470588236
2005.84714,0.13683884057971013,-0.016824782608695663,1.9283453623188405,1.2243172463768117
2005.84988,0.12302914285714286,-0.019705857142857153,1.9295044285714287,1.2245382857142857
2005.85262,0.12330183098591549,-0.02183267605633804,1.930400281690141,1.2247626760563382
2005.85536,0.13018125,-0.014208750000000011,1.931664027777778,1.2249236111111113
2005.8581,0.16665616438356165,-0.00696082191780823,1.9328931506849316,1.225051917808219
2005.86084,0.17525648648648648,-0.009803378378378389,1.9342901351351351,1.225288108108108
2005.86358,0.20856373333333333,-0.031292800000000016,1.9348361333333333,1.2250690666666666
2005.86632,0.2676159210526316,-0.006271973684210537,1.9353873684210525,1.2248286842105263
2005.86906,0.33165675324675326,-0.019137402597402608,1.935962987012987,1.2248622077922078
2005.8718,0.3281097435897436,-0.017752435897435907,1.9358941025641025,1.2246658974358975
2005.87454,0.30425037974683544,0.03140506329113923,1.9355254430379747,1.224335316455696
2005.87728,0.32225275,0.021980999999999987,1.935091625,1.224141875
2005.88002,0.3247146913580247,0.01175012345679011,1.934448024691358,1.2239617283950617
2005.88276,0.31618036585365855,0.021205365853658523,1.9339834146341461,1.2237524390243903
2005.8855,0.3102640963855422,0.021924337349397575,1.9337990361445785,1.2235813253012047
2005.88824,0.29556273809523814,0.029778571428571415,1.9338139285714286,1.2237496428571428
2005.89098,0.3046570588235294,0.015386823529411753,1.933583411764706,1.223526
2005.89372,0.3063332558139535,0.017548372093023245,1.9330466279069767,1.223267558139535
2005.89646,0.29298505747126435,0.017359080459770106,1.9326590804597699,1.2231493103448277
2005.8992,0.3220678409090909,0.02133090909090908,1.9323818181818182,1.2230415909090908
2005.90194,0.3512074157303371,0.03790775280898875,1.9325791011235955,1.2231524719101123
2005.90468,0.356002,0.0635251111111111,1.932193111111111,1.2229402222222223
2005.90742,0.3375289010989011,0.043478351648351635,1.9318156043956043,1.2228157142857143
2005.91016,0.3139164130434783,0.026734782608695638,1.9315110869565217,1.2227311956521738
2005.9129,0.311545376344086,0.04519860215053762,1.931245053763441,1.2226041935483871
2005.91564,0.2959186170212766,0.04093765957446807,1.9316497872340423,1.222626170212766
2005.91838,0.287539052631579,0.0261116842105263,1.9320773684210526,1.2225752631578948
2005.92112,0.3008885416666667,0.02559249999999999,1.9318137499999999,1.2223679166666666
2005.92386,0.2885940206185567,0.022205670103092774,1.9318011340206187,1.2223561855670104
2005.9266,0.2808791836734694,0.048181734693877536,1.9317279591836733,1.2223026530612244
2005.93208,0.2197393,0.053750202020202004,1.9316902999999999,1.2221460606060606
2005.93482,0.1892788118811881,0.05843529999999999,1.9314583168316832,1.2218894999999999
2005.93756,0.17362372549019608,0.059174158415841574,1.9315373529411763,1.2218149504950495
2005.9403,0.1488864077669903,0.07441617647058822,1.9317160194174756,1.2217485294117647
2005.94304,0.12972317307692308,0.08109815533980581,1.9317767307692306,1.221723495145631
2005.94578,0.09713666666666668,0.0892843269230769,1.9319780952380952,1.221731923076923
2005.94852,0.0699879245283019,0.09118885714285713,1.9322599056603773,1.2218253333333333
2005.95126,0.05187205607476636,0.08962150943396226,1.932299906542056,1.2217095283018866
2005.954,0.03830675925925927,0.09091336448598131,1.9328215740740742,1.2219490654205607
2005.95674,0.01565302752293578,0.0990035185185185,1.933210733944954,1.2219678703703705
2005.95948,-0.00788672727272727,0.10059477064220183,1.9331733636363635,1.2219106422018347
2005.96222,-0.02860387387387387,0.10866436363636361,1.9330696396396396,1.221685818181818
2005.96496,-0.012690178571428568,0.11201918918918918,1.9348815178571428,1.2223999099099099
2005.9677,-0.022268495575221234,0.10833910714285713,1.9371750442477875,1.2228803571428573
2005.97044,0.0011565789473684251,0.09780203539823008,1.9384491228070175,1.2230664601769912
2005.97318,0.024002347826086963,0.09679894736842104,1.939934,1.223195
2005.97592,0.02288724137931035,0.11479408695652173,1.9419322413793103,1.2236918260869565
2005.97866,0.030605042735042737,0.11071862068965516,1.9431711111111112,1.224132672413793
2005.9814,0.03480415254237289,0.11592478632478631,1.9435690677966102,1.2242252991452993
2005.98414,0.021346386554621854,0.12142237288135592,1.9436851260504202,1.2242639830508473
2005.98688,0.009156500000000005,0.11722924369747899,1.9441341666666667,1.224400168067227
2005.98962,0.0030790082644628143,0.10592933333333332,1.945030991735537,1.2247230833333334
2005.99236,-0.04230680327868852,0.08570710743801652,1.9456568852459015,1.2249043801652892
2005.9951,-0.08514788617886178,0.05969999999999999,1.9460789430894307,1.225071393442623
2005.99784,-0.037529999999999994,0.032862113821138204,1.9469503225806453,1.2254815447154472
