2007.34318,2.80908,1.81549,1.17346,1.14686
2007.34592,1.8418649999999999,1.18208,1.8855199999999999,1.94109
2007.34866,1.6361966666666667,1.20305,1.6529433333333332,1.6825400000000001
2007.3514,1.5349599999999999,1.5142225,1.5340975,1.5530875000000002
2007.35414,1.5720939999999999,1.7768760000000001,1.475066,1.482274
2007.36236,1.654378333333333,1.72902,1.4225816666666666,1.4254183333333332
2007.3651,1.9283514285714285,1.7850871428571427,1.3893314285714287,1.3897071428571428
2007.36784,1.98925375,1.79810625,1.36592875,1.365425
2007.37058,2.0475544444444447,1.9486477777777778,1.3454533333333332,1.342648888888889
2007.37332,2.034134,1.785756,1.331324,1.325428
2007.37606,2.0805527272727273,1.7030036363636363,1.3204145454545453,1.3119881818181818
2007.3788,2.0210174999999997,1.6337725,1.3084241666666665,1.2991208333333333
2007.38154,1.9131323076923077,1.652173076923077,1.2991446153846153,1.2893323076923078
2007.38428,1.9152585714285715,1.5908557142857143,1.2917021428571427,1.2813507142857143
2007.38702,1.9290606666666668,1.5344306666666665,1.2853199999999998,1.2747666666666668
2007.38976,1.9730993749999999,1.463668125,1.281014375,1.269943125
2007.3925,1.9456270588235294,1.5221570588235294,1.2801641176470588,1.2669482352941177
2007.39524,1.998006111111111,1.5765777777777776,1.2757138888888888,1.263095
2007.39798,2.021734210526316,1.5770463157894736,1.2716247368421052,1.259422105263158
2007.40072,1.9286590000000001,1.4992554999999999,1.268558,1.2562950000000002
2007.40346,1.8871809523809524,1.4270519047619048,1.2651014285714286,1.252785238095238
2007.4062,1.8860368181818181,1.3629918181818181,1.262145,1.249919090909091
2007.40894,1.9274434782608696,1.2974043478260868,1.2603352173913043,1.2483895652173913
2007.41168,1.9186062499999998,1.30613,1.2600833333333332,1.2482083333333334
2007.44456,1.8513996,1.2479736,1.2576416000000001,1.244812
2007.4473,1.823146923076923,1.3313965384615385,1.2552696153846152,1.241869230769231
2007.45004,1.8126307407407407,1.3764825925925928,1.252088148148148,1.23843
2007.45278,1.7794867857142855,1.3986964285714285,1.2499014285714285,1.2357978571428572
2007.45552,1.7422972413793103,1.4391282758620692,1.2471951724137933,1.2325831034482757
2007.45826,1.6895666666666667,1.448523,1.2445330000000001,1.2297973333333334
2007.461,1.684186129032258,1.4522390322580645,1.2420425806451614,1.2269835483870968
2007.47196,1.6607528125,1.4654728125,1.240059375,1.2245690625
2007.4747,1.6277818181818182,1.4707757575757576,1.238041212121212,1.2222575757575758
2007.47744,1.5819967647058824,1.4260829411764706,1.2371347058823527,1.2209017647058824
2007.48018,1.5251248571428573,1.4138797142857142,1.235110857142857,1.2188477142857141
2007.48292,1.4920066666666667,1.4098475000000001,1.2334269444444443,1.2173047222222222
2007.48566,1.4897162162162163,1.389296756756757,1.2319445945945946,1.2155554054054054
2007.4884,1.4239249999999999,1.3668473684210525,1.2307555263157894,1.2138792105263156
2007.49114,1.3908764102564102,1.3271069230769232,1.2308605128205128,1.2137364102564103
2007.49388,1.309191,1.229692,1.25965725,1.2519725000000002
2007.49662,1.4315719512195122,1.2371741463414634,1.305988780487805,1.3114356097560977
2007.49936,1.3475642857142858,1.2032219047619048,1.3177409523809525,1.3229992857142858
2007.5021,1.326935581395349,1.1673309302325583,1.321166511627907,1.3285079069767443
2007.50484,1.1364304545454547,1.1916925,1.3747295454545454,1.3896802272727273
2007.50758,1.129051111111111,1.1884206666666666,1.370598,1.3845066666666666
2007.51032,1.136588043478261,1.172394347826087,1.3664236956521738,1.3794026086956521
2007.51306,1.1134508510638297,1.1352148936170212,1.3624923404255318,1.3747742553191489
2007.5158,1.0684314583333332,1.091891875,1.3587035416666666,1.3702641666666666
2007.51854,1.0558697959183674,1.070699387755102,1.3550693877551019,1.3656904081632653
2007.52128,1.0514784,1.0498896,1.3514781999999999,1.3611566
2007.52402,1.0529139215686274,1.03544,1.348007843137255,1.3569968627450981
2007.52676,1.0786094230769232,1.0089259615384616,1.3450840384615383,1.353230576923077
2007.5295,1.0469462264150944,0.9842567924528302,1.3445869811320754,1.3515883018867925
2007.53224,0.9993824074074075,0.9712861111111111,1.3427253703703703,1.3488027777777778
2007.53498,0.9918343636363637,0.9268983636363637,1.3403174545454546,1.3455078181818183
2007.53772,0.9617057142857143,0.9047342857142857,1.3373014285714286,1.342011607142857
2007.54046,0.9025533333333333,0.8741329824561404,1.3354322807017545,1.3392649122807017
2007.5432,0.8806368965517242,0.8637377586206896,1.3329218965517242,1.336403448275862
2007.54594,0.8625038983050847,0.8408940677966101,1.3305661016949153,1.3335662711864407
2007.54868,0.8465651666666666,0.818891,1.3282716666666665,1.3307523333333333
2007.55142,0.8135160655737704,0.7862118032786886,1.3257840983606557,1.3277026229508198
2007.55416,0.8095877419354839,0.7514698387096774,1.3235417741935485,1.324785806451613
2007.5569,0.7948536507936508,0.7453188888888889,1.3212569841269841,1.3220636507936507
2007.55964,0.76467984375,0.70971546875,1.3190915625,1.3194825000000001
2007.56238,0.7346866153846153,0.7161421538461538,1.3194166153846154,1.3200698461538463
2007.56512,0.7153354545454546,0.7251884848484849,1.3171431818181818,1.3173696969696969
2007.56786,0.6993289552238806,0.6981700000000001,1.3150444776119403,1.3147928358208956
2007.5706,0.6856664705882354,0.6814277941176471,1.3131880882352942,1.3124073529411766
2007.57334,0.66271,0.6610657971014493,1.311326231884058,1.310173768115942
2007.57608,0.6421292857142857,0.6484248571428571,1.3095175714285714,1.3079734285714284
2007.57882,0.6333169014084506,0.6392914084507042,1.3077309859154929,1.3057445070422535
2007.58156,0.6232408333333334,0.6273526388888889,1.3061077777777779,1.3038454166666666
2007.5843,0.6231035616438356,0.6089841095890411,1.304304794520548,1.3015971232876713
2007.58704,0.6046509459459459,0.6002978378378379,1.3026195945945946,1.2995254054054053
2007.58978,0.5932955999999999,0.5892132,1.3009793333333333,1.297528
2007.59252,0.5813626315789474,0.5737196052631579,1.2995168421052632,1.2957053947368422
2007.59526,0.5736277922077921,0.5490667532467532,1.2982385714285714,1.2940600000000002
2007.598,0.5616217948717949,0.5485812820512821,1.2969274358974359,1.2922828205128205
2007.60074,0.5568487341772153,0.5402694936708862,1.295507088607595,1.2904149367088606
2007.60348,0.5425623749999999,0.504499875,1.2941093750000001,1.288692
2007.60622,0.52672,0.48817827160493826,1.292657777777778,1.287038024691358
2007.60896,0.5186346341463415,0.4795809756097561,1.2911667073170732,1.285354756097561
2007.6117,0.4967968674698795,0.47405530120481926,1.2898718072289157,1.2837378313253012
2007.61444,0.4854479761904762,0.4673367857142857,1.2885347619047618,1.2820742857142857
2007.61718,0.48411188235294117,0.4596322352941176,1.2882522352941177,1.281526
2007.61992,0.48273000000000005,0.46344116279069775,1.2881546511627908,1.2809738372093025
2007.62266,0.4821903448275862,0.46189436781609194,1.2961733333333332,1.2934031034482758
2007.6254,0.4909613636363636,0.4529034090909091,1.2953020454545454,1.2922575
2007.62814,0.48096393258426967,0.4327605617977528,1.2947837078651685,1.2916675280898877
2007.63088,0.463329,0.42789866666666665,1.2941518888888888,1.2909001111111111
2007.63362,0.4496134065934066,0.4104925274725275,1.2931741758241757,1.2901417582417583
2007.63636,0.44090673913043477,0.3904838043478261,1.2921954347826088,1.2889804347826088
2007.6391,0.42852043010752694,0.38148333333333334,1.291248817204301,1.2879977419354838
2007.64184,0.4201252127659575,0.37411851063829793,1.2901917021276597,1.286861170212766
2007.64458,0.41192136842105265,0.3695903157894737,1.2897275789473683,1.2863652631578948
2007.64732,0.3828195833333334,0.37358093750000004,1.2893370833333333,1.2855894791666667
2007.65006,0.3763424742268041,0.3588475257731959,1.288880824742268,1.284800206185567
2007.6528,0.3537973469387755,0.35294285714285717,1.2885382653061224,1.2839978571428572
2007.65554,0.3358934343434343,0.3469630303030303,1.2879442424242424,1.2830673737373737
2007.65828,0.3330815,0.3413803,1.2873826,1.2822698
2007.66102,0.31643801980198016,0.329479900990099,1.2869232673267328,1.2814809900990098
2007.66376,0.32910509803921567,0.30357509803921573,1.2868741176470586,1.281394117647059
2007.6665,0.30679203883495143,0.2884621359223301,1.286259708737864,1.2804695145631069
2007.66924,0.3002291346153846,0.29451240384615385,1.2858932692307692,1.279741346153846
2007.67198,0.290966380952381,0.278978380952381,1.2854656190476192,1.2790338095238096
2007.67472,0.24766509433962267,0.23903698113207547,1.2855092452830188,1.27867
2007.67746,0.22213009345794393,0.23017626168224298,1.285246168224299,1.2780858878504673
2007.6802,0.20633074074074076,0.20914398148148147,1.2847037037037037,1.277400185185185
2007.68294,0.2593860550458716,0.25816403669724775,1.3066694495412845,1.2989503669724771
2007.68568,0.23907599999999998,0.2573064545454546,1.307513909090909,1.2994645454545455
2007.68842,0.22607504504504503,0.23962738738738742,1.3071542342342342,1.298727027027027
2007.69116,0.2075686607142857,0.22859214285714288,1.3065360714285714,1.2978367857142856
2007.6939,0.19558787610619469,0.2163694690265487,1.305956017699115,1.296993982300885
2007.69664,0.18455754385964915,0.21364850877192984,1.3053232456140351,1.2961659649122808
2007.69938,0.1691137391304348,0.19857269565217392,1.304683739130435,1.2952777391304349
2007.70212,0.14910336206896552,0.1885046551724138,1.3041169827586208,1.2944479310344827
2007.70486,0.14178880341880343,0.16096555555555558,1.3038135042735042,1.2940842735042735
2007.7076,0.12544889830508474,0.13928940677966103,1.3034111016949153,1.2933513559322034
2007.71034,0.11197512605042016,0.11372336134453782,1.3030326890756303,1.2926847899159664
2007.71308,0.1059625,0.10543133333333335,1.3024985833333331,1.291678
2007.71582,0.11804421487603306,0.10119165289256199,1.3016013223140497,1.2904693388429753
2007.71856,0.09965237704918031,0.09134729508196723,1.3008109836065573,1.2893859016393443
2007.7213,0.08684723577235771,0.08410000000000001,1.300000243902439,1.2884537398373985
2007.72404,0.07896951612903226,0.07178209677419355,1.2991530645161289,1.2875884677419354
2007.72678,0.06688496000000001,0.056667280000000014,1.2981966399999998,1.2865655200000001
2007.72952,0.053511190476190476,0.056774523809523816,1.297369126984127,1.2854680952380952
2007.73226,0.03852433070866142,0.047279685039370085,1.2965787401574804,1.2847086614173227
2007.735,0.019938671875,0.04164218750000001,1.29585671875,1.283855
2007.73774,0.010155813953488373,0.022043643410852725,1.2952568992248064,1.2831364341085272
2007.74048,0.005026461538461539,-0.009378384615384606,1.2949102307692306,1.2826048461538462
2007.74322,-0.004907099236641221,-0.02182641221374045,1.294178396946565,1.2816832061068701
2007.74596,-0.013664469696969696,-0.02406499999999999,1.293473181818182,1.280770075757576
2007.7487,-0.033866240601503755,-0.043497443609022544,1.2931016541353384,1.280133984962406
2007.75144,-0.04930835820895522,-0.05430589552238805,1.292735671641791,1.2796140298507461
2007.75418,-0.07151881481481481,-0.048852370370370365,1.292344740740741,1.2790911851851852
2007.75692,-0.08276742647058824,-0.06130441176470587,1.292305588235294,1.2789647794117647
2007.75966,-0.08902416058394161,-0.06838671532846714,1.2915351824817518,1.2780057664233577
2007.7624,-0.0933541304347826,-0.07183195652173913,1.2908426811594202,1.277184927536232
2007.76514,-0.08753985611510791,-0.07412870503597122,1.290160143884892,1.2763707194244605
2007.76788,-0.09069871428571429,-0.06835871428571427,1.2899185,1.2764307142857143
2007.77062,-0.08664687943262411,-0.07401985815602835,1.2901664539007092,1.2763631914893616
2007.77336,-0.08245218309859155,-0.07655373239436619,1.2900506338028168,1.2763419014084507
2007.7761,-0.0854044055944056,-0.08552244755244755,1.2893784615384616,1.2755613986013987
2007.77884,-0.08797263888888888,-0.09035444444444443,1.2890139583333333,1.275015
2007.78158,-0.10016613793103447,-0.09740565517241379,1.2884075862068964,1.2742888965517243
2007.78432,-0.10580506849315069,-0.10894280821917807,1.2877674657534246,1.2735433561643836
2007.78706,-0.11229659863945578,-0.12133149659863944,1.287268299319728,1.272910068027211
2007.7898,-0.13788702702702701,-0.1408112162162162,1.2867896621621622,1.2723191216216216
2007.79254,-0.1506011409395973,-0.15281637583892616,1.2864273154362416,1.2717312751677852
2007.79528,-0.1665698,-0.17303646666666667,1.2861516666666668,1.2713418666666667
2007.79802,-0.1809005298013245,-0.18601688741721853,1.2860422516556291,1.2711515894039735
2007.80076,-0.18628355263157895,-0.19573605263157895,1.2855236842105262,1.2705407236842106
2007.8035,-0.19492418300653594,-0.20953601307189543,1.2852058169934641,1.2700779738562091
2007.80624,-0.20089448051948053,-0.23343402597402596,1.284726038961039,1.269430974025974
2007.80898,-0.1995594193548387,-0.23622535483870968,1.2844240645161291,1.2689629032258063
2007.81172,-0.18612358974358975,-0.2399376282051282,1.2840734615384615,1.268386346153846
2007.81446,-0.19323859872611462,-0.249948152866242,1.2836100636942676,1.267839872611465
2007.8172,-0.19516620253164557,-0.25635886075949366,1.2833985443037974,1.267345506329114
2007.81994,-0.1911488679245283,-0.26536974842767297,1.2829452201257863,1.2667090566037738
2007.82268,-0.1861230625,-0.2708945625,1.2825295,1.2661475625
2007.82542,-0.18340571428571428,-0.2870603726708074,1.2823159627329193,1.2658060869565217
2007.82816,-0.18710222222222223,-0.29443555555555556,1.281846111111111,1.265226234567901
2007.8309,-0.19030932515337423,-0.3001634969325153,1.2816330674846625,1.2649472392638037
2007.83364,-0.18523713414634146,-0.31002432926829265,1.281647256097561,1.2647456707317073
2007.83638,-0.1828418181818182,-0.3093189696969697,1.2830191515151514,1.2668418181818182
2007.83912,-0.18155777108433735,-0.312900421686747,1.2825440963855421,1.266265421686747
2007.84186,-0.18062267857142858,-0.33853291666666663,1.287572738095238,1.2690929761904761
2007.84734,-0.18060644970414202,-0.3373934319526627,1.287157869822485,1.2686276331360946
2007.85008,-0.17495282352941174,-0.34316294117647056,1.2869223529411766,1.2683358823529411
2007.85282,-0.17750923976608188,-0.35283719298245614,1.287628947368421,1.2690295321637428
2007.85556,-0.17816162790697673,-0.36032482558139534,1.2881845348837209,1.2692747674418605
2007.8583,-0.19375797687861274,-0.37305682080924857,1.2879294797687861,1.2690545664739883
2007.86104,-0.19660385057471264,-0.37287379310344826,1.2877361494252875,1.2687424137931034
2007.86378,-0.20750068571428573,-0.3814371428571428,1.2874631428571428,1.2684501714285714
2007.86652,-0.21148170454545454,-0.3817455113636363,1.2872397727272729,1.268197784090909
2007.86926,-0.21513310734463276,-0.38579192090395475,1.2869958192090396,1.2678271751412429
2007.872,-0.2154884831460674,-0.3837493258426966,1.2867660674157304,1.2675490449438203
2007.87474,-0.23765893854748604,-0.39870860335195524,1.2867274860335196,1.267389776536313
2007.87748,-0.23929755555555557,-0.3986141666666667,1.2865074444444444,1.2672005
2007.88022,-0.2401811049723757,-0.3995663535911602,1.2862050828729281,1.2668238121546962
2007.88296,-0.24164626373626372,-0.4025863736263736,1.2859566483516482,1.2664944505494506
2007.8857,-0.24565065573770492,-0.3923507103825136,1.2855655737704919,1.2660593989071038
2007.88844,-0.24416918478260868,-0.39323309782608695,1.285173152173913,1.2656251630434783
2007.89118,-0.24044756756756755,-0.3896424324324324,1.284879027027027,1.2652651351351352
2007.89392,-0.24044129032258063,-0.38491435483870967,1.2849400537634408,1.2653968817204302
2007.89666,-0.24511898395721923,-0.39269443850267377,1.289924331550802,1.2701432085561497
2007.8994,-0.24709978723404255,-0.3943913829787234,1.2901537765957447,1.2704110638297872
2007.90214,-0.2480046560846561,-0.38899232804232803,1.2900343915343915,1.2702564021164022
2007.90488,-0.24746110526315787,-0.39410931578947367,1.2900777894736841,1.270186105263158
2007.90762,-0.25069083769633504,-0.39894366492146593,1.2900242931937174,1.2700716753926702
2007.91036,-0.2536818229166667,-0.39589041666666663,1.2900779166666667,1.269999375
2007.9131,-0.25352056994818656,-0.38514051813471506,1.2942816062176166,1.2735302072538859
2007.91584,-0.25641572164948456,-0.3738471134020619,1.2943496907216494,1.273599175257732
2007.91858,-0.26394584615384614,-0.3709528717948718,1.294191435897436,1.2733926153846156
2007.92132,-0.27646346938775507,-0.37377311224489795,1.2943688775510205,1.2737605612244898
2007.92406,-0.2789739086294416,-0.3813680203045685,1.2944302538071066,1.2737330456852791
2007.9268,-0.27950752525252526,-0.3699228282828283,1.2944031818181818,1.2735433838383838
2007.92954,-0.2736167336683417,-0.36757381909547737,1.2944843718592967,1.273405879396985
2007.93228,-0.2711329,-0.36544955,1.29441125,1.2732269
2007.93502,-0.2680648756218905,-0.3556710447761194,1.2943083084577116,1.2730674626865672
2007.93776,-0.2688025742574257,-0.3503717821782178,1.2941608415841583,1.2728530198019803
2007.9405,-0.2710828078817734,-0.34221463054187196,1.29388881773399,1.2724576354679802
2007.94324,-0.26663289215686276,-0.3380014215686275,1.2935693137254902,1.2720416176470588
2007.94598,-0.2662488780487805,-0.3313524878048781,1.293472487804878,1.2718806341463413
2007.94872,-0.2646385436893204,-0.3207887378640777,1.293237572815534,1.2717038834951457
2007.95146,-0.26521101449275364,-0.3159997584541063,1.2929406763285023,1.2714873913043476
2007.9542,-0.2581109615384615,-0.3077562980769231,1.2927253365384614,1.2711596153846154
2007.95694,-0.25774684210526316,-0.30524842105263156,1.2924581818181817,1.2708486602870814
2007.95968,-0.26028909523809524,-0.30405609523809524,1.292154619047619,1.270476
2007.96242,-0.2667106161137441,-0.2991890521327014,1.2918684834123222,1.2701170616113746
2007.96516,-0.2729470754716981,-0.30418042452830185,1.291589858490566,1.2697850943396225
2007.9679,-0.2776161502347418,-0.29987258215962437,1.2913667136150233,1.2695233333333333
2007.97064,-0.2752117289719626,-0.3016342056074766,1.291183878504673,1.2693307943925234
2007.97338,-0.27289297674418606,-0.29262711627906973,1.2910027441860465,1.2690104186046511
2007.97612,-0.2736124074074074,-0.2879777314814815,1.290809074074074,1.268785648148148
2007.97886,-0.27409299539170506,-0.2817732718894009,1.2904663133640553,1.2684411059907834
2007.9816,-0.28020963302752294,-0.2794846788990826,1.2901266972477063,1.2680669724770643
2007.98434,-0.28445127853881275,-0.2780994063926941,1.2897528310502284,1.267699497716895
2007.98708,-0.28574350000000004,-0.27586422727272725,1.2894985909090908,1.2674815454545454
2007.98982,-0.2876693212669683,-0.26946488687782805,1.28933,1.2673560633484162
2007.99256,-0.2891255855855856,-0.2621153153153153,1.2890891891891891,1.267193108108108
2007.9953,-0.2883383856502242,-0.2517834529147982,1.28880466367713,1.2669547085201793
2007.99804,-0.2851502232142857,-0.23641107142857143,1.2883445535714286,1.2665461607142858
2008.00078,-0.28260902222222223,-0.23370408888888888,1.289957422222222,1.2677228
2008.00352,-0.28459486725663713,-0.2243375663716814,1.2895823008849558,1.2673966814159292
2008.00626,-0.28521348017621145,-0.22467581497797356,1.2890977973568283,1.266994757709251
2008.009,-0.29137324561403505,-0.2197271052631579,1.2887970175438594,1.2667561842105262
2008.01174,-0.29813689956331874,-0.21257379912663757,1.2883469868995632,1.2663387336244543
2008.01448,-0.30127482608695655,-0.20378813043478258,1.2878341304347825,1.265850347826087
2008.01722,-0.30168259740259745,-0.20239995670995672,1.287343463203463,1.2654187445887446
2008.01996,-0.307481724137931,-0.20243,1.2869231465517241,1.265135646551724
2008.0227,-0.3135084120171674,-0.2024951931330472,1.286537167381974,1.264888712446352
2008.02544,-0.31902465811965813,-0.19831303418803417,1.286071452991453,1.2644728632478632
2008.02818,-0.3180242127659575,-0.19226965957446807,1.2855922553191488,1.2639815319148937
2008.03092,-0.31492466101694916,-0.19447347457627118,1.2853122033898305,1.263715381355932
2008.03366,-0.3106766244725738,-0.1874445569620253,1.2848920675105486,1.2633037130801688
2008.0364,-0.30718537815126046,-0.18397155462184872,1.2845098739495797,1.2629765966386555
2008.03914,-0.3057342677824268,-0.17550774058577404,1.284070920502092,1.2625655230125523
2008.04188,-0.305168625,-0.16609883333333333,1.2836782500000001,1.262256125
2008.04462,-0.30781767634854773,-0.15997651452282155,1.2832973443983402,1.2619433609958506
2008.04736,-0.30651760330578515,-0.1521744214876033,1.2830802479338843,1.2615977272727272
2008.0501,-0.3043830452674897,-0.14749930041152262,1.2827680658436216,1.261254938271605
2008.05284,-0.3013258606557377,-0.13610942622950817,1.2823452459016393,1.2608446721311475
2008.05558,-0.3036267346938775,-0.13011151020408163,1.2819551020408164,1.2604494285714285
2008.05832,-0.2938991869918699,-0.1218381707317073,1.2815223983739836,1.2600080081300813
2008.06106,-0.28683587044534414,-0.11474218623481781,1.281093198380567,1.259575951417004
2008.0638,-0.28005782258064515,-0.11001895161290322,1.2806963306451613,1.2591762096774193
2008.09668,-0.2662510441767068,-0.11320927710843373,1.2810627710843372,1.2594138554216867
2008.09942,-0.26512936000000004,-0.11872296,1.28080836,1.25908084
2008.10216,-0.2587640637450199,-0.11755625498007967,1.2805559760956176,1.2587988844621514
2008.1049,-0.25767396825396827,-0.12083234126984126,1.2801675396825396,1.258414246031746
2008.10764,-0.24762652173913044,-0.11780288537549406,1.2798428458498023,1.258032648221344
2008.11038,-0.23739287401574802,-0.1153691338582677,1.2795005511811024,1.25766531496063
2008.11312,-0.23086149019607843,-0.11624172549019607,1.2791047843137255,1.2572896470588235
2008.12956,-0.2258471484375,-0.12048328124999999,1.28118984375,1.2593843359375
2008.1323,-0.21957217898832684,-0.11679517509727626,1.2808025291828793,1.2590076653696498
2008.13504,-0.2148753488372093,-0.11312112403100776,1.2804261240310078,1.2586477519379844
2008.13778,-0.2108542084942085,-0.11055362934362933,1.2800486872586871,1.2582602702702703
2008.14052,-0.20490865384615384,-0.10750684615384615,1.2796741538461538,1.257906
2008.14326,-0.20307996168582376,-0.10830429118773946,1.279294674329502,1.257557203065134
2008.146,-0.20374087786259543,-0.10306606870229007,1.2789258778625954,1.2571865267175573
2008.14874,-0.20580973384030418,-0.09673174904942965,1.2785637642585552,1.256834980988593
2008.15148,-0.2043803787878788,-0.09377969696969696,1.2781889015151515,1.256450909090909
2008.15422,-0.1980924150943396,-0.08783577358490566,1.2777936981132074,1.2560724150943396
2008.15696,-0.18977973684210525,-0.083363984962406,1.2806091729323308,1.2579666917293233
2008.1597,-0.18761314606741572,-0.07594741573033707,1.2801619101123596,1.257547902621723
2008.16244,-0.18312917910447762,-0.07515055970149254,1.279794328358209,1.2571935447761193
2008.16518,-0.18224587360594796,-0.07399252788104088,1.2793990334572491,1.2567993308550187
2008.16792,-0.1775121111111111,-0.0703588148148148,1.2789422592592592,1.2563921481481481
2008.17066,-0.17571959409594096,-0.0717380811808118,1.278530405904059,1.2560459778597786
2008.1734,-0.16953077205882353,-0.066170625,1.278121580882353,1.2556603308823528
2008.17614,-0.16336388278388278,-0.06294890109890108,1.2778243956043958,1.2552696703296704
2008.17888,-0.1549814598540146,-0.060799051094890505,1.2774136496350366,1.2548766423357665
2008.18162,-0.13950221818181818,-0.05735665454545454,1.2770468,1.2545046545454546
2008.18436,-0.1248547463768116,-0.05157782608695652,1.2766418478260868,1.2541327536231885
2008.1871,-0.12577978339350182,-0.05057324909747292,1.2763136823104693,1.2538770397111914
2008.18984,-0.11979147482014389,-0.045092410071942444,1.2759510791366906,1.2535178057553957
2008.19258,-0.12060455197132615,-0.041798709677419346,1.2756240860215053,1.2531739426523298
2008.19532,-0.1186282857142857,-0.03607942857142857,1.2752080714285714,1.25279425
2008.19806,-0.1157394306049822,-0.03014907473309608,1.2757343416370108,1.2534217081850534
2008.2008,-0.11627751773049644,-0.025162375886524816,1.2753789361702128,1.2530945035460994
2008.20354,-0.11359487632508833,-0.023657031802120136,1.2749826501766783,1.2527166077738516
2008.20628,-0.11061285211267606,-0.023427253521126755,1.2746035915492957,1.252308661971831
2008.20902,-0.10617670175438595,-0.025536807017543853,1.274449754385965,1.252156807017544
2008.21176,-0.09733314685314685,-0.022887727272727268,1.2742898251748251,1.2519835314685315
2008.2145,-0.09602376306620208,-0.021383414634146336,1.2742201393728223,1.252117700348432
2008.21724,-0.09028809027777777,-0.01940430555555555,1.2738987152777779,1.25188125
2008.21998,-0.08807865051903113,-0.01623906574394463,1.2736042906574394,1.2516464359861592
2008.22272,-0.08213137931034482,-0.01277927586206896,1.273255448275862,1.2513713448275863
2008.22546,-0.07763601374570446,-0.007746185567010303,1.2729301030927835,1.2511227147766322
2008.2282,-0.07181397260273972,-0.0011319863013698572,1.2725789383561643,1.250836609589041
2008.23094,-0.06726242320819112,0.0032484982935153646,1.2723069965870308,1.250608566552901
2008.23368,-0.06634935374149659,0.0031425510204081695,1.2720995578231293,1.2504452721088435
2008.23642,-0.06428505084745763,0.0060603728813559375,1.2732460677966102,1.2513924406779662
2008.23916,-0.059882195945945946,0.00946422297297298,1.2730472297297297,1.2511962162162162
2008.2419,-0.05852791245791246,0.011682693602693608,1.2727980471380471,1.2509964983164983
2008.24464,-0.05655389261744966,0.011821677852349,1.272533389261745,1.2507693288590604
2008.24738,-0.05734762541806019,0.012728093645484957,1.2722773244147156,1.250569966555184
2008.25012,-0.05180143333333333,0.014764300000000006,1.2720570666666666,1.2503529
2008.25286,-0.04530076411960133,0.014357574750830571,1.271811096345515,1.2502606976744186
2008.2556,-0.03963990066225165,0.017714304635761593,1.2715294701986755,1.250022417218543
2008.25834,-0.03664217821782177,0.01915366336633664,1.2712598349834985,1.2498045874587458
2008.26108,-0.03869907894736842,0.022747203947368427,1.2709684210526315,1.2495693749999999
2008.26382,-0.039501868852459016,0.023024557377049188,1.2707728524590163,1.2494177049180328
2008.26656,-0.04177526143790849,0.02429928104575164,1.2704983006535946,1.2491852941176471
2008.2693,-0.0401857003257329,0.02239550488599349,1.2701122475570032,1.2489264820846906
2008.27204,-0.040238311688311684,0.024009772727272734,1.2699678571428572,1.2487575
2008.27478,-0.039587055016181226,0.026742233009708745,1.2695727831715211,1.2485040453074434
2008.27752,-0.036796806451612894,0.029727225806451617,1.2692759677419354,1.2482914193548387
2008.28026,-0.029659903536977488,0.03443819935691319,1.2690073633440515,1.248054887459807
2008.283,-0.02379189102564102,0.038041250000000006,1.2686683333333333,1.2478358974358974
2008.28574,-0.026391437699680505,0.03849587859424921,1.2682955271565495,1.2475840575079873
2008.28848,-0.026804394904458594,0.03868248407643313,1.268029363057325,1.2474112101910828
2008.29122,-0.02547380952380952,0.04301631746031747,1.2678330793650794,1.2472825396825398
2008.29396,-0.022308639240506325,0.043543449367088614,1.2675538607594936,1.2471004113924051
2008.2967,-0.02237990536277602,0.044397697160883286,1.2672989905362777,1.2469194321766561
2008.29944,-0.022943207547169806,0.04237157232704403,1.2669105974842767,1.2466497169811321
2008.30218,-0.025003322884012535,0.04042946708463951,1.2665182445141066,1.24639065830721
2008.30492,-0.023352468749999994,0.03974246875,1.26624025,1.2462046875000001
2008.30766,-0.023040903426791274,0.040607258566978194,1.2661328971962615,1.2461467601246106
2008.3104,-0.02283568322981366,0.04056524844720498,1.2659436024844721,1.2460092857142857
2008.31314,-0.02420947368421052,0.04348866873065016,1.265910681114551,1.246009814241486
2008.31588,-0.020814320987654317,0.0455691975308642,1.2655653703703704,1.2457920061728396
2008.31862,-0.018020399999999995,0.04749461538461539,1.2652756923076924,1.2457272615384616
2008.32136,-0.017705644171779136,0.0489688036809816,1.265066226993865,1.2456979754601227
2008.3241,-0.01671577981651376,0.053524954128440376,1.2648737003058104,1.2457431804281345
2008.32684,-0.016242957317073165,0.057845243902439024,1.2647072865853657,1.245844725609756
2008.32958,-0.017704954407294828,0.05584975683890578,1.2643739817629178,1.245667659574468
2008.33232,-0.01761145454545454,0.05882924242424242,1.264030303030303,1.2454613636363636
2008.33506,-0.013423716012084587,0.0602370996978852,1.2637010574018128,1.2452757401812689
2008.3378,-0.0121997891566265,0.061897771084337354,1.2633614759036145,1.245067560240964
2008.34054,-0.014201261261261257,0.0657309009009009,1.263202102102102,1.2450172672672672
2008.34328,-0.0088302994011976,0.06646547904191617,1.2628813473053893,1.2448346407185629
2008.34602,-0.00816188059701492,0.07078597014925374,1.2627060597014925,1.24475976119403
2008.34876,-0.009659999999999995,0.07197880952380953,1.2623460714285715,1.2445109226190476
2008.3515,-0.011168842729970322,0.07311338278931752,1.2619973293768545,1.2442699406528188
2008.35424,-0.012282988165680468,0.07334997041420119,1.2617868639053256,1.2441762426035503
2008.35698,-0.013259616519174037,0.0729413569321534,1.2614478466076695,1.2439945722713863
2008.35972,-0.010102882352941172,0.06986382352941177,1.2613726176470588,1.2440661764705883
2008.36246,-0.008632170087976536,0.06694730205278593,1.2612378299120235,1.2440807624633432
2008.3652,-0.005826812865497071,0.06633950292397661,1.2608645029239767,1.2438340935672514
2008.36794,-0.002331137026239062,0.06700857142857143,1.2605142565597667,1.243638862973761
2008.37068,0.002956395348837214,0.07037651162790698,1.260174941860465,1.2434406104651161
2008.37342,0.009327449275362323,0.07001113043478262,1.2598227826086956,1.2432083188405798
2008.37616,0.014547167630057808,0.07607199421965319,1.2608209826589596,1.2449454913294797
2008.3789,0.013063573487031705,0.07178308357348703,1.2605456484149855,1.2447987319884726
2008.38164,0.01594594827586207,0.0690698275862069,1.2602307471264367,1.2446445977011495
2008.38438,0.013807191977077367,0.07322240687679082,1.2599469627507163,1.2444852148997134
2008.38712,0.012341771428571433,0.07297625714285715,1.2595741714285713,1.2442450857142857
2008.38986,0.009840199430199434,0.07294447293447294,1.259328831908832,1.2440449857549858
2008.3926,0.009518721590909095,0.07471613636363637,1.2590878125,1.2438399431818181
2008.39534,0.009186005665722384,0.07609745042492919,1.2587611898016997,1.2436036827195467
2008.39808,0.012771525423728818,0.07191940677966102,1.2584595480225989,1.2434070903954801
2008.40082,0.012290056338028174,0.07421771830985915,1.258133661971831,1.2431934929577464
2008.40356,0.015053932584269666,0.0774911797752809,1.2582694101123595,1.2433504213483146
2008.4063,0.0161927731092437,0.07903971988795519,1.2580232492997199,1.2431582072829133
2008.40904,0.015541424581005589,0.07819343575418994,1.257738463687151,1.24293312849162
2008.41178,0.018114846796657386,0.08081356545961003,1.257401114206128,1.2427033426183844
2008.41452,0.01872505555555556,0.07998511111111112,1.2571395277777777,1.2425204722222223
2008.41726,0.021050387811634354,0.08122426592797784,1.2568312188365651,1.2423168421052633
2008.42,0.023206491712707188,0.08386472375690608,1.2565217955801105,1.2420847237569062
2008.42274,0.02191101928374656,0.08120068870523417,1.2562958126721762,1.2419739669421488
2008.42548,0.018303131868131872,0.08163673076923078,1.256346510989011,1.2420444230769232
2008.42822,0.014876904109589046,0.0787673698630137,1.2561418630136987,1.241873698630137
2008.43096,0.010637103825136615,0.0765824043715847,1.2559383333333334,1.241742950819672
2008.4337,0.010751171662125344,0.07396452316076295,1.2557944414168938,1.241603188010899
2008.43644,0.010860244565217395,0.07418353260869566,1.2555901902173914,1.2414117663043478
2008.43918,0.011666260162601631,0.06770149051490515,1.2554313821138212,1.2412833333333333
2008.44192,0.009712216216216221,0.0665375945945946,1.2552955675675677,1.2411768378378378
2008.44466,0.008613396226415097,0.06585908355795149,1.2552818059299191,1.2411941778975741
2008.4474,0.012758091397849468,0.06635559139784947,1.255119623655914,1.2410481720430107
2008.45014,0.014565254691689011,0.06616512064343164,1.2549363538873994,1.2408876139410188
2008.45288,0.017406577540106955,0.06568890374331551,1.254754064171123,1.2407508288770055
2008.45562,0.021068453333333338,0.06618789333333333,1.25456184,1.2406319466666667
2008.45836,0.023570904255319155,0.06670218085106383,1.2542863031914893,1.2404395744680852
2008.4611,0.02544042440318303,0.06825551724137931,1.254044774535809,1.2402690716180371
2008.46384,0.029846058201058207,0.06766240740740742,1.2537585185185185,1.2400616666666666
2008.46658,0.030817862796833774,0.06878416886543536,1.2535061741424802,1.2398251715039577
2008.46932,0.03539873684210527,0.06934673684210527,1.2532363157894737,1.2396143684210525
2008.47206,0.03976758530183727,0.07495556430446194,1.2530135170603673,1.23946280839895
2008.4748,0.03922714659685864,0.06984065445026179,1.25276777486911,1.239300837696335
2008.47754,0.04084981723237598,0.07105467362924282,1.252558041775457,1.239160234986945
2008.48028,0.043496302083333334,0.07030859375000001,1.25228546875,1.2389626822916666
2008.48302,0.047275506493506494,0.07256054545454546,1.2520143116883118,1.2387512987012987
2008.48576,0.04774336787564767,0.07187790155440416,1.2518532124352333,1.2385650777202073
2008.4885,0.050659431524547806,0.07063741602067183,1.2515925064599485,1.2383835142118862
2008.49124,0.0536465206185567,0.07245164948453608,1.2513304896907216,1.23819
2008.49398,0.05520280205655527,0.07524820051413882,1.251098766066838,1.2380397172236504
2008.49672,0.05960851282051283,0.07886310256410257,1.2509075641025642,1.237912205128205
2008.49946,0.06358856777493607,0.0736097442455243,1.2507147314578004,1.2377615856777493
2008.5022,0.06446002551020409,0.07032642857142858,1.2505385459183673,1.2376427040816327
2008.50494,0.07068040609137057,0.06895875634517766,1.2541019796954314,1.2415290609137055
2008.5159,0.07030083544303797,0.06538086075949368,1.2560916202531645,1.2441277215189874
2008.51864,0.07056656565656566,0.06473103535353536,1.255833888888889,1.2439254040404042
2008.52138,0.06980423173803527,0.06252969773299749,1.2555825944584382,1.2437313098236775
2008.52412,0.06486329145728643,0.06257748743718593,1.2554328140703517,1.2436333417085428
2008.52686,0.06893235,0.06824977500000001,1.256153475,1.24419095
2008.53508,0.0706079301745636,0.05646443890274314,1.2577025685785537,1.2463770074812968
2008.53782,0.06862196517412936,0.05745905472636817,1.257475199004975,1.2462005472636817
2008.54056,0.06874605459057072,0.05900890818858562,1.2572464267990073,1.2460320595533498
2008.5433,0.0679620792079208,0.059857400990099015,1.256980792079208,1.245820198019802
2008.54604,0.06854096296296297,0.05841713580246914,1.2567846913580247,1.2457346419753086
2008.54878,0.07035194581280788,0.0560424630541872,1.256546699507389,1.2455826354679802
2008.55152,0.07115990171990172,0.05432257985257986,1.256292285012285,1.2453699262899263
2008.55426,0.0734280637254902,0.050514926470588244,1.2560641911764707,1.2451740196078431
2008.557,0.07100882640586798,0.0512118337408313,1.255809706601467,1.2449790709046455
2008.55974,0.07039746341463415,0.05227056097560977,1.2555714390243902,1.2448303902439024
2008.56248,0.07075352798053529,0.05061306569343066,1.2553069343065693,1.2446146228710462
2008.56522,0.0725020145631068,0.046594077669902915,1.2550759951456312,1.2443981796116506
2008.56796,0.07228169491525424,0.04532033898305085,1.2548189346246974,1.2442000726392253
2008.5707,0.0720247342995169,0.04239997584541064,1.2545482850241545,1.2439701449275362
2008.57344,0.07003501204819278,0.04201597590361446,1.2543627710843375,1.2438790602409637
2008.57618,0.06649329326923077,0.03725581730769231,1.2542248557692306,1.243841658653846
2008.57892,0.06409179856115109,0.032496306954436456,1.2543574820143883,1.2440631894484413
2008.58166,0.06318595693779905,0.03102691387559809,1.2541468181818183,1.243905861244019
2008.5844,0.05894885441527447,0.03084794749403342,1.253978663484487,1.243756109785203
2008.58714,0.05664952380952381,0.028197809523809528,1.2537187619047618,1.2435424285714285
2008.58988,0.054723087885985754,0.028550166270783852,1.2535427078384798,1.2433857719714965
2008.59262,0.05625457345971564,0.02614907582938389,1.2537602369668246,1.2435769668246446
2008.59536,0.05539673758865249,0.026971513002364073,1.2535075177304966,1.2433567612293146
2008.5981,0.05552735849056604,0.026183349056603775,1.2533694103773585,1.243290966981132
2008.60084,0.050448870588235294,0.022120658823529416,1.253289717647059,1.243267505882353
2008.60358,0.04862988262910799,0.020024812206572776,1.2532728403755868,1.243349835680751
2008.60632,0.04861892271662764,0.016268407494145203,1.2530811475409835,1.243242669789227
2008.60906,0.04634955607476636,0.012804672897196267,1.2528855607476634,1.2431276635514017
2008.6118,0.043511258741258746,0.011853006993006999,1.252657505827506,1.24298655011655
2008.61454,0.04238474418604652,0.010244720930232563,1.2524328837209304,1.242834465116279
2008.61728,0.04139661252900232,0.00815143851508121,1.2522235498839906,1.2426897215777264
2008.62002,0.041807476851851856,0.007345046296296302,1.2520104398148149,1.2425439814814814
2008.62276,0.03978002309468822,0.008561732101616632,1.251864480369515,1.2424731870669747
2008.6255,0.03827283410138249,0.006982741935483876,1.2516579032258064,1.2423500230414746
2008.62824,0.03575508045977012,0.002709287356321844,1.2515087126436781,1.2422372873563217
2008.63098,0.033768119266055045,0.0023057798165137667,1.251409495412844,1.2422135550458715
2008.63372,0.030582906178489706,0.000647254004576664,1.251226453089245,1.2420902059496566
2008.63646,0.02816196347031964,-0.0034334931506849265,1.2510979680365297,1.242003310502283
2008.6392,0.03167093394077449,-0.001799179954441909,1.2509397722095672,1.241934715261959
2008.64194,0.028339840909090912,-0.004961499999999995,1.2507195227272727,1.241796590909091
2008.64468,0.026788911564625855,-0.0058560770975056645,1.2505165079365081,1.2416769160997732
2008.64742,0.029401990950226244,-0.0048942307692307644,1.250395407239819,1.241591742081448
2008.65016,0.02570841986455982,-0.006068216704288935,1.2502610158013545,1.2415085553047405
2008.6529,0.02160443693693694,-0.009462702702702698,1.250065,1.241385518018018
2008.65564,0.017499550561797757,-0.011966089887640445,1.2499296404494382,1.2412839101123596
2008.65838,0.014129192825112111,-0.01319423766816143,1.249886659192825,1.241318923766816
2008.66112,0.015300514541387027,-0.01249127516778523,1.2497385682326623,1.241214720357942
2008.66386,0.015058973214285717,-0.015722812499999995,1.2497076116071428,1.2412353794642856
2008.6666,0.01393518930957684,-0.017423808463251665,1.249571982182628,1.2411270378619152
2008.66934,0.01495726666666667,-0.020442244444444438,1.2494551333333335,1.2410318888888887
2008.67208,0.01628388026607539,-0.021514368070953433,1.249379645232816,1.2409831042128603
2008.67482,0.015718318584070797,-0.019082300884955748,1.2492592256637167,1.2408792035398228
2008.67756,0.014776401766004418,-0.018005894039735095,1.2493696909492273,1.2410470860927154
2008.6803,0.01563905286343613,-0.014818039647577087,1.2493084140969162,1.2409797136563878
2008.68304,0.01421525274725275,-0.01123595604395604,1.249170945054945,1.2408623736263737
2008.68578,0.012822324561403512,-0.011402960526315785,1.2490744736842105,1.2407957017543858
2008.68852,0.01079118161925602,-0.009639452954048135,1.2489493216630199,1.2407027352297595
2008.69126,0.009942227074235812,-0.00883615720524017,1.2488224890829693,1.2406679039301312
2008.694,0.010712200435729851,-0.00849006535947712,1.2487006535947711,1.2405771677559914
2008.69674,0.010886195652173917,-0.007976456521739126,1.2485548913043478,1.240452652173913
2008.69948,0.010160065075921912,-0.004960195227765723,1.2484718872017353,1.2403565943600867
2008.70222,0.009481212121212123,-0.0026674891774891734,1.2483737445887444,1.2402949783549784
2008.70496,0.007116781857451408,-0.0027614038876889804,1.248251727861771,1.2402073866090713
2008.7077,0.00885879310344828,-0.0013440732758620648,1.248125818965517,1.2401201724137931
2008.71044,0.009221870967741939,-0.0003594193548387055,1.248059870967742,1.2400256559139786
2008.71318,0.009511266094420604,0.0019981545064377726,1.248018347639485,1.240029678111588
2008.71592,0.009247794432548183,0.0024949892933618886,1.247884989293362,1.2399173875802998
2008.71866,0.006022585470085473,0.000828910256410261,1.247730341880342,1.2398193162393163
2008.7214,0.0032490618336887024,0.0013250533049040556,1.2475937953091685,1.2397277611940298
2008.72414,-0.0005696170212765928,9.691489361702596e-05,1.2474338936170213,1.2396381063829787
2008.72688,-0.0013135881104033942,0.0015235031847133803,1.2473072611464968,1.2395594692144374
2008.72962,-0.002413749999999997,0.002221059322033903,1.2471378177966101,1.239423622881356
2008.73236,0.0014746300211416518,0.00026608879492600885,1.2470339746300212,1.2393487949260042
2008.7351,0.0025900421940928298,0.0023504852320675148,1.2469694092827004,1.239337594936709
2008.73784,-0.0022579621848739465,0.0010166386554621896,1.2466046848739496,1.2391081722689075
2008.74332,-0.002117526205450731,0.0007718867924528349,1.246410607966457,1.2389746960167716
2008.7488,-0.0005563598326359804,0.0023121338912133935,1.2462622803347279,1.2388657112970711
2008.75154,-0.00577402083333333,0.002448895833333338,1.2459525625,1.2386743958333333
2008.75428,-0.011451642411642409,0.0019100415800415848,1.245810374220374,1.2385830561330562
2008.75702,-0.014042676348547715,0.0017069294605809176,1.2456560373443983,1.2384639211618258
2008.7625,-0.0191946694214876,-0.0006222314049586729,1.2453386983471073,1.238281756198347
2008.76524,-0.017534804123711334,-0.007721443298969067,1.2452558969072165,1.238299525773196
2008.76798,-0.01726779835390946,-0.007038868312757197,1.2451334362139919,1.23823341563786
2008.77072,-0.017087351129363448,-0.006037227926078024,1.2449379466119095,1.2380692607802877
2008.77346,-0.019042090163934423,-0.0075320081967213065,1.2447579303278689,1.2379262909836066
2008.7762,-0.018167995910020447,-0.011554928425357868,1.2445702862985686,1.2377605316973415
2008.78168,-0.014833727087576371,-0.016865091649694495,1.2441910590631367,1.2374659470468432
2008.78442,-0.01467644308943089,-0.018126524390243898,1.2440098780487805,1.2373137398373986
2008.78716,-0.01478675456389452,-0.01705068965517241,1.2438543407707912,1.2372549087221096
2008.7899,-0.014069919028340077,-0.016995910931174085,1.2437926113360322,1.2372744331983805
2008.79264,-0.011021858585858583,-0.017968121212121206,1.2437745454545455,1.2372967676767677
2008.79538,-0.010914737903225802,-0.02071917338709677,1.2436616733870967,1.2372138508064514
2008.79812,-0.01156213279678068,-0.019025392354124745,1.24355953722334,1.2371370020120724
2008.80086,-0.006820281124497988,-0.019758253012048185,1.2434639759036143,1.2370676506024096
2008.8036,-0.003062585170340678,-0.019518737474949893,1.2433441883767535,1.236981382765531
2008.80634,-0.0013191399999999964,-0.020878679999999997,1.2431941999999998,1.23683116
2008.80908,0.003388183632734535,-0.02006804391217564,1.2431060678642716,1.2367528343313372
2008.81182,0.003340458167330681,-0.0200758764940239,1.2429775298804782,1.236666294820717
2008.81456,0.003138628230616306,-0.01843805168986083,1.2427905168986084,1.2365232803180914
2008.8173,0.0030213888888888925,-0.014771845238095235,1.2426144047619048,1.2363964285714284
2008.82004,0.0033334257425742613,-0.01108665346534653,1.2424288514851485,1.236244594059406
2008.82278,0.0032003359683794507,-0.010434308300395252,1.242290533596838,1.236207747035573
2008.82552,0.0029994871794871833,-0.008769250493096643,1.2421709270216963,1.2361795069033532
2008.82826,0.0021545275590551215,-0.00850100393700787,1.242029625984252,1.2360655708661417
2008.831,0.0010444990176817328,-0.0038138703339882073,1.2419069744597249,1.2359408644400784
2008.83374,0.001829627450980396,-0.003361450980392152,1.241762745098039,1.2358362549019608
2008.83648,-0.0012762230919765127,-0.002026986301369858,1.2417752446183952,1.235864892367906
2008.83922,-0.0036426757812499963,-0.0036318749999999954,1.24173373046875,1.23586271484375
