2004.4333,3.06513,-2.692,2.37483,1.56758
2004.43604,3.66507,-1.99132,2.382465,1.578365
2004.43878,4.158673333333334,-2.44997,2.3652833333333336,1.57477
2004.44152,4.5141925,-2.1434525,2.3700575,1.5682274999999999
2004.4607,4.728524,-1.9458259999999998,2.390484,1.570342
2004.46344,5.038556666666667,-1.8153483333333333,2.398375,1.5826783333333332
2004.46618,5.0885614285714285,-1.6495257142857143,2.4007385714285716,1.5842185714285715
2004.46892,5.3129212500000005,-1.59874125,2.40346625,1.587315
2004.47166,5.566856666666666,-1.5036422222222223,2.401345555555556,1.586368888888889
2004.4744,5.797692,-1.668026,2.400603,1.585267
2004.47714,5.7891818181818175,-1.5070345454545455,2.3972190909090907,1.5864045454545455
2004.47988,5.763579166666666,-1.4774275000000001,2.4001258333333335,1.5874241666666666
2004.49358,5.748481538461538,-1.3486953846153846,2.40611,1.5932638461538462
2004.49632,5.569435333333333,-1.6667673333333333,2.6703493333333332,1.8146666666666667
2004.55112,5.4165175,-1.637784375,2.66023125,1.80386125
2004.55386,5.2982217647058825,-1.6139035294117647,2.646025882352941,1.789454705882353
2004.5566,5.125951666666667,-1.485988888888889,2.6350955555555555,1.779285
2004.55934,5.102176842105263,-1.412256842105263,2.624512105263158,1.7709126315789474
2004.56208,5.058323,-1.4175795,2.6150825,1.762903
2004.56482,5.007114761904762,-1.3861885714285715,2.6066419047619047,1.75619
2004.56756,5.089284545454546,-1.3755422727272728,2.6004436363636363,1.7491068181818183
2004.5703,5.103564347826087,-1.3228491304347827,2.596195652173913,1.7447026086956523
2004.57304,5.04289875,-1.26194875,2.59102875,1.7390479166666666
2004.57578,5.0544,-1.2678268,2.5858936,1.7348464000000001
2004.57852,5.015281923076923,-1.2432757692307692,2.579685,1.730238076923077
2004.58126,4.957797407407408,-1.1979370370370372,2.5768351851851854,1.727377037037037
2004.584,4.933736071428571,-1.1896807142857142,2.572825357142857,1.7229332142857143
2004.58674,4.8758813793103455,-1.1719813793103449,2.5687627586206894,1.7193313793103449
2004.58948,4.841779333333333,-1.149783,2.5655436666666662,1.7175513333333332
2004.59222,4.79938935483871,-1.1803596774193548,2.5627787096774193,1.715858387096774
2004.59496,4.7678009375,-1.1947325,2.561439375,1.71389375
2004.5977,4.702789696969697,-1.1956775757575757,2.5601233333333333,1.7119175757575757
2004.60044,4.676775588235294,-1.2294976470588235,2.557200294117647,1.7093217647058823
2004.60318,4.620357714285714,-1.2267468571428572,2.553626,1.707096
2004.60592,4.6284325,-1.2126655555555557,2.5727344444444444,1.7216975
2004.60866,4.606256486486487,-1.2549299999999999,2.571255405405405,1.7192575675675676
2004.6114,4.634296842105264,-1.2770128947368422,2.5677442105263157,1.7167871052631578
2004.61414,4.6256394871794875,-1.2825182051282051,2.5660284615384614,1.716036153846154
2004.61688,4.619612,-1.218689,2.5655437500000002,1.71629325
2004.61962,4.611094878048781,-1.223379024390244,2.562940975609756,1.7146860975609757
2004.62236,4.599574761904762,-1.3076947619047619,2.5652347619047617,1.7169761904761904
2004.6251,4.622006744186047,-1.3280097674418605,2.5668002325581396,1.7169327906976743
2004.62784,4.549666136363637,-1.2943477272727273,2.565430909090909,1.7165188636363637
2004.63058,4.5180011111111105,-1.3095993333333333,2.5675164444444443,1.7178104444444444
2004.63332,4.5061917391304345,-1.3451328260869564,2.5685152173913046,1.7170952173913043
2004.63606,4.502830638297872,-1.3735168085106382,2.5725991489361704,1.719824680851064
2004.64154,4.4622270833333335,-1.4011664583333332,2.6071766666666667,1.7490952083333333
2004.64428,4.432431224489796,-1.4530140816326529,2.608980204081633,1.7498102040816328
2004.64702,4.373765000000001,-1.4724998,2.6073897999999995,1.7487884
2004.64976,4.338240196078432,-1.4974298039215688,2.6052254901960783,1.7472313725490196
2004.6525,4.327117692307692,-1.55124,2.6030709615384615,1.7451536538461538
2004.65524,4.3079973584905655,-1.6137109433962264,2.601610188679245,1.7439681132075473
2004.65798,4.256471666666666,-1.6491575925925925,2.600344814814815,1.742666851851852
2004.66072,4.206071454545454,-1.6888545454545454,2.598917272727273,1.7410050909090908
2004.66346,4.166326428571429,-1.7373230357142855,2.5969610714285714,1.7400342857142856
2004.6662,4.169886140350878,-1.7510670175438596,2.5950735087719297,1.7388552631578948
2004.66894,4.143338103448276,-1.7692789655172414,2.59552224137931,1.7387136206896552
2004.67168,4.119213220338983,-1.820816440677966,2.5940789830508475,1.7375238983050847
2004.67442,4.127257,-1.9681631666666666,2.6287326666666666,1.7712281666666667
2004.67716,4.118969344262295,-2.001935081967213,2.6266045901639345,1.7695160655737703
2004.6799,4.106253064516129,-2.0193056451612903,2.624853064516129,1.7677479032258063
2004.68264,4.098764285714286,-2.010832857142857,2.622248095238095,1.7654607936507936
2004.68538,4.077991875,-2.0126190625,2.6203509375,1.76404046875
2004.68812,4.066425846153846,-2.0226676923076923,2.6198336923076924,1.763539846153846
2004.69086,4.0596174242424246,-2.0042689393939392,2.625001363636364,1.766819090909091
2004.6936,4.026066865671642,-1.9674474626865672,2.6255699999999997,1.7671674626865672
2004.69634,4.021180882352941,-1.9973479411764705,2.6299398529411766,1.7690661764705882
2004.69908,3.992709565217391,-1.9763768115942029,2.630918405797101,1.768796811594203
2004.70182,3.9289645714285713,-1.9296848571428573,2.633096142857143,1.769866142857143
2004.70456,3.783892916666667,-1.8990763888888889,2.6834581944444444,1.7997268055555555
2004.71278,3.731648493150685,-1.9126708219178081,2.6907630136986302,1.8051504109589043
2004.71552,3.700435945945946,-1.9083793243243243,2.694697297297297,1.8089467567567565
2004.71826,3.6324801315789474,-1.8897801315789473,2.7115493421052634,1.818033289473684
2004.72374,3.5310148717948713,-1.8602062820512821,2.7487811538461537,1.8389201282051282
2004.72648,3.494487341772152,-1.8434191139240506,2.7993853164556963,1.869699746835443
2004.72922,3.434204125,-1.8190404999999998,2.830015875,1.8881925
2004.7347,3.404090740740741,-1.7207625925925925,2.845654938271605,1.8974308641975308
2004.73744,3.386319634146341,-1.6770603658536585,2.854533536585366,1.9061282926829266
2004.74292,3.3498773493975906,-1.6930168674698796,2.8892806024096385,1.9257796385542167
2004.74566,3.2832301190476194,-1.6991839285714285,2.919973214285714,1.954987261904762
2004.7484,3.1588668235294115,-1.6158489411764707,2.9655078823529415,1.9919318823529413
2004.75114,3.0314189534883718,-1.5623531395348838,2.9960210465116277,2.0077331395348836
2004.75388,2.9470013793103447,-1.5301189655172414,2.999632988505747,2.006977701149425
2004.75936,2.917284659090909,-1.531110227272727,3.0594575,2.0353564772727273
2004.7621,2.845244831460674,-1.5485117977528091,3.0629189887640447,2.0371866292134833
2004.76484,2.743282222222222,-1.5828558888888888,3.0671944444444446,2.0379983333333334
2004.76758,2.6699217582417583,-1.5935070329670329,3.0742918681318683,2.0392661538461536
2004.77032,2.552893804347826,-1.5637160869565216,3.0801144565217387,2.041387934782609
2004.77306,2.4444887096774193,-1.609271505376344,3.0923190322580645,2.0472582795698924
2004.7758,2.353867234042553,-1.6002370212765957,3.1015425531914897,2.050498085106383
2004.77854,2.2970262105263157,-1.6265254736842107,3.1104713684210528,2.0549955789473686
2004.78128,2.237909375,-1.6247314583333334,3.122634479166667,2.060208229166667
2004.78402,2.142649587628866,-1.6306919587628865,3.1372037113402063,2.0665674226804125
2004.78676,2.0451386734693875,-1.6368025510204083,3.1525080612244896,2.073060918367347
2004.7895,1.9567276767676767,-1.603169898989899,3.1659027272727274,2.0796237373737374
2004.79224,1.8766936,-1.5975062,3.1798504000000003,2.0845455
2004.79498,1.8053319801980197,-1.581188910891089,3.1921042574257426,2.0907279207920793
2004.79772,1.6955352941176471,-1.5878150980392158,3.2037622549019606,2.0971782352941175
2004.80046,1.582665436893204,-1.5977944660194177,3.2170288349514564,2.104650776699029
2004.8032,1.5102242307692308,-1.6060690384615386,3.2321327884615387,2.1139871153846155
2004.80594,1.3993428571428572,-1.6378299047619047,3.2540034285714285,2.1237947619047617
2004.80868,1.2822691509433963,-1.6905732075471698,3.2870235849056604,2.1371043396226415
2004.81142,1.1880089719626168,-1.7177007476635515,3.3142526168224298,2.1518583177570094
2004.81416,1.086585462962963,-1.7380172222222223,3.3401465740740743,2.1652126851851854
2004.8169,0.9839575229357799,-1.781003394495413,3.362430458715596,2.176469908256881
2004.81964,0.9099398181818181,-1.8249773636363638,3.391442,2.191891090909091
2004.82238,0.8040742342342342,-1.8707865765765765,3.4236112612612613,2.208674324324324
2004.82512,0.7166876785714286,-1.8838990178571429,3.45403,2.2198274107142857
2004.82786,0.6446962831858407,-1.888634513274336,3.4685874336283185,2.2272253097345134
2004.8306,0.5792035964912281,-1.9095907894736843,3.4861716666666664,2.236022105263158
2004.83334,0.5277441739130435,-1.8913013043478262,3.5000635652173915,2.243510608695652
2004.83608,0.4482053448275862,-1.9082637068965516,3.5176986206896554,2.2510485344827584
2004.83882,0.34035846153846155,-1.9287449572649573,3.5404818803418805,2.2611416239316235
2004.84156,0.28749940677966107,-1.9299098305084745,3.5554046610169494,2.2684023728813556
2004.8443,0.2328808403361345,-1.9229426050420169,3.5703974789915964,2.276469075630252
2004.84704,0.17339625000000006,-1.9263886666666667,3.5863335833333334,2.2823739166666663
2004.84978,0.08038991735537193,-1.9273529752066116,3.6003812396694213,2.288395041322314
2004.85252,0.04266106557377053,-1.958897049180328,3.617312540983607,2.29605
2004.85526,0.022788780487804916,-1.9553883739837397,3.6416356910569108,2.312291951219512
2004.858,-0.03982870967741932,-1.9687077419354837,3.665658870967742,2.324612258064516
2004.86074,-0.07835735999999997,-1.97369912,3.69500952,2.33714264
2004.86348,-0.12475166666666662,-1.956370238095238,3.7216670634920637,2.349542619047619
2004.86622,-0.1503455118110236,-1.9383428346456695,3.7463866141732285,2.361224251968504
2004.86896,-0.20023570312499997,-1.96201609375,3.7729421875,2.371739296875
2004.8717,-0.26354720930232556,-1.9389396124031009,3.7942616279069767,2.3820913178294574
2004.87444,-0.2890164615384615,-1.943530769230769,3.8177935384615385,2.393856923076923
2004.87718,-0.31111290076335874,-1.9854609923664124,3.8359968702290073,2.403598854961832
2004.87992,-0.3712164393939394,-1.9619803787878787,3.858465606060606,2.4126899242424242
2004.88266,-0.3656504511278195,-1.9768728571428569,3.8749267669172935,2.4200810526315792
2004.8854,-0.3823624626865671,-1.9673611940298508,3.872849776119403,2.4175499253731343
2004.88814,-0.393045037037037,-1.9592864444444444,3.8697995555555558,2.4147750370370367
2004.89088,-0.4171964705882352,-1.96790125,3.867285514705882,2.4123708823529415
2004.89362,-0.4186969343065693,-1.9590591240875912,3.863999927007299,2.409542116788321
2004.89636,-0.443096884057971,-1.940059927536232,3.8617718115942035,2.408010942028986
2004.8991,-0.47639848920863304,-1.9482163309352518,3.8597817985611513,2.4063093525179853
2004.90732,-0.4957128571428571,-1.9511840714285715,3.8572474999999997,2.4035474999999997
2004.91006,-0.4577399290780142,-1.9429014184397162,3.852582836879433,2.4002619148936173
2004.9128,-0.4489216083916084,-1.8949055244755246,3.8668782517482514,2.4069082517482516
2004.92376,-0.4736803472222222,-1.9180484722222222,3.865147222222222,2.4052614583333334
2004.9265,-0.491526,-1.9440420689655173,3.863189931034483,2.4041847586206897
2004.92924,-0.48583356164383557,-1.9391633561643833,3.8613509589041097,2.4022541780821918
2004.93198,-0.4991174149659864,-1.955280476190476,3.8595499999999996,2.400332244897959
2004.93472,-0.5117293918918919,-1.9554070945945947,3.8594502027027024,2.3994680405405404
2004.93746,-0.5227367114093959,-1.9161805369127516,3.8590186577181207,2.398835436241611
2004.9402,-0.5442714666666667,-1.9039478666666665,3.859101933333333,2.397791466666667
2004.94294,-0.5264555629139073,-1.9083780794701988,3.859740397350993,2.397783973509934
2004.97034,-0.5455599999999999,-1.8992584868421054,3.8597550657894737,2.3965619736842108
2004.97308,-0.5511979738562091,-1.8688354901960784,3.861940588235294,2.395423594771242
2004.97582,-0.5610707792207792,-1.8492034415584415,3.8629076623376624,2.395454090909091
2004.97856,-0.574688,-1.8357190967741934,3.8633326451612904,2.3943208387096773
2004.9813,-0.5771507051282051,-1.831520641025641,3.8627854487179483,2.3924278846153846
2004.98404,-0.6069077070063694,-1.8388128025477706,3.8633395541401274,2.3917954777070065
2004.98678,-0.6153837974683544,-1.82375082278481,3.8646841139240506,2.391700696202532
2004.98952,-0.6284522012578616,-1.80968106918239,3.86603572327044,2.3918404402515723
2004.99226,-0.6446649375,-1.8125543125,3.8675613749999997,2.3931862500000003
2004.995,-0.6485832298136646,-1.8126870186335402,3.8693289440993786,2.3933042857142857
2004.99774,-0.6558551851851852,-1.8032108641975308,3.8711217901234565,2.394374135802469
2005.00048,-0.6707626380368098,-1.786499018404908,3.872904355828221,2.3948804294478525
2005.00596,-0.6920184146341463,-1.7794479268292682,3.873466219512195,2.395627804878049
2005.0087,-0.7011711445783132,-1.7352289759036144,3.8993870481927715,2.4069649397590362
2005.01418,-0.7208911377245508,-1.7403434131736528,3.9075192814371253,2.4112737125748502
2005.01692,-0.74227,-1.7505555357142857,3.916781904761905,2.416666130952381
2005.01966,-0.7606273964497041,-1.7464730177514791,3.925121597633136,2.422346982248521
2005.02514,-0.7944291176470589,-1.719006140350877,3.9386410588235297,2.434467894736842
2005.02788,-0.8172516374269004,-1.6954103488372094,3.9451477777777777,2.437864534883721
2005.03062,-0.8381758139534883,-1.6848597687861273,3.952333546511628,2.4410872832369943
2005.03336,-0.8553713294797688,-1.7200468390804595,3.963563294797688,2.449008103448276
2005.03884,-0.8816081034482759,-1.7132124571428573,3.972305114942529,2.4528698285714285
2005.04158,-0.9224028571428572,-1.6827320454545456,3.9839905714285715,2.458452329545455
2005.04432,-0.9164052272727272,-1.700690056497175,3.9953805113636363,2.46458593220339
2005.04706,-1.0239958757062146,-1.7009891573033709,4.016262429378531,2.47373797752809
2005.0498,-1.031327808988764,-1.668478379888268,4.033520617977528,2.481679273743017
2005.05254,-1.0165673743016759,-1.6780767777777776,4.047514469273743,2.489819888888889
2005.05528,-1.0394105555555555,-1.6463571270718231,4.066337555555555,2.4998200552486187
2005.05802,-1.062913591160221,-1.629714835164835,4.088855082872928,2.5125829120879124
2005.06076,-1.0967031868131867,-1.6084929508196724,4.109394450549451,2.5256824590163935
2005.0635,-1.1339491803278687,-1.5868094021739132,4.129698907103825,2.5358216847826087
2005.06624,-1.1898453804347826,-1.5982609729729729,4.149668532608695,2.546275621621622
2005.06898,-1.2118516216216215,-1.607286505376344,4.170443837837838,2.5572943548387097
2005.07172,-1.2552455913978493,-1.6157055080213905,4.206011397849463,2.576088983957219
2005.07446,-1.2813364171122994,-1.6295701063829786,4.247211497326203,2.5953078191489363
2005.0772,-1.291980159574468,-1.62559291005291,4.294522872340425,2.6223891005291002
2005.08268,-1.3117137037037037,-1.6447383769633508,4.346070846560846,2.668500994764398
2005.08542,-1.3254717894736843,-1.6472646354166667,4.369686684210526,2.677446927083333
2005.08816,-1.3265001047120417,-1.6324311917098444,4.369767068062827,2.6773018134715025
2005.0909,-1.3204037499999999,-1.6054188659793813,4.3609875,2.672008505154639
2005.09364,-1.310972279792746,-1.5745432307692309,4.352140673575129,2.6668624102564102
2005.09638,-1.3016696391752578,-1.545924642857143,4.343237422680413,2.661826071428571
2005.09912,-1.3104220512820512,-1.5180617766497462,4.334787743589743,2.6568189340101522
2005.10186,-1.299764387755102,-1.4919936363636364,4.325810663265306,2.651701161616162
2005.1046,-1.29851,-1.469949447236181,4.316711522842639,2.6464874371859293
2005.10734,-1.2948850505050506,-1.44767385,4.308089949494949,2.64155015
2005.11008,-1.3020911557788943,-1.4290757711442788,4.299535829145729,2.6366319402985074
2005.11282,-1.31045085,-1.4128679702970297,4.2911532,2.631792326732673
2005.11556,-1.3159767661691542,-1.3930495566502463,4.282796965174129,2.6269111330049264
2005.1183,-1.3146020792079207,-1.373904019607843,4.274561287128713,2.622242745098039
2005.12104,-1.3157637438423644,-1.3578702926829267,4.2663785221674875,2.617741951219512
2005.12378,-1.3155665686274511,-1.33424286407767,4.25792975490196,2.612937233009709
2005.12652,-1.323069512195122,-1.312919275362319,4.250364243902439,2.60836231884058
2005.12926,-1.3215973300970874,-1.3062556730769233,4.242640533980583,2.603947548076923
2005.132,-1.308603768115942,-1.3007401913875598,4.235083671497585,2.5997071291866027
2005.13474,-1.3022502884615386,-1.2836470476190476,4.227434278846154,2.5953304285714287
2005.13748,-1.2989485645933014,-1.2640694786729858,4.219876315789474,2.5909216113744074
2005.14022,-1.2968693333333332,-1.2503022641509434,4.212508523809524,2.586590990566038
2005.14296,-1.2881800947867297,-1.2431743192488263,4.204975355450237,2.582268638497653
2005.1457,-1.2820687264150943,-1.2348308878504672,4.197999481132076,2.5782003738317756
2005.14844,-1.264921455399061,-1.226740093023256,4.19074854460094,2.5743023720930234
2005.15118,-1.2528696261682244,-1.2164678703703704,4.1837884112149535,2.570320601851852
2005.15392,-1.2432095348837209,-1.2068554838709675,4.1768663720930235,2.566478940092166
2005.15666,-1.235870972222222,-1.2015864678899082,4.170096805555556,2.5625102293577986
2005.1594,-1.2289877419354838,-1.1916150228310503,4.1634952073732725,2.5585738356164383
2005.16214,-1.2188746788990825,-1.1806780000000001,4.156630137614679,2.5547477272727273
2005.16488,-1.2080052511415527,-1.1614717647058825,4.1500631506849315,2.5509796832579186
2005.16762,-1.2049806818181819,-1.1530045045045045,4.143677318181818,2.5474709909909907
2005.17036,-1.202730633484163,-1.1336339461883407,4.137219728506787,2.543792600896861
2005.1731,-1.1939965470852019,-1.1133056000000001,4.135906771300448,2.5437271111111115
2005.20598,-1.183989375,-1.0951209734513274,4.130277723214285,2.540633274336283
2005.20872,-1.172027288888889,-1.0715443171806167,4.124155688888889,2.537380440528634
2005.21146,-1.1521185398230087,-1.0529623245614035,4.118045575221239,2.5340804824561403
2005.2142,-1.1546809251101322,-1.041593406113537,4.112241629955947,2.5310240611353714
2005.21694,-1.1462915789473682,-1.0238913043478262,4.106136929824562,2.527622869565217
2005.21968,-1.147072096069869,-1.0172153246753246,4.099860436681222,2.52411670995671
2005.22242,-1.1419463043478262,-1.0119357327586207,4.094227826086957,2.521098146551724
2005.22516,-1.132665064935065,-1.0021449356223175,4.08818948051948,2.5177166952789696
2005.2279,-1.134879525862069,-0.9868991880341881,4.082458275862069,2.5144489743589746
2005.23064,-1.1252945064377682,-0.9782413191489362,4.076661545064377,2.5113962978723405
2005.24708,-1.12232452991453,-0.9787278389830508,4.071762820512821,2.5084974152542374
2005.24982,-1.1247037872340424,-0.9805505063291139,4.066588978723404,2.505400970464135
2005.25256,-1.1200337288135593,-0.9751546218487396,4.061556059322034,2.502345042016807
2005.2553,-1.1200323206751055,-0.9661287029288703,4.056283670886076,2.4994915481171547
2005.25804,-1.126107100840336,-0.9556222916666666,4.051697268907563,2.4969745833333334
2005.54574,-1.1215798326359832,-0.9538654771784232,4.04544790794979,2.4934081327800826
2005.54848,-1.1185866666666666,-0.9516010330578513,4.0395687916666665,2.4902918181818183
2005.55122,-1.1163076763485478,-0.9511479423868313,4.033500829875519,2.48695975308642
2005.55944,-1.1057847520661155,-0.9476039754098361,4.027853760330578,2.4838070491803275
2005.56218,-1.102957901234568,-0.9471404081632653,4.022190329218107,2.4807434285714285
2005.56766,-1.0937085655737706,-0.9562914227642276,4.016980163934426,2.4779081300813006
2005.5704,-1.0818005714285714,-0.9569903238866396,4.011633306122449,2.474966558704453
2005.57314,-1.0742581707317074,-0.9550288709677419,4.006392032520325,2.4721878629032257
2005.57588,-1.068651862348178,-0.95500140562249,4.0009072064777325,2.4691335341365463
2005.57862,-1.0653777016129031,-0.94184876,3.9954897177419353,2.46626928
2005.58136,-1.0607567469879517,-0.9466479681274901,3.9904377510040163,2.4634587649402393
2005.5841,-1.05054128,-0.9415306349206348,3.98507492,2.4605370634920636
2005.58684,-1.0466268525896414,-0.9416301581027667,3.9795342629482073,2.457444071146245
2005.58958,-1.0378630158730158,-0.9428062204724409,3.9743557539682537,2.4544059842519688
2005.59232,-1.0313903162055336,-0.9421167058823529,3.9689390118577075,2.4514086666666666
2005.59506,-1.0295320866141733,-0.9370053515625,3.9639256692913385,2.4484718359375
2005.5978,-1.026806705882353,-0.9367184435797665,3.9587420392156862,2.445527626459144
2005.60054,-1.0218100390625,-0.9310872480620155,3.9535690625,2.4426731395348837
2005.60328,-1.0103702723735408,-0.9325483397683398,3.9484957587548637,2.439714092664093
2005.60602,-0.9966126744186046,-0.9358852307692308,3.9433803875968994,2.4367745
2005.60876,-0.987216640926641,-0.9388618007662836,3.938555135135135,2.4341450191570884
2005.6115,-0.989478,-0.9231577480916031,3.933678884615385,2.4312853435114503
2005.61424,-0.9893049042145593,-0.9191990874524715,3.928986283524904,2.4284999239543725
2005.61698,-0.9816260687022902,-0.9149623106060606,3.924497099236641,2.425892462121212
2005.61972,-0.975013650190114,-0.9107862264150943,3.9196428136882133,2.423132113207547
2005.62246,-0.9673532954545454,-0.9207454135338347,3.9150928787878785,2.4205676691729323
2005.6252,-0.9763436981132076,-0.9320031460674157,3.9105052452830185,2.4180450561797753
2005.62794,-0.9749587218045113,-0.922746380597015,3.9057439849624056,2.4152869402985075
2005.63068,-0.9712362921348314,-0.9167875836431226,3.901025505617978,2.4126134944237916
2005.63342,-0.9661130223880597,-0.910416,3.896292388059701,2.4100173703703707
2005.63616,-0.9652105576208179,-0.9079462730627306,3.8916441263940524,2.407427675276753
2005.6389,-0.9638855185185184,-0.9083719117647059,3.887270703703704,2.40510125
2005.64164,-0.9624563468634686,-0.9156172527472527,3.882563247232472,2.4024979487179485
2005.64438,-0.9625859558823529,-0.9097682481751824,3.8779044485294114,2.399989233576642
2005.64712,-0.9553304761904763,-0.9075277090909091,3.873468571428572,2.3974454181818183
2005.64986,-0.9495809854014597,-0.9057948188405797,3.868807299270073,2.3949075362318837
2005.6526,-0.9520374181818182,-0.8978276173285199,3.8645478545454544,2.392500108303249
2005.65534,-0.9510055797101449,-0.8917330575539568,3.8599734420289855,2.3899858633093527
2005.65808,-0.959541119133574,-0.8734800716845879,3.8557559566787005,2.38757311827957
2005.66082,-0.9566597122302157,-0.8709383571428572,3.851397158273381,2.385116
2005.66356,-0.9605735125448028,-0.8759080071174377,3.8474185663082436,2.382977259786477
2005.6663,-0.95708125,-0.8778481914893617,3.8436047499999995,2.380633404255319
2005.66904,-0.9593687544483986,-0.8728581625441696,3.8393900711743774,2.3781597879858656
2005.67178,-0.9590234397163121,-0.8670780633802817,3.8354354255319145,2.3758828169014086
2005.67452,-0.9592606360424027,-0.861098701754386,3.8312996113074202,2.3736611578947366
2005.67726,-0.9514789084507043,-0.8587996503496503,3.8272937676056342,2.3713615384615383
2005.68,-0.949232947368421,-0.8595048780487805,3.8232691578947366,2.3690899651567943
2005.68274,-0.9479472027972027,-0.8592942013888889,3.8196264685314687,2.3670378819444444
2005.68548,-0.9485210452961671,-0.8520491349480969,3.8156698954703834,2.365
2005.68822,-0.9450809027777777,-0.8476596551724138,3.811707673611111,2.3629017931034486
2005.69096,-0.948308615916955,-0.841519003436426,3.807772871972318,2.360892130584192
2005.6937,-0.9487697931034482,-0.8376247260273972,3.803726965517241,2.3587691780821918
2005.69644,-0.9539154295532646,-0.8353495221843004,3.799945017182131,2.356896279863481
2005.69918,-0.9620091438356165,-0.8373266666666667,3.7967446917808214,2.355238605442177
2005.70192,-0.9709320136518771,-0.8311535593220339,3.7930775767918092,2.353381593220339
2005.70466,-0.9869034353741496,-0.8247810472972973,3.7897080952380953,2.35161
2005.7074,-0.9975026101694915,-0.823507441077441,3.786134983050848,2.3498067676767675
2005.71014,-1.009145472972973,-0.8202109395973154,3.782437668918919,2.347688489932886
2005.71288,-1.0195319865319865,-0.8228082608695652,3.778585286195286,2.3456363210702342
2005.71562,-1.028969966442953,-0.8253769666666667,3.7751431208053687,2.343698466666667
2005.71836,-1.0372682943143812,-0.8196350166112957,3.771545217391304,2.3416932558139534
2005.7211,-1.0415950666666667,-0.8128139735099338,3.7676467666666666,2.339632748344371
2005.72384,-1.0456144518272423,-0.815670396039604,3.763831295681063,2.337454884488449
2005.72658,-1.0499354635761589,-0.8183259210526316,3.759952582781457,2.335385
2005.72932,-1.0589478547854785,-0.8229693770491804,3.7564144884488453,2.333433344262295
2005.73206,-1.0721613157894736,-0.8226892156862745,3.7529750328947373,2.331522614379085
2005.7348,-1.0848949508196721,-0.8229664820846906,3.7496520327868854,2.3297451791530945
2005.81974,-1.0854211764705881,-0.8156140909090909,3.746157352941176,2.3277916233766236
2005.82248,-1.0916447231270359,-0.8146479288025891,3.7428471009771984,2.3260740776699027
2005.82522,-1.0993087987012986,-0.8114642258064516,3.739564545454545,2.3242034193548387
2005.82796,-1.104913980582524,-0.8094155627009646,3.7365133009708735,2.3224030225080385
2005.8307,-1.118873741935484,-0.8034141025641025,3.7339312903225808,2.3208022115384614
2005.83344,-1.1331532475884245,-0.8030286900958467,3.73232344051447,2.319980638977636
2005.83618,-1.1435428846153846,-0.8054338535031846,3.729832596153846,2.3183043312101907
2005.83892,-1.1498132268370607,-0.8060331428571429,3.7269490095846645,2.316583873015873
2005.84166,-1.1658211146496815,-0.8125515189873418,3.724570159235669,2.3150626898734177
2005.8444,-1.1757647936507936,-0.8127583596214512,3.7220488571428576,2.313523880126183
2005.84714,-1.1836048734177216,-0.8133622012578616,3.7195737025316453,2.311926918238994
2005.84988,-1.1917869716088327,-0.8151428526645769,3.7168010094637225,2.310291285266458
2005.85262,-1.1970343710691824,-0.80756746875,3.7142678930817605,2.30867128125
2005.85536,-1.1989796865203761,-0.8135147663551402,3.7119242006269593,2.3069995638629286
2005.8581,-1.1990976249999998,-0.8141040993788821,3.709601125,2.305681180124224
2005.86084,-1.2073366355140185,-0.8085771207430341,3.7070605919003112,2.3041359133126935
2005.86358,-1.2162609937888198,-0.8078795061728394,3.704500248447205,2.302451049382716
2005.86632,-1.223214148606811,-0.8042189846153847,3.701819845201238,2.3007526769230773
2005.86906,-1.226920987654321,-0.8035858282208589,3.6993562962962963,2.2991097239263802
2005.8718,-1.2248269538461538,-0.7962612232415901,3.6965320000000004,2.2975242813455656
2005.87454,-1.2259210122699387,-0.7866844207317073,3.6936664417177916,2.2958617073170733
2005.87728,-1.2281158103975534,-0.782459574468085,3.690783394495413,2.294196139817629
2005.88002,-1.2346868902439025,-0.775697606060606,3.6882380487804878,2.292637393939394
2005.88276,-1.2481515501519758,-0.7665615105740181,3.686125957446808,2.291132386706949
2005.8855,-1.253538090909091,-0.7629312048192771,3.6835696363636363,2.289522108433735
2005.88824,-1.256439244712991,-0.7610662762762762,3.681265226586103,2.288185765765766
2005.89098,-1.255642560240964,-0.7626724850299401,3.67860671686747,2.286643023952096
2005.89372,-1.2544276276276276,-0.7583724776119403,3.675964174174174,2.2851172238805972
2005.89646,-1.2642383233532934,-0.753799375,3.6734688922155687,2.283741726190476
2005.8992,-1.2780833731343284,-0.7441395548961424,3.671130985074627,2.2824332640949554
2005.90194,-1.2792392559523809,-0.7430298816568047,3.668806994047619,2.2810840532544376
2005.90468,-1.2772373293768544,-0.7371587020648968,3.666309851632047,2.2796206489675517
2005.90742,-1.2830878402366865,-0.7379445,3.6636015680473375,2.2780745000000002
2005.91016,-1.2954764896755162,-0.7250941348973607,3.662046784660767,2.2766715249266865
2005.9129,-1.3011220588235295,-0.7178266081871345,3.6595466470588236,2.2752187134502924
2005.91564,-1.2944181818181817,-0.7074750145772595,3.657593020527859,2.2739831486880466
2005.92112,-1.2926519298245613,-0.7037337790697674,3.6550423684210527,2.2725265406976747
2005.92386,-1.2938351895043732,-0.7002683188405797,3.652601224489796,2.2711083768115943
2005.9266,-1.2933432558139535,-0.695211936416185,3.650318546511628,2.269825578034682
2005.92934,-1.293906724637681,-0.6898695100864553,3.648148695652174,2.268522824207493
2005.93208,-1.2960626878612715,-0.6845969540229886,3.6460134682080922,2.2671507183908046
2005.93482,-1.2960048703170028,-0.6844653008595989,3.6434944380403462,2.2657988252148997
2005.93756,-1.297068448275862,-0.6815505142857142,3.64125867816092,2.2644472571428573
2005.9403,-1.30197441260745,-0.6769988603988604,3.639232664756447,2.2632533333333336
2005.94304,-1.3037185142857142,-0.6734635795454545,3.6373436857142853,2.2619853125000002
2005.94578,-1.3057862962962963,-0.6667545609065156,3.6353186039886043,2.2606389235127478
2005.94852,-1.3034875852272727,-0.6628281638418079,3.6330718181818185,2.2593610734463274
2005.95126,-1.300556373937677,-0.6604693521126761,3.6308756373937676,2.2581438873239437
2005.954,-1.300962175141243,-0.6596208426966292,3.6290208192090394,2.2568172191011233
2005.95674,-1.3053181690140845,-0.6568657142857143,3.6270312394366195,2.255398907563025
2005.95948,-1.3057905056179775,-0.6486780167597765,3.6244898033707864,2.2539716480446925
2005.96222,-1.3099468907563026,-0.6476714763231198,3.622117675070028,2.252626824512535
2005.96496,-1.3124518435754189,-0.6462888611111112,3.6204893296089384,2.251466833333333
2005.9677,-1.3185281615598885,-0.631724515235457,3.6191944289693594,2.2502702493074795
2005.97044,-1.3260266388888888,-0.6265407458563536,3.617880222222222,2.248884834254144
2006.00332,-1.3358230193905816,-0.6238609641873278,3.6162242659279777,2.2476876859504133
2006.00606,-1.339709281767956,-0.6180795054945055,3.6145563812154693,2.2466369505494503
2006.0088,-1.3433871625344354,-0.6110410410958904,3.612850358126722,2.2454359726027397
2006.01154,-1.3503885714285715,-0.6083132786885246,3.611169423076923,2.2442957923497264
2006.01428,-1.3629327945205478,-0.5958418801089919,3.6099527397260274,2.243124196185286
2006.01702,-1.3698104644808744,-0.5895785597826088,3.608591448087432,2.241947255434783
2006.01976,-1.3848935967302451,-0.5815271273712737,3.6074300272479563,2.240994119241192
2006.0225,-1.389848831521739,-0.5783857027027027,3.606280108695652,2.239976189189189
2006.02524,-1.3941623848238482,-0.5719287061994609,3.6051415989159894,2.2389777088948786
2006.02798,-1.3985718648648648,-0.5653522043010752,3.6038441351351356,2.2380564784946237
2006.03072,-1.4065158760107819,-0.5540539410187667,3.602744043126685,2.2368348793565684
2006.03346,-1.4179363440860213,-0.5482723262032085,3.6013470967741936,2.235725935828877
2006.0362,-1.4298884182305631,-0.5439845600000001,3.6001777211796244,2.23454928
2006.03894,-1.4352315240641709,-0.5320910372340425,3.598759385026738,2.233390345744681
2006.04168,-1.4412424266666668,-0.5255168700265251,3.5970380800000004,2.232198673740053
2006.04442,-1.4407775265957448,-0.5207040211640211,3.5959250265957445,2.231218703703704
2006.04716,-1.4507769761273208,-0.5126622955145119,3.5943925198938995,2.2300048812664905
2006.0499,-1.4556577248677247,-0.5056592894736842,3.592716613756614,2.2289132368421054
2006.05264,-1.4555895778364116,-0.5014506299212598,3.5915482321899734,2.2279881102362205
2006.05538,-1.457048447368421,-0.4899986387434555,3.5900242894736842,2.2269481151832458
2006.05812,-1.4584501837270343,-0.48170216710182767,3.5887438320209974,2.225825718015666
2006.06086,-1.4668605497382199,-0.47536453124999994,3.5873401570680628,2.2247698177083333
2006.0636,-1.4681725065274152,-0.4695653506493506,3.5859238642297653,2.2237642337662336
2006.06634,-1.4791029687500001,-0.46238595854922276,3.584306145833333,2.2225716321243523
2006.06908,-1.4768756883116883,-0.4616690697674419,3.5826621298701298,2.221307157622739
2006.07182,-1.4797172797927463,-0.46198585051546387,3.5811354404145077,2.2199958505154638
2006.07456,-1.4863171317829458,-0.4546702313624678,3.5799767441860464,2.218711233933162
2006.0773,-1.493398737113402,-0.44884758974358974,3.578715773195876,2.217592487179487
2006.08004,-1.5036293573264783,-0.4440640409207161,3.577161928020566,2.2165081585677746
2006.08278,-1.5134975897435896,-0.44437793367346934,3.5760418974358976,2.215530586734694
2006.08552,-1.5086072378516622,-0.4408266921119593,3.5754597953964193,2.214520687022901
2006.08826,-1.5153059948979593,-0.4384677411167513,3.573921275510204,2.2133210152284266
2006.091,-1.5224798473282442,-0.4302260506329114,3.5726529007633587,2.212197316455696
2006.09374,-1.5255363451776651,-0.43359277777777777,3.5783632741116747,2.2152404292929293
2006.10196,-1.5263682531645568,-0.43042637279596974,3.5762636202531644,2.2138654659949624
2006.1047,-1.5263099242424243,-0.4211643969849246,3.574270984848485,2.2126534924623114
2006.10744,-1.526685465994962,-0.41941160401002503,3.5727211586901766,2.2115081453634087
2006.11018,-1.522285552763819,-0.41396915,3.5713086432160805,2.2107481250000003
2006.11292,-1.5179155388471177,-0.40771002493765585,3.5692716541353384,2.2096325935162096
2006.11566,-1.513412775,-0.4047349253731343,3.5673546,2.2085140298507464
2006.1184,-1.512174613466334,-0.4013195037220844,3.565599451371571,2.2074331265508684
2006.12114,-1.5108807462686566,-0.3941032673267326,3.563929029850746,2.2063853465346535
2006.12388,-1.507682952853598,-0.38819829629629626,3.5620158312655086,2.2052255802469136
2006.12662,-1.5020483168316834,-0.38089293103448274,3.560045940594059,2.2041395073891623
2006.12936,-1.5000953827160495,-0.37451120393120396,3.5586090123456793,2.203247444717445
2006.1321,-1.492773842364532,-0.3670331862745098,3.5567935714285714,2.2022962990196078
2006.13484,-1.4876754054054053,-0.36054444987775064,3.554954226044226,2.201126210268949
2006.13758,-1.4869257352941176,-0.3542108048780488,3.55282443627451,2.2000291707317072
2006.14032,-1.481871980440098,-0.34806279805352797,3.5510271393643036,2.1989668613138686
2006.14306,-1.4796724390243903,-0.3434340291262136,3.5494388048780485,2.1979913834951454
2006.1458,-1.4819413381995135,-0.3429357384987894,3.5478767883211675,2.1971229782082324
2006.14854,-1.480301480582524,-0.3388882608695652,3.546401116504854,2.1961733333333333
2006.15128,-1.4757494188861986,-0.3390757108433735,3.5457692493946733,2.195833204819277
2006.15402,-1.4686282850241545,-0.33462497596153845,3.5441628502415456,2.194766778846154
2006.15676,-1.4657369156626505,-0.33076776978417266,3.542292795180723,2.1936641007194244
2006.1595,-1.4647756009615382,-0.32972478468899524,3.540101322115385,2.1924985885167465
2006.16224,-1.467579400479616,-0.3286501193317422,3.538973309352518,2.191583675417661
2006.16498,-1.4679203349282295,-0.32334873809523806,3.537362009569378,2.1904964523809523
2006.16772,-1.46586138424821,-0.31944458432304035,3.535931551312649,2.1897156294536817
2006.17046,-1.4636339761904762,-0.3052381516587678,3.5346397142857144,2.1886993127962087
2006.1732,-1.4586194061757718,-0.3019065957446809,3.5333313301662708,2.1876225295508274
2006.17594,-1.4569937677725118,-0.299002570754717,3.5319929620853077,2.1867014150943396
2006.17868,-1.4588820330969265,-0.29900075294117645,3.530566146572104,2.185729811764706
2006.18142,-1.460341886792453,-0.2942093427230047,3.529177570754717,2.18477896713615
2006.18416,-1.462623411764706,-0.2920156206088993,3.5280470823529413,2.1838244964871194
2006.1869,-1.4692114319248826,-0.287081285046729,3.526899483568075,2.1827374299065423
2006.18964,-1.468895362997658,-0.28762132867132867,3.5259137470726,2.1819007692307695
2006.19238,-1.469919906542056,-0.28862551162790695,3.5248210981308414,2.1809636744186047
2006.19512,-1.4669096037296037,-0.2873085614849188,3.5235021445221446,2.180008909512761
2006.19786,-1.471067093023256,-0.2844968518518518,3.522695441860465,2.1792462962962964
2006.2006,-1.475542018561485,-0.27876655889145496,3.5218747795823666,2.17840351039261
2006.20334,-1.4785543981481482,-0.27388672811059905,3.5213407407407407,2.177809124423963
2006.20608,-1.4743268360277135,-0.2744744597701149,3.520297736720554,2.1770528505747127
2006.20882,-1.4730683410138248,-0.2748912155963303,3.519365115207373,2.1762208944954127
2006.21156,-1.4733792183908045,-0.2769437299771167,3.5185377011494254,2.175465789473684
2006.2143,-1.4776797247706424,-0.275750799086758,3.517775389908257,2.1746550456621003
2006.21704,-1.4775672540045766,-0.27133697038724375,3.516754462242563,2.1738204783599087
2006.21978,-1.4808437214611871,-0.26896281818181816,3.5159343150684927,2.1731171590909093
2006.22252,-1.4827228701594533,-0.2664534693877551,3.515326651480638,2.1724268027210885
2006.22526,-1.4884323863636364,-0.2672283936651584,3.514647977272727,2.171897669683258
2006.228,-1.4965539455782313,-0.267046388261851,3.5139767120181404,2.1712891422121894
2006.23074,-1.5065983936651584,-0.2599320045045045,3.5135114932126696,2.17073
2006.23348,-1.5152862076749436,-0.2549813033707865,3.5132250564334084,2.169956224719101
2006.23622,-1.5186243693693695,-0.25460354260089685,3.5122519594594594,2.169187847533632
2006.23896,-1.5247028539325842,-0.2563250782997763,3.511510606741573,2.16820096196868
2006.2417,-1.529763340807175,-0.25079703124999997,3.511097892376682,2.167389866071429
2006.24444,-1.5341280984340044,-0.24229503340757239,3.5107040939597316,2.1666035189309576
2006.24718,-1.5361142857142858,-0.2334788888888889,3.509988214285714,2.1657631555555557
2006.24992,-1.535840289532294,-0.23109354767184037,3.5090884409799554,2.164939911308204
2006.25266,-1.5351010888888887,-0.2330054867256637,3.5082520666666666,2.1640210619469027
2006.2554,-1.5326825055432374,-0.23185518763796908,3.5074405543237255,2.16306055187638
2006.25814,-1.5351554424778762,-0.2287113656387665,3.5067002212389378,2.162130881057269
2006.26088,-1.535167417218543,-0.22308604395604395,3.5061527814569535,2.161336131868132
2006.26362,-1.5347743392070485,-0.22135300438596492,3.5056624229074886,2.160711359649123
2006.26636,-1.53076789010989,-0.22702498905908094,3.504662351648352,2.1598854266958423
2006.2691,-1.5321960087719297,-0.2263505021834061,3.5039429605263157,2.158993406113537
2006.27184,-1.5365196280087527,-0.22198529411764706,3.5033478774617066,2.158112788671024
2006.27458,-1.539678362445415,-0.21597304347826088,3.503376441048035,2.157466695652174
2006.27732,-1.536390065359477,-0.21143509761388288,3.503180283224401,2.156866442516269
2006.28006,-1.5408728695652174,-0.2071411038961039,3.5027733260869565,2.1560577705627706
2006.2828,-1.5419438828633407,-0.2089037365010799,3.502152798264642,2.1552358315334774
2006.28554,-1.5460841341991343,-0.2056795474137931,3.5015349567099565,2.1544583405172415
2006.28828,-1.5560297192224624,-0.20499967741935485,3.5010228725701946,2.1537231612903227
2006.29102,-1.5564175646551723,-0.20008796137339055,3.500434827586207,2.15289856223176
2006.29376,-1.5530620860215052,-0.19365044967880085,3.499923204301075,2.152164325481799
2006.2965,-1.5487191416309014,-0.19199179487179488,3.4992826824034333,2.1514553418803417
2006.29924,-1.5471445396145609,-0.19181918976545842,3.4990823126338326,2.1507309808102346
2006.30198,-1.5500513034188033,-0.19201674468085106,3.498972542735043,2.150294234042553
2006.30472,-1.551229509594883,-0.18722116772823777,3.498545735607676,2.1496065605095542
2006.30746,-1.5480307021276596,-0.18147061440677964,3.4983847659574465,2.148996737288136
2006.3102,-1.5454125690021232,-0.17409871035940802,3.4983014861995754,2.1485062367864693
2006.31294,-1.5500798093220338,-0.17113928270042195,3.5065341525423728,2.153649198312236
2006.31568,-1.5499869344608879,-0.1725996842105263,3.5061878012684993,2.1530510736842103
2006.32116,-1.5528105907172995,-0.16603978991596638,3.5062698312236287,2.1524500210084034
2006.3239,-1.553466842105263,-0.1598168972746331,3.506210842105263,2.1518370230607964
2006.32664,-1.5562866386554621,-0.1562950627615063,3.5062603781512602,2.1512301882845186
2006.32938,-1.5546854297693922,-0.15621219206680584,3.508582935010482,2.1520451565762
2006.33212,-1.5534788075313808,-0.15736095833333333,3.508363723849372,2.151372125
2006.33486,-1.5540835699373694,-0.15398869022869022,3.5107240083507305,2.1515664033264033
2006.3376,-1.5512289375,-0.15399817427385892,3.5109665625,2.151271244813278
2006.34034,-1.5527897713097714,-0.14956171842650104,3.5113152806652805,2.150918364389234
2006.34308,-1.5541141078838174,-0.14774820247933884,3.5114803526970952,2.1503655165289257
2006.34582,-1.5607603933747412,-0.15054146391752576,3.511798902691511,2.149975051546392
2006.34856,-1.5578670247933886,-0.1461701646090535,3.5120845661157025,2.1493518724279834
2006.3513,-1.557025030927835,-0.13753268993839834,3.5126052164948454,2.1489367351129363
2006.35404,-1.5550159876543208,-0.13541756147540984,3.5127662757201645,2.148470266393443
2006.35678,-1.5558594045174539,-0.13412423312883434,3.5131226694045177,2.147913967280164
2006.35952,-1.5595684836065575,-0.13351095918367345,3.513864897540983,2.147601142857143
2006.36226,-1.5583792024539878,-0.13195849287169042,3.514065337423313,2.147156048879837
2006.365,-1.557209387755102,-0.1287856300813008,3.5149584489795918,2.146938983739837
2006.36774,-1.552895865580448,-0.12739967545638944,3.5153347046843177,2.1465407910750507
2006.37048,-1.546482256097561,-0.127638016194332,3.516058638211382,2.1460603846153847
2006.37322,-1.5489245436105477,-0.12778577777777778,3.517035212981744,2.1458224444444443
2006.37596,-1.54893008097166,-0.12640397177419355,3.517632975708502,2.1455645967741934
2006.3787,-1.5488166464646465,-0.12446762575452715,3.5185715555555555,2.1452505030181084
2006.38144,-1.5456474798387096,-0.12313068273092369,3.519163810483871,2.1450693172690762
2006.38418,-1.540686559356137,-0.11770623246492985,3.519753682092555,2.144835270541082
2006.38692,-1.5416432730923695,-0.13201626,3.5274981325301207,2.14891754
2006.38966,-1.5496826653306612,-0.12009321357285428,3.5283673346693383,2.1486922355289417
2006.3924,-1.54959816,-0.1174519920318725,3.5288359999999996,2.1485589243027885
2006.39514,-1.5491449700598803,-0.1095879324055666,3.5295390419161676,2.1484518687872765
2006.39788,-1.5435663545816733,-0.10676625,3.530288705179283,2.148355515873016
2006.40062,-1.544711968190855,-0.10291938613861386,3.530488866799205,2.147955445544554
2006.40336,-1.5505477976190476,-0.10062260869565216,3.5312829166666666,2.1476882411067195
2006.4061,-1.5566141782178218,-0.09945838264299801,3.532364910891089,2.1478594082840234
2006.40884,-1.5582161264822134,-0.09416415354330708,3.5339557114624505,2.147963661417323
2006.41158,-1.5534313214990139,-0.0946228094302554,3.535510118343195,2.148159037328094
2006.41432,-1.5532128543307084,-0.08722601960784314,3.536348149606299,2.1481963333333334
2006.41706,-1.5602116110019646,-0.09071264187866927,3.537955500982318,2.148270626223092
2006.4198,-1.56625768627451,-0.09397984375,3.539777411764706,2.14868837890625
2006.42254,-1.5619751076320938,-0.1116722417153996,3.5416594324853232,2.1493147173489278
2006.42528,-1.5609026171875,-0.1139076653696498,3.54302701171875,2.1494434630350194
2006.42802,-1.5621154580896686,-0.11099409708737863,3.544322280701754,2.149538213592233
2006.43076,-1.5632304474708172,-0.11034691860465115,3.5474881128404667,2.150224457364341
2006.4335,-1.5733491262135924,-0.11050617021276596,3.550267262135922,2.1505759767891686
2006.43624,-1.574448062015504,-0.11406355212355211,3.552813662790698,2.151037722007722
2006.43898,-1.570864235976789,-0.11435811175337186,3.55608500967118,2.151795240847784
2006.44172,-1.5680937644787645,-0.1078008846153846,3.5577590154440153,2.1522528653846154
2006.44446,-1.5635904238921001,-0.10627959692898271,3.5596399036608863,2.1528544529750477
2006.4472,-1.5674931153846152,-0.10455844827586207,3.563954923076923,2.1541363218390805
2006.44994,-1.5722064107485605,-0.10921219885277246,3.5678759692898274,2.156102810707457
2006.45268,-1.5651988314176244,-0.12298106870229006,3.5743822222222223,2.1585228053435115
2006.45542,-1.5677517590822179,-0.13814251428571428,3.578673499043977,2.1601776571428575
2006.45816,-1.5669936641221374,-0.144245608365019,3.583848263358779,2.162383878326996
2006.4609,-1.5639035047619048,-0.14420535104364327,3.5923050285714284,2.165708026565465
2006.46364,-1.5694886882129278,-0.14703560606060606,3.5991000570342204,2.16846240530303
2006.46638,-1.5540795825426945,-0.15624964083175802,3.611926034155598,2.1741631379962194
2006.46912,-1.5574258522727271,-0.15986952830188678,3.6234705113636365,2.1799009433962264
2006.4746,-1.5437334026465028,-0.15844039548022598,3.6681285444234404,2.1905806779661017
2006.47734,-1.5207569056603774,-0.16869063909774437,3.682397773584906,2.197920169172932
2006.48282,-1.5345225988700566,-0.13163964419475654,3.7080278719397364,2.219216573033708
2006.64174,-1.5259936090225563,-0.13837951672862453,3.7057515225563913,2.314557416356877
2006.64448,-1.5201891744840523,-0.14240356215213357,3.7035839962476547,2.3133380148423006
2006.64722,-1.5148692696629213,-0.1404212962962963,3.701360243445693,2.3120208888888887
2006.64996,-1.508662953271028,-0.1400149907578558,3.6991733457943923,2.3107309611829945
2006.6527,-1.501351343283582,-0.13839184501845017,3.6970907835820896,2.309523782287823
2006.65544,-1.4949070018621973,-0.1370538674033149,3.6950230726256983,2.308298802946593
2006.65818,-1.4867823977695167,-0.13689476102941175,3.6930411152416354,2.307148106617647
2006.66092,-1.483239202226345,-0.1401741100917431,3.6909248423005567,2.305920899082569
2006.66366,-1.4777852962962963,-0.14150670329670328,3.688844685185185,2.304709249084249
2006.6664,-1.4699525323475047,-0.14175696526508227,3.686736931608133,2.3034815356489946
2006.66914,-1.4620566605166052,-0.13879031021897809,3.684717970479705,2.302300802919708
2006.67188,-1.4544037753222836,-0.13667537340619307,3.682734567219153,2.301155810564663
2006.67462,-1.447832518382353,-0.13687650909090907,3.6807584558823527,2.3000494909090907
2006.67736,-1.4430012110091743,-0.1320744283121597,3.67895423853211,2.299044264972777
2006.6801,-1.4370779487179486,-0.12928726449275363,3.6768873992673994,2.2978754347826085
2006.68284,-1.4307652468007312,-0.12616773960216998,3.6751003473491775,2.2967826039783
2006.68558,-1.4236619525547445,-0.1235281227436823,3.673208339416058,2.295709296028881
2006.68832,-1.418604790528233,-0.12853160360360358,3.671347559198543,2.2946087567567566
2006.69106,-1.4119990363636363,-0.13025928057553957,3.6693026363636365,2.2934190827338132
2006.6938,-1.405822159709619,-0.13272509874326752,3.6673378947368422,2.2922476122082585
2006.69654,-1.398091811594203,-0.1342423476702509,3.6653595289855074,2.291108172043011
2006.69928,-1.3919484267631104,-0.13388767441860466,3.663267486437613,2.2899203398926655
2006.70202,-1.3824520036101084,-0.13641398214285713,3.661320848375451,2.2888430535714286
2006.70476,-1.377143171171171,-0.132707807486631,3.65932618018018,2.287694242424242
2006.7075,-1.371391438848921,-0.13732199288256228,3.6572906115107915,2.2864942704626334
2006.71024,-1.3635206104129265,-0.14022824156305505,3.6552486535008977,2.2853108170515095
2006.71298,-1.3605790322580644,-0.1423409929078014,3.65346376344086,2.284296755319149
2006.71572,-1.3564663148479428,-0.1425205309734513,3.651429123434705,2.283183982300885
2006.71846,-1.3531131607142857,-0.1425927738515901,3.6492994821428573,2.281953197879859
2006.7212,-1.350772174688057,-0.14581225749559082,3.6472557040998215,2.280725238095238
2006.72394,-1.3459130604982206,-0.1456887676056338,3.64533128113879,2.2795517253521127
2006.72668,-1.3409115808170515,-0.14488318101933217,3.6433425044404975,2.278368681898067
2006.72942,-1.3342880319148935,-0.14476928070175438,3.6414149290780147,2.2772473157894737
2006.73216,-1.3292668849557523,-0.1457601751313485,3.639355646017699,2.2760513134851137
2006.7349,-1.325405035335689,-0.15009311188811186,3.637394699646643,2.274904737762238
2006.73764,-1.3197598589065256,-0.15027415357766144,3.635437301587302,2.273747102966841
2006.74038,-1.3119937676056337,-0.15835421602787456,3.6362259859154933,2.273997317073171
2006.75682,-1.3016958699472758,-0.16136100869565217,3.6342037258347974,2.2728092695652173
2006.75956,-1.2940711754385965,-0.16287928819444442,3.6323359122807015,2.2716882638888887
2006.7623,-1.2877553765323992,-0.16430327556325822,3.6303609807355515,2.2705128249566724
2006.76504,-1.2887905594405593,-0.1653082006920415,3.6284863986013987,2.2693862283737025
2006.76778,-1.2827106980802794,-0.17090837651122626,3.6266350087260033,2.2682694991364425
2006.77052,-1.2760645470383276,-0.1705776551724138,3.624786742160279,2.267180413793103
2006.77326,-1.268343147826087,-0.16930652323580034,3.6229083999999996,2.2661262650602407
2006.776,-1.259612326388889,-0.1712092268041237,3.620983541666667,2.2650193986254292
2006.77874,-1.2541875909878684,-0.17315970840480271,3.619081906412478,2.26392077186964
2006.78148,-1.2495793944636677,-0.17527407534246572,3.617110882352941,2.2627609075342465
2006.78422,-1.241869896373057,-0.17709494017094016,3.616554525043178,2.2622996239316238
2006.79244,-1.2228859137931034,-0.1840614505119454,3.614647310344828,2.261152372013652
2006.79518,-1.218215352839931,-0.1897310391822828,3.6127072289156628,2.2600002214650767
2006.79792,-1.2141916494845362,-0.19548275510204083,3.6110132646048108,2.2589136054421766
2006.80066,-1.2106673756432247,-0.19812942275042444,3.6091712178387647,2.2578087096774193
2006.8034,-1.2036930650684932,-0.19503259322033897,3.607273373287671,2.256720711864407
2006.80614,-1.1948693675213675,-0.19885768189509306,3.605173162393162,2.255538595600677
2006.80888,-1.189516228668942,-0.20063033783783782,3.6032918771331057,2.254445
2006.81162,-1.1842599148211244,-0.2046004384485666,3.601462521294719,2.253403102866779
2006.81436,-1.177162857142857,-0.20798920875420873,3.599827704081633,2.252392306397306
2006.8171,-1.1704211714770798,-0.20805168067226892,3.5980655517826823,2.2513312605042013
2006.81984,-1.1623974745762713,-0.2096619798657718,3.596134644067796,2.250212986577181
2006.82258,-1.153895228426396,-0.21286929648241204,3.594165042301184,2.2490782244556113
2006.82532,-1.1492260304054054,-0.2189683110367893,3.5925277871621617,2.248054013377926
2006.82806,-1.1404732546374368,-0.22373746243739567,3.5906610623946036,2.246923756260434
2006.8308,-1.1309353535353535,-0.22492676666666667,3.58878132996633,2.2458289
2006.83354,-1.1283916134453782,-0.2273779534109817,3.5921697815126046,2.2472756405990015
2006.83628,-1.1190478859060402,-0.23016787375415282,3.5900824328859064,2.246093554817276
2006.83902,-1.115561474036851,-0.23248855721393033,3.588187537688442,2.244971194029851
2006.84176,-1.1061571571906355,-0.23406917218543047,3.5863213210702343,2.243911109271523
2006.8445,-1.0989497829716195,-0.2335332396694215,3.584410350584307,2.242828859504132
2006.84724,-1.0859116,-0.23520470297029705,3.5824548333333337,2.2416576402640263
2006.84998,-1.0772265557404326,-0.23784538714991763,3.58069006655574,2.2407020593080724
2006.85272,-1.0746735215946843,-0.23951126644736842,3.578912126245847,2.239743947368421
2006.85546,-1.0666283416252071,-0.24229916256157635,3.577102089552239,2.238746486042693
2006.8582,-1.0601215894039735,-0.24386419672131146,3.5752190397350994,2.2376914754098363
2006.86094,-1.052443173553719,-0.2430814402618658,3.5734905123966945,2.2366935679214404
2006.86368,-1.0468283168316832,-0.2454771568627451,3.571805495049505,2.2357130228758173
2006.86642,-1.0404380560131794,-0.24690355628058727,3.5701511861614494,2.2347497553017943
2006.86916,-1.0314753125,-0.25067654723127036,3.5682071875,2.2336041530944626
2006.8719,-1.026224236453202,-0.2497510243902439,3.5667115599343187,2.2327246016260163
2006.87464,-1.020140786885246,-0.25158870129870126,3.5648484098360655,2.231581801948052
2006.87738,-1.0159939934533553,-0.2534230632090762,3.5629507528641575,2.2304510858995137
2006.88012,-1.0114034477124183,-0.256472572815534,3.5611060784313726,2.2293128640776696
2006.88286,-1.006782463295269,-0.25902218093699514,3.559267422512235,2.228193651050081
2006.8856,-0.9985512866449512,-0.25910648387096774,3.5575404723127035,2.227085016129032
2006.88834,-0.9929438699186992,-0.2566054267310789,3.555682552845528,2.2259646698872784
2006.89108,-0.9860431331168831,-0.25492527331189707,3.553818279220779,2.224811848874598
2006.89382,-0.9780174878444083,-0.2542643659711075,3.5520497730956238,2.2237056661316212
2006.89656,-0.9729063754045307,-0.2581338461538461,3.5502252103559875,2.2226071794871793
2006.8993,-0.9659137641357027,-0.26005435200000004,3.548301680129241,2.221462512
2006.90204,-0.9572616935483871,-0.2600368690095846,3.5464828870967744,2.22039178913738
2006.90478,-0.9563333172302737,-0.2580841945773525,3.5451157004830915,2.219478580542265
2006.91574,-0.9463529166666667,-0.2595955414012739,3.539700432692308,2.2183581050955414
2006.91848,-0.9372537599999999,-0.2605641812400636,3.537934384,2.2172850715421304
2006.92122,-0.928078482428115,-0.26072285714285715,3.5362197284345047,2.2162168253968253
2006.92396,-0.9169405741626794,-0.2617298098256735,3.5345562041467304,2.2152572424722665
2006.9267,-0.910220541401274,-0.2630241772151899,3.532873662420382,2.214246091772152
2006.92944,-0.9024966454689984,-0.2646851184834123,3.531147917329094,2.2132095102685625
2006.93218,-0.8932085873015873,-0.2637818769716088,3.5294458253968255,2.2121721135646686
2006.93492,-0.8829319175911252,-0.2664043622047244,3.5290833280507132,2.211957244094488
2006.93766,-0.8754941772151899,-0.2665865880503145,3.5273989556962024,2.2109142295597484
2006.9404,-0.8720896524486571,-0.2657394348508634,3.5257078357030016,2.2099232496075354
2006.94314,-0.8675146372239747,-0.2691419749216301,3.5239798895899055,2.208901567398119
2006.94588,-0.8596991181102362,-0.2740027699530517,3.522377637795276,2.20788848200313
2006.94862,-0.8542527201257861,-0.277052484375,3.520915503144654,2.2069567500000002
2006.95136,-0.8501407378335949,-0.2785258190327613,3.5191852433281006,2.2059242901716067
2006.9541,-0.8447722570532915,-0.2789363551401869,3.5177596238244515,2.205034797507788
2006.95684,-0.8396602034428795,-0.27826727838258164,3.5162040375586856,2.204066236391913
2006.95958,-0.83226125,-0.27913857142857146,3.514718921875,2.2030993322981365
2006.96232,-0.8250181435257411,-0.278482511627907,3.5132652574102963,2.202179565891473
2006.96506,-0.8157541900311527,-0.2809734365325077,3.511807196261682,2.2012025541795666
2006.9678,-0.8124912597200622,-0.28423352395672336,3.5104338258164853,2.20034057187017
2006.97054,-0.8081005434782609,-0.28829015432098765,3.5090261956521744,2.1994053703703704
2006.97328,-0.8057670077519379,-0.28999932203389833,3.507554852713178,2.198487673343606
2006.97876,-0.7973400618238021,-0.27814824615384615,3.5047969397217926,2.1975940307692308
2006.9815,-0.7907318518518518,-0.2800993241167435,3.5032829629629627,2.1965957910906297
2006.98424,-0.7875496147919877,-0.2822541411042945,3.5017148228043142,2.1956244325153373
2006.98698,-0.7823292615384616,-0.2817152679938744,3.500606738461539,2.1949889739663093
2006.98972,-0.776146420890937,-0.28294477064220186,3.5001970353302614,2.19470504587156
2007.34318,-0.7822494018404909,-0.282695786259542,3.498959984662577,2.1938951297709925
2007.34866,-0.7821574272588055,-0.2791361737804878,3.501869280245023,2.1954588719512196
2007.35414,-0.7817500152905198,-0.2759809589041096,3.503140886850153,2.1962286605783863
2007.36236,-0.7770085954198473,-0.2713808054711246,3.504044290076336,2.196830896656535
2007.3651,-0.7734303048780488,-0.27957908952959026,3.5079423475609754,2.1991999696509863
2007.36784,-0.7714819330289193,-0.28225293939393936,3.5091233485540334,2.199794575757576
2007.37058,-0.7679297720364742,-0.2742792133131619,3.5103790881458967,2.2007345688350983
2007.37332,-0.769165842185129,-0.27372974320241694,3.5102260546282245,2.2005287915407856
2007.37606,-0.7793683787878787,-0.28768904977375565,3.5151353030303034,2.2039541327300154
2007.38154,-0.7797769591527987,-0.28916522590361443,3.5181697579425113,2.2063414156626506
2007.38976,-0.7811997885196375,-0.28539159398496244,3.518798670694864,2.2066237293233084
2007.4062,-0.7756862895927601,-0.30663453453453454,3.5273958069381597,2.213722822822823
2007.40894,-0.7956745331325301,-0.3284728935532234,3.537890451807229,2.2208834182908546
2007.41442,-0.789548947368421,-0.32861396706586826,3.5382887969924814,2.220994161676647
2007.41716,-0.7881931831831831,-0.3255303437967115,3.538711741741742,2.2208750373692077
2007.4199,-0.7848502248875562,-0.3228414925373134,3.53927652173913,2.220897910447761
2007.42264,-0.7858172754491017,-0.3410493442622951,3.545332350299401,2.2255853651266766
2007.42812,-0.7854718834080717,-0.343305,3.5452149626307925,2.2253418154761904
2007.43086,-0.7868391492537313,-0.34474664190193166,3.548670940298508,2.227978187221397
2007.4336,-0.7821503725782414,-0.3545677299703264,3.5532034277198212,2.2308000148367952
2007.43634,-0.7811181696428572,-0.35666094814814814,3.5573133482142856,2.2346053037037037
2007.44456,-0.7781353491827636,-0.3599746301775148,3.559856597325408,2.2364824408284023
2007.4473,-0.7700764148148147,-0.3709540855457227,3.567785451851852,2.2430933185840707
2007.45004,-0.7687579733727811,-0.37940083946980857,3.574467337278106,2.248952017673049
2007.45826,-0.7631251917404129,-0.3841149045521292,3.580380811209439,2.252770866372981
2007.46922,-0.7655781001472755,-0.3774940615835777,3.5848103829160527,2.2550235630498534
2007.47744,-0.7569082647058823,-0.3914268960468521,3.590296544117647,2.2596102781844802
2007.48292,-0.7438602639296188,-0.3972019124087591,3.5957930205278594,2.26341097810219
2007.4884,-0.7458427818448023,-0.4049136880466472,3.6020272035139094,2.267134110787172
2007.49936,-0.7502004239766081,-0.4064564774381368,3.604796301169591,2.2687467248908297
2007.50758,-0.7517017664233576,-0.4071933575581395,3.60928798540146,2.2701427325581394
2007.51032,-0.7629041545189504,-0.40730307692307693,3.615614387755102,2.272121944847605
2007.51306,-0.7628315283842795,-0.4113269420289855,3.6152893886462882,2.271586
2007.5158,-0.759811671511628,-0.41409549927641104,3.617612456395349,2.272184023154848
2007.52128,-0.7603852394775037,-0.41653364161849715,3.6199925108853415,2.272700520231214
2007.52402,-0.7591275217391305,-0.4162735497835498,3.6221747536231885,2.273345007215007
2007.52676,-0.7578420839363241,-0.42334406340057634,3.6268840810419682,2.2749958069164267
2007.5295,-0.7639477890173411,-0.42870156834532375,3.626939653179191,2.274836949640288
2007.53224,-0.7628501443001444,-0.4371381609195402,3.6270170995670994,2.2745868247126437
2007.53498,-0.7581199855907781,-0.4336642754662841,3.6317293515850144,2.2767510760401724
2007.53772,-0.7413624316546763,-0.417863653295129,3.6390759712230216,2.2820127363896847
2007.54594,-0.7115660114777618,-0.42034360515021457,3.650104275466284,2.2817669957081548
2007.54868,-0.6984970773638968,-0.3992655142857143,3.657882550143267,2.2846105285714287
2007.55416,-0.6986222428571429,-0.40812192307692313,3.6621500714285715,2.2866245156695157
2007.55964,-0.7069789300998574,-0.4064831578947368,3.662081084165478,2.286239843527738
2007.56238,-0.7107952564102564,-0.3970915909090909,3.671152250712251,2.2892165056818183
2007.56512,-0.7174397155049786,-0.3943228368794326,3.6783944807965865,2.291194723404255
2007.56786,-0.7137983522727273,-0.39720726628895187,3.68095203125,2.291664277620397
2007.5706,-0.7045979007092198,-0.3871217397454031,3.687214780141844,2.294031244695898
2007.57334,-0.684901909476662,-0.3783782228490832,3.6980076237623765,2.29820365303244
2007.57882,-0.6895253531073446,-0.3793624647887324,3.6975866807909603,2.2975950422535214
2007.58156,-0.6812344146685473,-0.3844752742616034,3.6976488998589563,2.2972405203938115
2007.5843,-0.6859812816901408,-0.38632484550561796,3.6999721971830986,2.2977618398876403
2007.59252,-0.6814438537271449,-0.3742123842917251,3.7100888607594937,2.3028155680224405
2007.59526,-0.6856313623595506,-0.37807406993007,3.7153509129213482,2.3065253846153846
2007.598,-0.666881079943899,-0.3813343156424581,3.7216691865357645,2.3087960474860334
2007.60074,-0.6668790616246499,-0.3769540585774058,3.7252532773109244,2.310044839609484
2007.60896,-0.6728746293706294,-0.3756075208913649,3.724899804195804,2.3094493454038996
2007.6117,-0.6754522625698324,-0.369307983310153,3.736254790502793,2.3132435465924894
2007.61444,-0.6762499163179917,-0.37555447222222227,3.7384722733612277,2.313904611111111
2007.61718,-0.6782339832869081,-0.38610535367545074,3.7407420752089133,2.3150269070735088
2007.62266,-0.6788476666666666,-0.4085139834024896,3.7532780416666665,2.321141493775934
2007.6254,-0.6777982246879334,-0.4161195856353591,3.760567128987517,2.32474796961326
2007.62814,-0.6794704155124653,-0.4257668551724138,3.7653109141274235,2.327429406896552
2007.63362,-0.7039810926694329,-0.4324484022038567,3.768613112033195,2.3284813774104682
2007.63636,-0.7129121685082873,-0.4314593672627235,3.777264129834254,2.332221884456671
2007.6391,-0.7177017655172414,-0.43390270604395603,3.7867891862068968,2.334995769230769
2007.64184,-0.723341391184573,-0.43031912208504797,3.789503842975207,2.3358424965706446
2007.64732,-0.7228829023383769,-0.43058006849315067,3.7960212104539206,2.3384359999999997
2007.65006,-0.727728434065934,-0.433037195622435,3.80138521978022,2.3406553625171
2007.6528,-0.7399852263374485,-0.43563102459016395,3.806666433470508,2.3444196994535518
2007.65828,-0.7478170136986302,-0.4399603001364257,3.8152491369863015,2.3497673942701227
2007.66376,-0.7506837619699042,-0.44469584468664847,3.817874952120383,2.3506234877384196
2007.6665,-0.760448606557377,-0.45154917006802725,3.822003606557377,2.3521345714285715
2007.69116,-0.7833221282401092,-0.45306252717391304,3.8273346521145974,2.3548981385869565
2007.6939,-0.7825254632152588,-0.4631377476255088,3.8332207629427795,2.3568652238805967
2007.69664,-0.7889147755102041,-0.47801223577235774,3.8429530612244895,2.3613333333333335
2007.70486,-0.8019207869742199,-0.4764780135135135,3.8521845725915878,2.3643329594594595
2007.7076,-0.81453445799458,-0.47682917678812414,3.858946680216802,2.3664443454790827
2007.71308,-0.8156002435723951,-0.4779690296495957,3.8655613261163735,2.369189528301887
2007.71856,-0.8204951956815115,-0.4885735887096774,3.877567435897436,2.3730853763440862
2007.73226,-0.8193727897574123,-0.49825162416107377,3.88000602425876,2.3742518926174494
2007.735,-0.8290766756393001,-0.4934883512064343,3.881132812920592,2.3744461528150134
2007.74048,-0.8442902953020134,-0.4980669919786096,3.889417020134228,2.3767073663101606
2007.74596,-0.8488350804289544,-0.5012422963951936,3.889265067024129,2.376340080106809
2007.7487,-0.8600521954484605,-0.50140744,3.8894661981258367,2.3760301333333333
2007.75144,-0.8622361229946525,-0.5082645805592544,3.8961161363636365,2.378957123834887
2007.75692,-0.8707514552736983,-0.5110367021276596,3.8963101201602135,2.3787833377659577
2007.75966,-0.8751406399999999,-0.5142779150066401,3.89696176,2.3788597875166
2007.7624,-0.8704414247669774,-0.5208592440318303,3.899230905459387,2.3806340318302386
2007.76788,-0.875023710106383,-0.5153723708609271,3.9114250265957446,2.3848352185430466
2007.77062,-0.8877609030544489,-0.5050088756613756,3.921852669322709,2.3878008068783068
2007.77336,-0.9102903315649867,-0.5027497886393659,3.9378708620689653,2.39223785997358
2007.78158,-0.9088849801324503,-0.5034668601583113,3.939507417218543,2.3925407651715043
2007.78706,-0.9246784940554822,-0.5044195789473684,3.9457987978863933,2.3939410657894737
2007.7898,-0.9444399340369393,-0.49963165571616297,3.9599303562005277,2.3978513009198426
2007.79254,-0.9571629512516469,-0.4982564435695538,3.9643034782608697,2.399121194225722
2007.79802,-0.9616784210526316,-0.5019349803407601,3.9658894605263155,2.3997850982961992
