2015.00148,-2.42254,6.01341,2.4197,2.80216
2015.00422,-2.36012,5.65702,2.429955,2.816835
2015.00696,-2.4227633333333336,5.551746666666666,2.43526,2.8272033333333333
2015.0097,-2.386005,5.3650725,2.4496425,2.8522100000000004
2015.01244,-1.5638859999999999,5.1639420000000005,2.450006,2.8492100000000002
2015.01518,-1.4671933333333333,5.272173333333334,2.449116666666667,2.845495
2015.01792,-1.4222885714285713,4.997562857142857,2.317342857142857,2.684357142857143
2015.02066,-1.3424,4.5829825,2.21437,2.56273375
2015.0234,-1.3511422222222222,4.916188888888889,2.254151111111111,2.605678888888889
2015.02614,-1.398686,5.021891,2.2734110000000003,2.626752
2015.02888,-1.425411818181818,5.088964545454545,2.289010909090909,2.6442318181818183
2015.03162,-1.5017816666666668,4.780485,2.224735,2.5668525
2015.03436,-1.277826923076923,4.649776923076923,2.240653076923077,2.5866961538461535
2015.0371,-1.1050057142857141,4.484410714285715,2.2541364285714285,2.605087857142857
2015.03984,-0.9776426666666667,4.499448,2.2659253333333336,2.6177253333333335
2015.04258,-1.0490837499999999,4.008516875,2.227568125,2.573254375
2015.04532,-1.1181676470588235,4.07007,2.2453094117647057,2.5946688235294117
2015.05628,-1.096277777777778,4.032747777777778,2.2657488888888886,2.618471111111111
2015.05902,-1.1288794736842105,4.095328421052631,2.275163157894737,2.62927
2015.06176,-1.1869655,3.9444035,2.2360794999999998,2.583688
2015.0645,-1.1404595238095236,3.6386109523809527,2.2020271428571427,2.5424519047619047
2015.06724,-1.0606186363636363,3.424310909090909,2.1691427272727273,2.504052272727273
2015.06998,-0.96676,3.1760682608695654,2.140768260869565,2.4706791304347826
2015.07272,-0.9813108333333332,3.017515833333333,2.11388375,2.43979875
2015.07546,-0.8971032,3.0237404,2.088684,2.4105532
2015.0782,-0.8780557692307691,2.961825,2.0657734615384618,2.3840576923076924
2015.08094,-0.8749903703703703,2.8510677777777778,2.044036296296296,2.3582448148148147
2015.08368,-0.8865182142857143,2.8293414285714285,2.02381,2.3342342857142855
2015.08642,-0.9320627586206897,2.7726058620689655,2.0050848275862068,2.3126134482758625
2015.08916,-0.9936413333333333,2.8421803333333333,2.018602,2.3298816666666666
2015.0919,-1.0214151612903226,2.759500967741935,2.001633870967742,2.3105348387096774
2015.09464,-0.998000625,2.640404375,1.9855984375,2.2915384375
2015.09738,-0.9655554545454546,2.4710660606060606,1.9717693939393937,2.2743481818181817
2015.10012,-0.9756164705882353,2.3843455882352944,1.9589485294117646,2.2594976470588235
2015.10286,-0.9875562857142857,2.208097714285714,1.9467734285714284,2.2457805714285715
2015.1056,-0.9827402777777778,2.141301111111111,1.9342211111111114,2.2317894444444444
2015.10834,-0.9623351351351351,2.040547027027027,1.9221062162162164,2.2183
2015.11108,-0.9276626315789473,1.9499526315789475,1.9130676315789472,2.2077784210526317
2015.11382,-0.8510238461538461,1.882353333333333,1.9043748717948716,2.197771794871795
2015.11656,-0.847211,1.9132694999999997,1.9262417500000002,2.22568375
2015.1193,-0.8519456097560975,1.9848170731707317,1.9410782926829269,2.243100731707317
2015.12204,-0.7890714285714285,2.0778483333333333,1.9530664285714285,2.2582440476190477
2015.12478,-0.7186562790697675,2.089629534883721,1.942643488372093,2.24626023255814
2015.12752,-0.6357802272727272,2.0979336363636363,1.9321777272727274,2.2340122727272727
2015.13026,-0.585662,2.0783486666666664,1.9225093333333332,2.222764222222222
2015.133,-0.566914347826087,2.026036304347826,1.9132308695652172,2.211747391304348
2015.13574,-0.5537359574468085,1.998635744680851,1.9051102127659576,2.201967659574468
2015.13848,-0.528686875,1.9973987500000001,1.8974193750000001,2.19255375
2015.14122,-0.48137755102040813,1.9371102040816328,1.8895455102040815,2.1836630612244896
2015.14396,-0.42552799999999996,1.8951179999999999,1.8815658,2.1742772
2015.1467,-0.36356176470588236,1.8594682352941176,1.8739349019607843,2.165148235294118
2015.14944,-0.3351225,1.8488417307692306,1.8665671153846155,2.1564396153846155
2015.15218,-0.3225977358490566,1.8788045283018868,1.8600607547169812,2.1488922641509434
2015.15492,-0.23915722222222224,1.8907351851851852,1.858746851851852,2.1446596296296296
2015.15766,-0.15304399999999999,1.8858163636363636,1.8605741818181818,2.1426352727272726
2015.1604,-0.168595,1.8710273214285713,1.8539926785714285,2.1349396428571428
2015.16314,-0.17039666666666667,1.869931403508772,1.8489508771929826,2.1290498245614033
2015.16588,-0.19149155172413793,1.873456379310345,1.8434722413793103,2.1229574137931033
2015.16862,-0.18967694915254235,1.866264745762712,1.8379172881355934,2.116527966101695
2015.17136,-0.18881516666666667,1.8416113333333333,1.8326686666666667,2.1103478333333334
2015.1741,-0.16316459016393442,1.7862483606557378,1.8280650819672133,2.105592786885246
2015.17684,-0.1418382258064516,1.7160669354838711,1.8241429032258065,2.1010906451612903
2015.17958,-0.14276317460317461,1.6725447619047618,1.820407142857143,2.0964047619047617
2015.18232,-0.12829765625,1.64624046875,1.8151671875,2.0906540625
2015.18506,-0.12330784615384616,1.6120646153846154,1.8101833846153845,2.0851232307692307
2015.1878,-0.10996015151515151,1.5701192424242425,1.8052334848484848,2.0797984848484847
2015.19054,-0.11102358208955224,1.5323364179104477,1.8003883582089553,2.0745999999999998
2015.19328,-0.10020661764705882,1.4890242647058822,1.796285,2.0699223529411763
2015.19602,-0.09862971014492752,1.4604885507246377,1.7918347826086958,2.0650008695652176
2015.19876,-0.11180085714285715,1.4184542857142857,1.7875452857142857,2.0603078571428575
2015.2015,-0.10944450704225352,1.3709474647887325,1.7834149295774648,2.0558414084507044
2015.20424,-0.1162311111111111,1.36443125,1.7791134722222222,2.0513852777777775
2015.20698,-0.12367082191780822,1.3731401369863012,1.7759128767123287,2.0480097260273973
2015.20972,-0.13033054054054055,1.3310543243243242,1.772273918918919,2.044040945945946
2015.21246,-0.1411344,1.2909545333333334,1.7686864,2.0400676
2015.2152,-0.1612792105263158,1.2772063157894735,1.7655351315789474,2.0369734210526316
2015.21794,-0.12813662337662338,1.2596271428571428,1.7629051948051946,2.0342874025974025
2015.22068,-0.11204692307692309,1.253124487179487,1.7592708974358975,2.0304324358974357
2015.22342,-0.10262392405063292,1.269390253164557,1.7560018987341772,2.026643924050633
2015.22616,-0.065925625,1.2791045,1.7553998750000002,2.024828125
2015.2289,-0.05065444444444444,1.2723882716049384,1.7521207407407409,2.02120987654321
2015.23164,-0.021007560975609758,1.2626620731707316,1.7489148780487807,2.0177425609756097
2015.23438,-0.010199277108433736,1.2509585542168675,1.7457287951807228,2.0146707228915663
2015.23712,0.0005241666666666655,1.2476338095238095,1.7428164285714285,2.011735238095238
2015.23986,-0.00955635294117647,1.2183122352941176,1.7408137647058823,2.0100250588235293
2015.2426,-0.015350813953488373,1.213912558139535,1.7383982558139535,2.008048720930233
2015.24534,-0.001665172413793104,1.210896551724138,1.7362108045977012,2.006202988505747
2015.24808,0.014218181818181817,1.1916536363636363,1.7336494318181819,2.003404318181818
2015.25082,0.045841685393258426,1.1771046067415731,1.7326933707865169,2.002343033707865
2015.25356,0.06007311111111111,1.1737494444444445,1.7302977777777777,1.999461777777778
2015.2563,0.07610857142857143,1.159226153846154,1.7276028571428572,1.9961756043956045
2015.25904,0.09526782608695653,1.1416707608695653,1.7250572826086958,1.9931608695652174
2015.26178,0.1128231182795699,1.1259905376344086,1.7225956989247313,1.9903932258064516
2015.26452,0.13170510638297872,1.1121281914893617,1.7201155319148935,1.987483404255319
2015.26726,0.12837705263157895,1.0914557894736843,1.7177396842105264,1.984772
2015.27,0.14827614583333334,1.0726425,1.7153673958333335,1.9820083333333331
2015.27274,0.17530865979381444,1.0404830927835051,1.7134331958762887,1.9799087628865981
2015.27548,0.189215,1.0486339795918367,1.7115641836734694,1.97789693877551
2015.27822,0.18972121212121212,1.028629494949495,1.7094733333333334,1.9755537373737375
2015.28096,0.202105,1.0206777,1.7073875,1.9732028
2015.2837,0.21485455445544557,0.989340594059406,1.705259801980198,1.970689603960396
2015.28644,0.2463773529411765,0.9546929411764706,1.7047335294117647,1.9695107843137254
2015.28918,0.2733940776699029,0.9454688349514563,1.7035184466019417,1.9676215533980583
2015.29192,0.30420586538461536,0.9267601923076924,1.7017453846153845,1.9656124038461538
2015.29466,0.3254819047619048,0.935306380952381,1.7002721904761906,1.9638290476190479
2015.2974,0.3371467924528302,0.9056360377358491,1.698713962264151,1.9621643396226414
2015.30014,0.355247570093458,0.883278691588785,1.6967818691588783,1.9600219626168225
2015.30288,0.3632710185185185,0.8892080555555556,1.696275,1.9592355555555556
2015.30562,0.36280853211009173,0.8953840366972476,1.6948959633027523,1.9576065137614678
2015.30836,0.3659851818181818,0.9116568181818182,1.6930791818181818,1.955530090909091
2015.3111,0.3460118018018018,0.9246949549549549,1.6914037837837839,1.953596126126126
2015.31384,0.3325239285714286,0.9264991964285715,1.6898136607142857,1.951640625
2015.31658,0.318551592920354,0.9440030973451327,1.6880026548672566,1.949522831858407
2015.31932,0.3054157894736842,0.9638579824561404,1.686253947368421,1.947578596491228
2015.32206,0.30497113043478263,0.9623938260869566,1.684500695652174,1.9455747826086955
2015.3248,0.3040916379310345,0.9542030172413793,1.6828580172413794,1.943904224137931
2015.32754,0.31296,0.9584147863247863,1.6815442735042734,1.9423149572649574
2015.33028,0.32098898305084744,0.9468108474576271,1.6803238983050848,1.9406998305084746
2015.33302,0.32810983193277315,0.9477510924369749,1.6786221848739498,1.9388146218487394
2015.33576,0.3333565833333333,0.9486435,1.6766581666666667,1.9367420833333333
2015.3385,0.34847371900826446,0.9533785123966942,1.6750938842975207,1.9352161983471075
2015.34124,0.3652250819672131,0.9495004918032787,1.6733981147540984,1.933428606557377
2015.34398,0.37043260162601627,0.9507822764227642,1.6716539837398374,1.9315444715447154
2015.34672,0.377873064516129,0.9432929032258065,1.6699521774193549,1.9297050806451614
2015.34946,0.36638072,0.94763168,1.66813056,1.92779416
2015.3522,0.3564401587301587,0.9478540476190476,1.6663307936507938,1.9259390476190477
2015.35494,0.37073551181102365,0.9424866141732284,1.6648183464566928,1.924369527559055
2015.35768,0.36741515625,0.9196284375,1.663225234375,1.922577421875
2015.36042,0.3640908527131783,0.9215625581395348,1.6618351162790699,1.9213728682170543
2015.36316,0.36282569230769235,0.9165491538461539,1.6602817692307692,1.9202031538461537
2015.3659,0.3647084732824427,0.9123620610687023,1.6585864122137406,1.9185490076335876
2015.36864,0.3744175,0.88979,1.6569115151515152,1.9168994696969697
2015.37138,0.37499368421052637,0.8821855639097744,1.6553684962406015,1.9152644360902256
2015.37412,0.3940400746268657,0.878859552238806,1.6539020149253731,1.9136814179104478
2015.37686,0.3860459259259259,0.8850023703703703,1.6525262222222221,1.9122667407407405
2015.3796,0.3872204411764706,0.9108760294117647,1.6513308088235292,1.9118501470588234
2015.38234,0.39957985401459856,0.9189843065693432,1.6498476642335766,1.9103045255474453
2015.38508,0.3977321014492754,0.9054234782608696,1.6484220289855072,1.9087660144927538
2015.38782,0.4030990647482014,0.9028827338129496,1.6469979136690647,1.9072094244604316
2015.39056,0.40460135714285717,0.8922619285714285,1.6455995714285714,1.9057104999999999
2015.3933,0.4050824113475177,0.9086326241134751,1.6443295035460992,1.9043687943262413
2015.39604,0.4040123943661972,0.8925328873239436,1.6443047887323943,1.9058052816901407
2015.39878,0.40701076923076923,0.8796980419580419,1.642868041958042,1.9044432167832166
2015.40152,0.39595749999999996,0.8844426388888889,1.6435105555555554,1.905091875
2015.40426,0.4027864827586207,0.8738300689655172,1.6423861379310345,1.9039893793103448
2015.407,0.40290739726027397,0.8789699315068493,1.6410857534246577,1.9027278082191783
2015.40974,0.40167551020408165,0.8828940136054421,1.6398453741496597,1.9017291836734693
2015.41248,0.3998559459459459,0.8670331081081081,1.6385396621621622,1.900593445945946
2015.41522,0.40450677852348993,0.8562656375838926,1.637253087248322,1.899438657718121
2015.41796,0.40190193333333335,0.8592586666666667,1.6361122666666668,1.8982936
2015.4207,0.39698721854304636,0.8630562913907284,1.6349861589403973,1.8971228476821194
2015.42344,0.3810442763157895,0.8672776315789473,1.6338176315789474,1.8959729605263156
2015.42618,0.3730523529411765,0.8614416993464052,1.6330504575163398,1.8951188235294116
2015.42892,0.3590083116883117,0.8524707792207792,1.631823961038961,1.8938793506493508
2015.43166,0.3526589677419355,0.8491916774193548,1.6306853548387097,1.8926229032258066
2015.4344,0.34639102564102564,0.8391445512820513,1.629651923076923,1.891414294871795
2015.43714,0.33389,0.8323268152866242,1.6285564968152866,1.890208280254777
2015.43988,0.3197891139240506,0.8199355696202533,1.627532341772152,1.8891175949367087
2015.44262,0.31817238993710695,0.7957588050314466,1.6274676729559747,1.8892935220125786
2015.44536,0.3268724375,0.7821413125000001,1.6265856875,1.8884123124999999
2015.4481,0.3303730434782609,0.7720994409937888,1.6256452795031056,1.8873116149068323
2015.45084,0.3325217901234568,0.7636074074074074,1.62461,1.886039135802469
2015.45358,0.3350561963190184,0.7481206134969325,1.6242590184049077,1.8854952147239263
2015.45632,0.32406560975609755,0.7440845731707317,1.6233368902439027,1.8845368902439026
2015.45906,0.32046545454545455,0.7351006666666667,1.6227152121212123,1.8838165454545455
2015.4618,0.3106923493975904,0.7359644578313254,1.6222259036144577,1.883121686746988
2015.46454,0.2977967664670659,0.7391578443113772,1.6215388023952098,1.8822102395209581
2015.46728,0.2898288095238095,0.7316320833333334,1.6206438095238096,1.8811217261904762
2015.47002,0.26427497041420117,0.7346560355029585,1.6201527218934912,1.8804313609467453
2015.47276,0.2579417647058823,0.7183425882352941,1.6202173529411765,1.880527588235294
2015.4755,0.25016204678362575,0.7060815789473683,1.6200522807017543,1.8804552046783625
2015.47824,0.24818162790697676,0.6942370930232558,1.6198105813953487,1.8802991860465115
2015.48098,0.23757549132947978,0.6851623121387284,1.619533005780347,1.8798915028901733
2015.48372,0.2443785632183908,0.6848049425287356,1.6202322988505746,1.8810113793103447
2015.48646,0.2321848,0.6742669714285714,1.6193097142857145,1.879953885714286
2015.4892,0.23424534090909094,0.6541744886363636,1.6185389772727274,1.879140625
2015.49194,0.23220293785310733,0.6489266101694915,1.617864858757062,1.8783074011299437
2015.49468,0.23255337078651686,0.6241069101123595,1.6191268539325845,1.8802873033707865
2015.49742,0.22353782122905028,0.625815530726257,1.6185028491620113,1.8797458659217878
2015.50016,0.21263,0.6158886111111112,1.617902611111111,1.8792084444444443
2015.5029,0.21228292817679556,0.5994731491712707,1.6170296685082872,1.8782239779005527
2015.50564,0.20781247252747256,0.5824065384615384,1.6163066483516482,1.8773477472527473
2015.50838,0.21061748633879782,0.5662321857923498,1.6155833333333334,1.8763933879781423
2015.51112,0.2099554891304348,0.5546352173913044,1.6148245108695651,1.8754577173913045
2015.51386,0.2109797837837838,0.5358738378378378,1.6139983783783785,1.8745036756756757
2015.5166,0.20469021505376345,0.5322665053763441,1.6131414516129032,1.8735498924731182
2015.51934,0.2033609090909091,0.528311871657754,1.6127252406417112,1.8733244385026737
2015.52208,0.21401962765957447,0.5069488297872341,1.6121266489361703,1.8725165425531916
2015.52482,0.21738222222222223,0.4872931746031746,1.611847566137566,1.8719558730158732
2015.52756,0.21454315789473682,0.4704934210526316,1.6110795263157895,1.8710565789473683
2015.5303,0.20864848167539268,0.4601624083769633,1.6104449214659686,1.8703320418848168
2015.53304,0.20782869791666667,0.4537191145833333,1.6096408854166666,1.869490625
2015.53578,0.2096521243523316,0.4485916062176166,1.6093069430051814,1.8690855440414509
2015.53852,0.21208304123711338,0.436170618556701,1.6090551546391754,1.8686939690721651
2015.54126,0.2058853846153846,0.42053887179487176,1.609615641025641,1.8697442051282052
2015.544,0.2067637244897959,0.42050755102040815,1.6091904591836734,1.86917
2015.54674,0.20171345177664973,0.4112199492385787,1.6087166497461927,1.8686337563451778
2015.54948,0.20540434343434344,0.40200287878787877,1.608123888888889,1.8680625757575757
2015.55222,0.21823437185929648,0.37667201005025125,1.610373216080402,1.8702775376884422
2015.55496,0.21684540000000002,0.36694195,1.6101121,1.8697905499999998
2015.5577,0.21869537313432838,0.35604298507462684,1.609723432835821,1.8693472139303482
2015.56044,0.2088447524752475,0.35534252475247524,1.609644900990099,1.8690453960396038
2015.56318,0.20804871921182266,0.344200197044335,1.6090431034482757,1.8683709359605911
2015.56592,0.19735852941176468,0.3357377450980392,1.6084775490196077,1.8676901470588234
2015.56866,0.19176853658536586,0.3322251707317073,1.6079911219512193,1.8670086341463414
2015.5714,0.18411276699029128,0.32962043689320386,1.6077227184466019,1.8667051456310682
2015.57414,0.1843511111111111,0.32290309178743964,1.6073418357487923,1.8664127536231885
2015.57688,0.18225403846153845,0.32424206730769234,1.606742548076923,1.8655603365384614
2015.57962,0.1882229186602871,0.3046178947368421,1.6061693301435407,1.8647722966507179
2015.58236,0.18808190476190476,0.28706571428571426,1.6061772857142858,1.8647494285714286
2015.5851,0.18993611374407585,0.28049440758293837,1.605826066350711,1.864342037914692
2015.58784,0.19355608490566037,0.27389580188679247,1.605480896226415,1.863836462264151
2015.59058,0.19446244131455398,0.25195089201877935,1.6049707042253523,1.8630633333333333
2015.59332,0.199931261682243,0.22498140186915888,1.6045496728971962,1.8624090186915887
2015.59606,0.20310376744186046,0.20750404651162793,1.6048646976744185,1.862857488372093
2015.5988,0.2052300462962963,0.20259203703703704,1.6047103703703702,1.8624411111111112
2015.60154,0.20367797235023044,0.19736783410138248,1.6049032258064517,1.8627306451612904
2015.60428,0.1936423394495413,0.1813418348623853,1.6053769724770641,1.8631787155963302
2015.60702,0.18305552511415524,0.18073552511415525,1.6049493150684933,1.862565616438356
2015.60976,0.18422168181818183,0.15338754545454547,1.6048094545454545,1.8626465909090908
2015.6125,0.1895177375565611,0.1440579185520362,1.6048980542986426,1.8626828959276018
2015.61524,0.18986995495495496,0.13005923423423424,1.6044365765765765,1.8621571621621622
2015.61798,0.18997008968609863,0.12890766816143498,1.603835739910314,1.861394529147982
2015.62072,0.18762325892857143,0.12882589285714285,1.6033010267857144,1.8606524553571429
2015.62346,0.1982869777777778,0.13246075555555556,1.604243111111111,1.861731022222222
2015.6262,0.20510809734513274,0.12280030973451328,1.6038203539823008,1.8612754424778761
2015.62894,0.20434348017621146,0.10583537444933921,1.6034625550660793,1.8608696475770925
2015.63168,0.2080519298245614,0.09720175438596491,1.6034948684210526,1.8604555701754386
2015.63442,0.2060235807860262,0.09041441048034936,1.6030615283842795,1.8598993886462882
2015.63716,0.20558108695652175,0.081541,1.602779,1.8595241304347825
2015.6399,0.20532021645021645,0.07906025974025975,1.6022599134199136,1.8589452813852814
2015.64264,0.1988948706896552,0.07888603448275863,1.601861853448276,1.8584523275862068
2015.64538,0.18815266094420602,0.0796093991416309,1.6013211158798284,1.857841373390558
2015.64812,0.18387188034188034,0.07201555555555555,1.6014733760683761,1.857941111111111
2015.65086,0.17430527659574468,0.07840348936170213,1.601023829787234,1.8573115319148936
2015.6536,0.16971237288135593,0.06729292372881356,1.6006677118644068,1.8567682627118645
2015.65634,0.16889168776371308,0.051082658227848105,1.600131687763713,1.85614194092827
2015.65908,0.15580226890756302,0.041864873949579835,1.599673823529412,1.8555115546218488
2015.66182,0.14524100418410044,0.028536276150627617,1.599768451882845,1.8555652719665272
2015.66456,0.13848020833333333,0.009485458333333334,1.5992063333333335,1.8549675833333334
2015.6673,0.13011141078838176,0.0006221991701244815,1.5997611618257261,1.8559178008298756
2015.67004,0.1231396694214876,-0.005316611570247934,1.599645702479339,1.8557571487603306
2015.67278,0.12181489711934156,-0.013473497942386831,1.5991049794238683,1.8550957613168724
2015.67552,0.11978651639344264,-0.010298483606557378,1.5986805327868854,1.8545944262295082
2015.67826,0.11696836734693879,-0.005216040816326531,1.5993751020408165,1.855732
2015.68648,0.12889215447154473,0.010819430894308943,1.6077949593495935,1.8640923170731707
2015.68922,0.1314825910931174,0.0031209716599190276,1.6072895141700405,1.8633808097165991
2015.69196,0.13546181451612901,0.005244233870967741,1.606723185483871,1.862699637096774
2015.6947,0.13661008032128513,9.004016064256982e-05,1.606486465863454,1.8624575903614458
2015.69744,0.13373228,-0.0070716400000000006,1.6059421600000001,1.86184776
2015.70018,0.14488314741035857,-0.010058486055776892,1.6053979282868527,1.8611297609561754
2015.70292,0.14897670634920634,-0.021650198412698413,1.6048144047619048,1.8604264285714285
2015.70566,0.14966521739130434,-0.019294545454545457,1.6043112252964427,1.8598282213438735
2015.7084,0.14949287401574804,-0.01333488188976378,1.603796377952756,1.8591973622047244
2015.71114,0.1494801568627451,-0.012093764705882352,1.6032087843137255,1.858449254901961
2015.71388,0.1543297265625,-0.0073089453125,1.602730859375,1.8578028125
2015.71662,0.1517556420233463,-0.0010799221789883264,1.6021831517509728,1.8571232684824903
2015.71936,0.14787519379844963,-0.0017593798449612398,1.6017018217054264,1.8564743410852713
2015.7221,0.14778644787644787,-2.154440154440123e-05,1.6011614671814673,1.8557359073359074
2015.72484,0.1505300769230769,0.006295461538461539,1.6007260384615383,1.8551594615384615
2015.72758,0.14706287356321837,0.0104572030651341,1.60018877394636,1.8544983141762452
2015.73032,0.14167141221374047,0.012968664122137407,1.600070038167939,1.8543919465648855
2015.73306,0.14486653992395437,0.017908174904942967,1.59958927756654,1.8538173384030419
2015.7358,0.1433696212121212,0.02319890151515152,1.5990942424242425,1.8531636742424242
2015.73854,0.15493890977443608,0.02623342105263158,1.5981293984962406,1.852054060150376
2015.74128,0.1628103370786517,0.02798621722846442,1.597773670411985,1.8517105992509362
2015.74402,0.1603063432835821,0.03167063432835821,1.5975196641791045,1.8513726119402987
2015.74676,0.163171375464684,0.03134007434944238,1.5972598513011151,1.8510234200743494
2015.7495,0.16766751851851852,0.040471037037037035,1.5968944074074074,1.850569111111111
2015.75224,0.16302261992619926,0.04510394833948339,1.596400590405904,1.8499572693726938
2015.75498,0.16031011029411762,0.05612716911764706,1.5959484926470588,1.8494005882352942
2015.75772,0.15807439560439562,0.0645454945054945,1.5954496703296703,1.8487797802197803
2015.76046,0.15303054744525546,0.06937394160583941,1.5949805474452556,1.848219890510949
2015.7632,0.14950836363636363,0.07626189090909091,1.5945698545454545,1.8476813090909092
2015.76594,0.15514351449275363,0.08047384057971015,1.594095615942029,1.8470890217391303
2015.76868,0.15589830324909748,0.0757327797833935,1.5936831407942238,1.8464971119133573
2015.77142,0.1437124820143885,0.06973230215827339,1.5932125899280576,1.8459375899280577
2015.77416,0.13470415770609317,0.06448953405017921,1.5927590681003583,1.845425770609319
2015.7769,0.13596142857142857,0.06353739285714285,1.59242525,1.8450241071428573
2015.77964,0.13845419928825622,0.07099238434163702,1.5920738790035587,1.844571103202847
2015.78238,0.14486386524822695,0.07260276595744682,1.5916725531914893,1.8439728723404256
2015.78512,0.15208501766784452,0.07963632508833922,1.5912377385159011,1.843339752650177
2015.78786,0.15332232394366196,0.09417338028169013,1.5907873239436618,1.8427271830985916
2015.7906,0.15094691228070176,0.09928561403508772,1.5906178947368421,1.8424486315789472
2015.79334,0.15376895104895105,0.10893664335664335,1.592176818181818,1.844920944055944
2015.79882,0.16167278745644598,0.10726526132404181,1.5928471080139373,1.8452694076655052
2015.80156,0.15771114583333332,0.10312590277777778,1.5927849652777777,1.8451365624999998
2015.8043,0.15174346020761245,0.10625778546712802,1.5923437024221452,1.8445262629757786
2015.80704,0.15683731034482756,0.10890662068965518,1.591893172413793,1.8439276896551722
2015.80978,0.16623027491408934,0.11791398625429553,1.5977843298969072,1.8509601718213058
2015.81252,0.17011215753424658,0.11362910958904109,1.5979222945205478,1.8510384246575344
2015.8454,0.9986530169491525,-0.11787393220338983,10.566279966101696,3.124470338983051
2015.85088,0.9908639527027027,-0.4477897635135135,10.568332668918918,5.141107432432433
2015.85636,1.1046028619528618,-0.5972890909090909,11.110112996632996,5.223038720538721
2015.87828,1.0319551505016724,0.05053504983388708,12.569173846153847,6.748663089700997
2015.89472,0.8902205,0.27789033003300334,12.7553303,6.9489979867986795
2015.91664,0.9348496688741723,0.2663968421052632,13.048285099337749,7.021002763157895
2015.92486,-0.01583309210526304,0.46990409836065583,13.383939440789474,7.1232293442622945
2015.93856,-0.07941160655737693,0.44130895765472317,13.581417836065574,7.332910814332247
2015.94952,-0.19861254901960773,0.43946207792207803,13.754274019607843,7.456218571428571
2015.95226,-0.20597664495113996,0.45560980582524274,13.73130022801303,7.463682588996764
2015.955,-0.3490847402597402,0.4775354193548388,13.900865746753247,7.5514684516129025
2015.96596,-0.4058702265372167,0.47866684887459815,14.030735922330098,7.6042904501607715
2015.9687,-0.40393751612903217,0.4877400320512821,13.991623516129033,7.586950192307692
2015.97144,-0.4020129581993568,0.48987166134185306,13.951446109324758,7.568282076677316
2015.97418,-0.40568307692307687,0.5032655095541402,13.911767948717948,7.550236942675158
2015.97692,-0.4072392651757188,0.5148973968253969,13.87203198083067,7.531785746031746
2015.97966,-0.38715382165605083,0.5410096835443039,13.836243057324841,7.516407911392406
2015.99062,-0.3982863809523809,0.5330195899053628,13.799186444444445,7.5016368454258675
2015.99336,-0.40141101265822776,0.5416245597484277,13.760247721518986,7.483544559748428
2015.9961,-0.4013515141955835,0.5458892163009404,13.72150523659306,7.465482633228841
2015.99884,-0.40700619496855334,0.5523639375,13.683054402515722,7.447626906249999
2016.00158,-0.4167030094043886,0.5534286915887852,13.644961003134796,7.429900186915888
2016.00432,-0.4241894062499999,0.5489423602484472,13.6069071875,7.412160993788819
2016.00706,-0.430179906542056,0.5464180495356037,13.569296822429907,7.394681300309597
2016.0098,-0.43173304347826075,0.5370970061728396,13.531779223602484,7.377253364197531
2016.01254,-0.4441895665634674,0.5367594461538462,13.494550464396285,7.3599808307692305
2016.01528,-0.4524691666666666,0.5386604907975461,13.45770222222222,7.342894570552147
2016.01802,-0.4613704307692307,0.5389723547400612,13.421013876923075,7.325878685015291
2016.02076,-0.47167684049079744,0.5389952134146342,13.384533588957055,7.30887637195122
2016.0235,-0.4780212538226299,0.5461070820668694,13.348104128440365,7.291871276595745
2016.02624,-0.4837990853658536,0.5474345151515152,13.312130274390245,7.275394242424242
2016.02898,-0.4903640729483282,0.5463964048338369,13.276186595744681,7.258699728096676
2016.03172,-0.5023758181818181,0.5284437349397592,13.240526727272727,7.242178945783132
2016.03446,-0.510608006042296,0.518454924924925,13.20505090634441,7.225686366366367
2016.0372,-0.517112018072289,0.520680508982036,13.169825602409638,7.209400029940119
2016.03994,-0.5252791891891891,0.5146379402985075,13.134776786786786,7.193184298507462
2016.04268,-0.5313892814371256,0.5103026785714286,13.099927664670657,7.1770161607142855
2016.04542,-0.5471991044776119,0.49920148367952527,13.06578582089552,7.16198534124629
2016.04816,-0.5581202976190476,0.49223931952662725,13.031378005952382,7.145963550295859
2016.0509,-0.5666756676557863,0.49013209439528027,12.997130771513355,7.130028200589971
2016.05364,-0.5739055917159762,0.4856897941176471,12.963138698224851,7.114295205882352
2016.05638,-0.5843692035398229,0.4839826979472141,12.929403067846609,7.098644926686218
2016.05912,-0.5929163235294116,0.48262564327485385,12.895738911764706,7.082964912280701
2016.06186,-0.6032554838709676,0.4754740524781341,12.862278416422287,7.067335976676384
2016.0646,-0.6056151754385963,0.4725594767441861,12.82906432748538,7.051892209302325
2016.06734,-0.6100679300291544,0.47020060869565217,12.796107317784257,7.036621101449275
2016.07008,-0.6125196220930231,0.4665097687861272,12.763263604651163,7.021361473988439
2016.07282,-0.6219398550724637,0.4644290201729107,12.730619855072462,7.006169798270893
2016.07556,-0.62769838150289,0.45641790229885065,12.698238699421966,6.991271551724139
2016.0783,-0.634637492795389,0.4554256160458453,12.665986541786742,6.97627681948424
2016.08104,-0.6401301436781608,0.45238714285714293,12.63407238505747,6.961491657142858
2016.08378,-0.6438932664756446,0.4525389173789174,12.602261461318053,6.946727521367521
2016.08652,-0.6470432285714285,0.4547359375000001,12.570543914285714,6.932008494318182
2016.08926,-0.6529629344729344,0.45979889518413597,12.539205014245013,6.917502606232294
2016.092,-0.6561375568181818,0.4577877966101695,12.507892897727272,6.903059689265536
2016.09474,-0.6649847592067988,0.4535874366197184,12.476747195467423,6.88867090140845
2016.09748,-0.6682612146892655,0.44856550561797753,12.445769519774013,6.87427308988764
2016.10022,-0.6673054366197182,0.4537887955182073,12.414941915492957,6.859956218487396
2016.10296,-0.666833426966292,0.4541878770949721,12.38427014044944,6.845659273743017
2016.1057,-0.658593725490196,0.45837392757660167,12.353724873949579,6.831476295264624
2016.10844,-0.6516456703910614,0.4578468333333333,12.32344469273743,6.817446111111111
2016.11118,-0.6435566852367687,0.4583093628808864,12.293321058495822,6.803437202216066
2016.11392,-0.6356244166666666,0.45374911602209944,12.263403861111112,6.7896041160221
2016.11666,-0.6321224376731301,0.45100223140495876,12.233602603878117,6.7757970247933885
2016.1194,-0.6342314088397789,0.45017656593406596,12.203959751381214,6.7620620054945055
2016.12214,-0.6348002203856749,0.4437493424657534,12.174515482093664,6.74850005479452
2016.12488,-0.6358488461538461,0.43968587431693995,12.145262912087912,6.734977240437159
2016.12762,-0.6360952328767122,0.4367990735694823,12.116127315068494,6.721442697547684
2016.13036,-0.6387603551912567,0.43413133152173916,12.087204180327868,6.708091956521739
2016.1331,-0.6411575476839236,0.4292236585365854,12.058364032697549,6.694733631436314
2016.13584,-0.6402835869565217,0.43155402702702705,12.029659211956522,6.681403513513513
2016.13858,-0.6344247967479674,0.435022641509434,12.001101327913279,6.668132345013477
2016.14132,-0.6330016756756757,0.4386686827956989,11.972696972972972,6.654868198924731
2016.14406,-0.6288661185983826,0.4413229758713137,11.944470862533693,6.641764021447722
2016.1468,-0.6249758870967741,0.44414131016042785,11.916394086021505,6.6287135828877
2016.14954,-0.6242099463806969,0.44511448000000003,11.888414718498659,6.615693680000001
2016.15228,-0.6170480213903743,0.4456326861702128,11.861214144385025,6.60361085106383
2016.15502,-0.6139948799999999,0.44594297082228124,11.83363576,6.590671140583554
2016.15776,-0.6131724468085106,0.44453386243386245,11.806232606382979,6.5778453174603175
2016.1605,-0.6128417241379309,0.43445817941952514,11.778994827586207,6.565131108179419
2016.16324,-0.6172932275132275,0.427700552631579,11.751867222222224,6.552487842105263
2016.16598,-0.617915382585752,0.4280088976377953,11.724796437994721,6.539744776902888
2016.16872,-0.6196808684210525,0.4240948167539267,11.698052684210525,6.527258115183247
2016.17146,-0.6210854855643043,0.42254023498694526,11.671381496062992,6.5147550652741515
2016.1742,-0.6267854712041884,0.41614109375,11.644734240837696,6.502265286458333
2016.17694,-0.6283631853785899,0.4078661558441559,11.618303890339424,6.489903038961039
2016.17968,-0.6318132031249999,0.40229191709844564,11.591937473958334,6.477485984455958
2016.18516,-0.6251356103896103,0.4018563565891473,11.566632805194805,6.466245090439276
2016.1879,-0.6237147150259067,0.3964618556701031,11.540607046632125,6.45400456185567
2016.19064,-0.6182942894056846,0.39063028277634965,11.514671472868217,6.441799922879177
2016.19338,-0.6156676288659794,0.3818133333333334,11.488868530927835,6.429670051282051
2016.19612,-0.6135377634961439,0.37666427109974426,11.463190411311054,6.4175684143222504
2016.19886,-0.6152491025641025,0.37880653061224495,11.437719410256411,6.4055906887755105
2016.2016,-0.6159476470588234,0.3790115776081426,11.412287672634273,6.393584351145038
2016.20434,-0.6139649234693877,0.385545228426396,11.387114795918366,6.3817018527918785
2016.20708,-0.6154772010178117,0.3915928101265823,11.362223333333333,6.370198430379747
2016.229,-0.6209603553299492,0.385995919395466,11.465476345177665,6.476205516372796
2016.28928,-0.6159624494949494,0.36472669172932337,11.573034898989897,6.570094360902256
2016.29202,-0.6106655163727959,0.3667308250000001,11.547657153652393,6.55783395
2016.29476,-0.6034508542713567,0.3682127930174564,11.522647713567839,6.545867980049875
2016.2975,-0.59961992481203,0.36529318407960204,11.497571829573934,6.533786094527364
2016.30024,-0.5947974249999999,0.36615657568238213,11.47289945,6.522016923076923
2016.30298,-0.5891316458852868,0.36653975247524756,11.44804029925187,6.5101283910891095
2016.30572,-0.5871275621890547,0.3697841234567901,11.423278134328358,6.49821762962963
2016.30846,-0.5866826302729528,0.3677115763546799,11.398654888337468,6.486337118226601
2016.3112,-0.5837433663366336,0.3695462407862408,11.374185445544553,6.47457941031941
2016.31394,-0.583489012345679,0.3671112009803922,11.349898740740741,6.463094950980392
2016.31668,-0.5839670443349753,0.36649660146699276,11.32562054187192,6.45139195599022
2016.31942,-0.5841223587223586,0.36780068292682927,11.301457641277642,6.439735048780488
2016.32216,-0.5847142401960784,0.36263939172749393,11.278372573529412,6.429314671532847
2016.3249,-0.5812616870415647,0.35799844660194174,11.255307237163814,6.419184854368932
2016.32764,-0.5794670487804877,0.3533941404358354,11.231598292682927,6.407886319612591
2016.33038,-0.5728901703163016,0.359806231884058,11.210914184914841,6.400177657004831
2016.33312,-0.5697984466019417,0.358101421686747,11.187411116504855,6.388913204819277
2016.33586,-0.5667459564164649,0.3545204326923077,11.163984164648909,6.377627139423077
2016.3386,-0.5625459661835748,0.3531018225419665,11.140724734299518,6.366450767386091
2016.34134,-0.5577277349397589,0.3520541626794259,11.117594,6.355306459330143
2016.34408,-0.5553002403846153,0.3516797613365155,11.094510673076922,6.344235799522673
2016.34682,-0.5571098321342924,0.3500021428571429,11.071481270983213,6.3331506428571425
2016.34956,-0.5494229904306219,0.3500739667458433,11.048705956937798,6.322244964370546
2016.3523,-0.5477683770883054,0.3501438151658768,11.026018830548926,6.311385450236967
2016.35504,-0.5435580714285714,0.3499764066193854,11.003363142857143,6.300471867612293
2016.35778,-0.5418105700712589,0.35169695754716984,10.980780403800475,6.2895537500000005
2016.36052,-0.5408732227488151,0.35195778823529417,10.958281469194311,6.278682000000001
2016.36326,-0.5385986052009456,0.353369882629108,10.935925413711585,6.267910117370892
2016.366,-0.534953608490566,0.35296761124121784,10.913674693396226,6.257226206088993
2016.36874,-0.5323134823529411,0.3570685981308412,10.891533388235294,6.24656535046729
2016.37148,-0.5281923239436619,0.35500337995338,10.87006542253521,6.236555198135198
2016.37422,-0.5251792037470725,0.35239295348837213,10.8481337470726,6.226019976744187
2016.37696,-0.5220731542056074,0.3529667981438515,10.826293457943924,6.2155393503480285
2016.3797,-0.5177381585081584,0.3595914351851852,10.80468731934732,6.205285462962963
2016.38244,-0.5159403720930231,0.36188912240184756,10.783083558139534,6.1948804849884525
2016.38518,-0.5142668445475638,0.36342815668202766,10.761533410672854,6.184439447004608
2016.38792,-0.5146719907407407,0.3629072873563219,10.740080694444444,6.17409335632184
2016.39066,-0.5170148960739029,0.35978463302752295,10.718896143187068,6.164005940366972
2016.3934,-0.5159449769585253,0.3559884439359268,10.697701474654378,6.153814347826088
2016.39614,-0.5131186436781608,0.35864301369863016,10.676601977011494,6.143653515981735
2016.39888,-0.515862247706422,0.3569591116173121,10.65561252293578,6.133631389521641
2016.40162,-0.5168293821510297,0.3536271363636364,10.634682151029748,6.123643204545455
2016.40436,-0.5197767351598173,0.35301909297052153,10.613817671232876,6.113549365079365
2016.4071,-0.5162805694760819,0.34952058823529414,10.593057676537585,6.103512873303167
2016.40984,-0.5149917727272727,0.35097176072234765,10.572400954545454,6.093526388261851
2016.41258,-0.5121083673469387,0.3479744594594595,10.551857029478459,6.083592184684685
2016.41532,-0.5110542081447963,0.3477039550561798,10.531440904977377,6.073853011235955
2016.41806,-0.5150277200902934,0.3434226233183857,10.511165801354403,6.064121793721974
2016.4208,-0.5071349324324324,0.3374382326621924,10.491081058558558,6.054497315436241
2016.42354,-0.5061986067415729,0.33261770089285714,10.471114224719102,6.045053772321429
2016.42628,-0.5087433856502241,0.33021507795100224,10.451076591928251,6.035467461024498
2016.42902,-0.5113169351230424,0.3287765111111111,10.431050581655482,6.025849755555556
2016.43176,-0.5144744642857142,0.3300592904656319,10.411115245535713,6.0162170066518845
2016.4345,-0.5138569265033407,0.3252600663716814,10.391293118040089,6.006658539823009
2016.43724,-0.5154925777777777,0.3223446799116998,10.371571355555556,5.997114437086093
2016.43998,-0.5144821064301551,0.3201766299559472,10.351865831485588,5.987603986784141
2016.44272,-0.5140542256637167,0.3213583956043956,10.332260707964602,5.978144967032967
2016.44546,-0.5132528918322296,0.31546923245614034,10.31277370860927,5.968718662280701
2016.4482,-0.5115255506607929,0.3140922319474836,10.293411585903083,5.959390590809628
2016.45094,-0.5114152967032967,0.31092218340611355,10.274107714285714,5.950086855895196
2016.45368,-0.5087892324561403,0.3098064052287582,10.254867653508771,5.940754335511983
2016.45642,-0.5105680306345732,0.3082143695652174,10.235689234135666,5.931466630434783
2016.45916,-0.5082302838427947,0.3093395227765727,10.21660344978166,5.922252711496746
2016.4619,-0.5081111328976033,0.3053240909090909,10.19763045751634,5.913093787878788
2016.46464,-0.5073095652173912,0.30496941684665224,10.178739086956522,5.904011101511879
2016.46738,-0.5053538611713665,0.30298415948275864,10.159890368763557,5.89491349137931
2016.47012,-0.5058160822510822,0.3059947741935484,10.141105757575756,5.885807483870967
2016.47286,-0.5073388336933045,0.30355834763948497,10.122507321814254,5.876857703862661
2016.4756,-0.5053222198275861,0.29739914346895074,10.104053512931033,5.868045974304068
2016.47834,-0.5088660860215053,0.2957728418803419,10.085638043010752,5.859191602564103
2016.48108,-0.5067571888412017,0.2888128144989339,10.067315665236052,5.850423475479744
2016.48382,-0.502419635974304,0.2887842553191489,10.048929700214131,5.841517829787234
2016.48656,-0.4997487179487179,0.2934367091295117,10.030680534188033,5.832714331210191
2016.4893,-0.497364264392324,0.2933412711864407,10.01248946695096,5.823944025423729
2016.49204,-0.49423572340425526,0.2939268076109937,9.99439429787234,5.815239154334038
2016.49478,-0.49389496815286615,0.2904061814345992,9.976499129511677,5.8065855907173
2016.49752,-0.492966440677966,0.2878029263157895,9.95853563559322,5.797902231578948
2016.50026,-0.49479384778012675,0.28629577731092437,9.940757632135307,5.789361365546219
2016.503,-0.49364398734177206,0.28565542976939207,9.923297215189875,5.781248343815514
2016.50574,-0.49322541052631574,0.2838579079497908,9.90559,5.77273809623431
2016.50848,-0.49260544117647054,0.28182396659707726,9.887969516806724,5.764265929018789
2016.51122,-0.493616037735849,0.28129495833333334,9.87037532494759,5.755745125000001
2016.51396,-0.49338100418410036,0.2782226403326404,9.852949560669456,5.7473620790020785
2016.5167,-0.49518926931106466,0.27851414937759345,9.835710793319416,5.73911846473029
2016.51944,-0.4937044791666666,0.2822843892339545,9.818350624999999,5.730775776397516
2016.52218,-0.49080130977130976,0.2785172520661157,9.801063305613306,5.722417665289256
2016.52492,-0.4904960995850622,0.2791850515463918,9.78383765560166,5.714039134020618
2016.52766,-0.4872484886128364,0.2790434567901235,9.766676583850932,5.705752983539095
2016.5304,-0.48600731404958675,0.28214880903490763,9.749587045454545,5.697489876796714
2016.53314,-0.4826607422680412,0.28363350409836063,9.73258488659794,5.689287766393442
2016.53588,-0.4818062139917695,0.2826450102249489,9.715715802469136,5.681183742331288
2016.53862,-0.4819175359342915,0.28693565306122454,9.69883977412731,5.673008571428571
2016.54136,-0.48278536885245893,0.2891330957230143,9.681995922131147,5.66483867617108
2016.5441,-0.4820596319018404,0.28980825203252036,9.665290777096114,5.656730203252033
2016.54684,-0.4821447551020408,0.290916430020284,9.648732775510204,5.648783651115618
2016.54958,-0.48411293279022394,0.28664427125506076,9.632219999999998,5.640841558704453
2016.55232,-0.4805118292682926,0.2829886262626263,9.615694410569105,5.632805333333334
2016.55506,-0.47620448275862065,0.28476116935483875,9.59929060851927,5.624881552419355
2016.5578,-0.4760102226720647,0.280064185110664,9.58288447368421,5.6169228169014085
2016.56054,-0.4726053939393939,0.27954915662650603,9.566520141414141,5.609030843373494
2016.56328,-0.46935056451612894,0.28051310621242487,9.550248004032259,5.6011802404809625
2016.56602,-0.46583096579476857,0.27653494,9.534125150905432,5.5934028399999995
2016.56876,-0.4641644779116465,0.2742798602794412,9.518123092369478,5.5857289021956085
2016.5715,-0.46175913827655307,0.2766350597609562,9.502055110220441,5.577946733067729
2016.57424,-0.45841065999999997,0.2783768190854871,9.48611026,5.570248170974154
2016.57698,-0.4573442914171656,0.27631867063492066,9.470181836327345,5.562549305555555
2016.57972,-0.45790531872509954,0.27509580198019806,9.454286235059762,5.554887663366336
2016.58246,-0.4596868588469184,0.27289029644268775,9.438453161033797,5.547185869565217
2016.5852,-0.4602891071428571,0.2772572781065089,9.422710515873016,5.539552465483235
2016.58794,-0.4559745940594059,0.2760020472440945,9.407307168316832,5.532397342519684
2016.59068,-0.45295106719367584,0.2764476817288802,9.391678636363636,5.524833163064833
2016.59342,-0.451770788954635,0.2763410980392157,9.376857396449704,5.518378333333334
2016.59616,-0.4460478543307086,0.27569612524461845,9.361339448818898,5.5108446771037185
2016.5989,-0.4425860903732809,0.27197029296875,9.345879980353635,5.5033645703125
2016.60164,-0.4423324901960784,0.2720306432748538,9.330482764705883,5.495901267056531
2016.60438,-0.44084234833659486,0.27294225680933853,9.315176438356165,5.4885156225680936
2016.60712,-0.4370917382812499,0.2692932427184466,9.29989220703125,5.481054873786408
2016.60986,-0.4344193177387914,0.2712958527131783,9.284668830409357,5.473720348837209
2016.6126,-0.43119379377431905,0.2689359961315281,9.269555719844357,5.466459226305609
2016.61534,-0.430284854368932,0.26956972972972976,9.254462970873787,5.459158803088803
2016.61808,-0.4274054263565891,0.268574161849711,9.23949703488372,5.451984393063584
2016.62082,-0.42542922630560925,0.2669277692307693,9.224517292069631,5.444723288461538
2016.62356,-0.4227233204633204,0.2682294049904031,9.209738146718147,5.437588330134356
2016.6263,-0.42221391136801534,0.26870812260536403,9.194862524084778,5.430388716475096
2016.62904,-0.420124673076923,0.2670477437858509,9.180124442307692,5.423327896749522
2016.63178,-0.4144121305182341,0.26480992366412215,9.165438963531669,5.416316145038168
2016.63452,-0.4077067432950191,0.26125451428571433,9.150803620689656,5.409243447619048
2016.63726,-0.40156592734225616,0.25793773764258554,9.136302045889101,5.4024099049429655
2016.64,-0.39525320610687015,0.25727656546489563,9.121729637404579,5.395328975332069
2016.64274,-0.39001685714285705,0.2590258712121213,9.107283485714285,5.388323106060606
2016.64548,-0.38396197718631175,0.2590652551984877,9.092859372623575,5.381448827977316
2016.64822,-0.3801293738140417,0.2599721320754717,9.07854504743833,5.374628603773584
2016.65096,-0.3754702272727272,0.2601564218455744,9.064256363636362,5.367691224105461
2016.6537,-0.3714639130434782,0.26105994360902257,9.049931720226843,5.360704755639097
2016.65644,-0.36742786792452825,0.26083495309568483,9.035673773584906,5.353794765478424
2016.65918,-0.3673006026365348,0.2649251872659176,9.021477099811676,5.346953426966293
2016.66192,-0.36261652255639093,0.2683161495327103,9.007467105263158,5.340248317757009
2016.66466,-0.3630985928705441,0.2661562873134328,8.993382814258911,5.333427630597015
2016.6674,-0.36256659176029954,0.2675243016759777,8.979343558052435,5.326588081936686
2016.67014,-0.36077024299065413,0.2708140892193309,8.965399644859813,5.319873847583643
2016.67288,-0.3592574813432835,0.27071296846011134,8.951435652985074,5.3131028200371055
2016.67562,-0.3553859776536312,0.27231575925925927,8.937538417132217,5.3063430370370375
2016.67836,-0.3538477137546468,0.2745910351201479,8.923689330855018,5.299616672828096
2016.6811,-0.3496489424860853,0.27680064575645763,8.90998452690167,5.2930140221402215
2016.68384,-0.34826283333333324,0.27443629834254146,8.896582592592592,5.286653370165745
2016.68658,-0.34542255083179296,0.2815281617647059,8.882969020332718,5.280117481617647
2016.68932,-0.34211297047970474,0.2886288440366973,8.86933057195572,5.27349095412844
2016.69206,-0.3414520257826887,0.2961991025641026,8.855746243093924,5.266858736263736
2016.6948,-0.3371194852941176,0.2955898720292505,8.842222022058824,5.26031702010969
2016.69754,-0.33354675229357794,0.2973669160583942,8.828749302752295,5.253758613138687
2016.70028,-0.3310282417582417,0.29561473588342446,8.815352802197802,5.247290692167577
2016.70302,-0.32711654478976226,0.2978985272727273,8.802003784277879,5.240811090909091
2016.70576,-0.32046333941605837,0.3004741742286752,8.788759178832116,5.2344383847549905
2016.7085,-0.31861127504553727,0.29816865942028986,8.775493224043716,5.2280718478260875
2016.71124,-0.3167657454545454,0.3015113200723328,8.763183854545455,5.222537179023508
2016.71398,-0.3143468602540834,0.29914981949458486,8.750014083484574,5.2161115342960285
2016.71672,-0.31324096014492747,0.29659790990991,8.737107264492753,5.209941945945946
