2014.58226,-1.18189,-1.2776,2.34626,1.48332
2014.585,-0.768155,-1.453745,2.383455,1.495975
2014.58774,-0.8444200000000001,-0.5188933333333333,2.3784266666666665,1.4996299999999998
2014.59048,-0.804435,-0.46729,2.3593275,1.49956
2014.59322,-0.71855,-0.43438800000000005,2.350682,1.498336
2014.59596,-0.7153816666666667,-0.5625033333333334,2.3382166666666664,1.4940049999999998
2014.5987,-0.45962285714285717,-0.21034142857142854,2.337355714285714,1.4934428571428573
2014.60144,-0.6764950000000001,-0.16575749999999997,2.33872,1.49259875
2014.60418,-0.4685655555555555,-0.24766888888888886,2.3344199999999997,1.4915677777777778
2014.60692,-0.480175,-0.334128,2.3325880000000003,1.4904899999999999
2014.60966,-0.49499454545454546,-0.44752999999999993,2.3327345454545454,1.4945936363636363
2014.6124,-0.5763041666666666,-0.5765566666666667,2.3333591666666664,1.4949899999999998
2014.61514,-0.50253,-0.5018323076923077,2.335897692307692,1.4942869230769231
2014.61788,-0.5257614285714286,-0.4823042857142857,2.337355714285714,1.4959142857142855
2014.62062,-0.5643973333333333,-0.5389333333333333,2.3383513333333337,1.4972686666666666
2014.62336,-0.547674375,-0.536626875,2.337840625,1.497135
2014.6261,-0.5348323529411765,-0.5599623529411764,2.3364435294117647,1.4960741176470589
2014.62884,-0.5692244444444445,-0.6537766666666667,2.3362072222222223,1.4971466666666666
2014.63158,-0.6224978947368421,-0.6229947368421053,2.3383236842105264,1.49784
2014.63432,-0.6026205,-0.6709055,2.3412335,1.499645
2014.63706,-0.52709,-0.6494104761904762,2.340994285714286,1.5002338095238095
2014.6398,-0.5152227272727272,-0.6316104545454545,2.341325,1.5009609090909093
2014.64254,-0.45884521739130435,-0.5999795652173913,2.3401408695652175,1.5009273913043477
2014.64528,-0.4441879166666667,-0.53316375,2.3410658333333334,1.501635
2014.64802,-0.45668440000000005,-0.5551847999999999,2.340228,1.50124
2014.65076,-0.4310092307692308,-0.5968311538461538,2.3393,1.501491923076923
2014.6535,-0.4082925925925926,-0.5963662962962963,2.339111111111111,1.5014437037037038
2014.65624,-0.3535032142857143,-0.6874453571428571,2.340874285714286,1.5020921428571428
2014.65898,-0.243338275862069,-0.6997706896551724,2.3406441379310348,1.5026375862068966
2014.66172,-0.22746766666666668,-0.6165166666666667,2.3407643333333334,1.5033156666666665
2014.66446,-0.23018741935483872,-0.6999990322580645,2.3405525806451615,1.5035687096774193
2014.6672,-0.17065437500000002,-0.69287625,2.364103125,1.522526875
2014.66994,-0.018789090909090894,-0.8314760606060606,2.4158963636363637,1.5482112121212122
2014.67268,-0.03962970588235293,-0.8281488235294118,2.414439411764706,1.54665
2014.67542,-0.03732314285714284,-0.8258488571428572,2.4115722857142856,1.544936857142857
2014.67816,-0.052853888888888874,-0.800435,2.4083619444444446,1.5428972222222221
2014.6809,0.0048813157894737,-0.7183023684210527,2.443028421052632,1.569648157894737
2014.68638,-0.03442794871794871,-0.6770217948717948,2.479623076923077,1.587035641025641
2014.68912,-0.02363074999999999,-0.6196745,2.47603775,1.58469575
2014.69186,-0.03247073170731706,-0.6305951219512195,2.4726763414634143,1.582758292682927
2014.6946,0.0059764285714285865,-0.5773690476190476,2.4752671428571427,1.587020238095238
2014.73296,0.015371860465116294,-0.5451013953488372,2.4813376744186044,1.5903579069767442
2014.7357,0.08064636363636364,-0.5722618181818182,2.4877261363636367,1.5920863636363636
2014.73844,0.10274133333333335,-0.578066,2.483912222222222,1.5892755555555556
2014.74118,0.09395108695652175,-0.5633852173913043,2.4827117391304347,1.5871371739130433
2014.74392,0.13916191489361704,-0.5388459574468085,2.4814340425531913,1.5854489361702127
2014.74666,0.16210291666666668,-0.53741875,2.518325416666667,1.6030966666666666
2014.7494,0.17354591836734695,-0.5304230612244898,2.5138702040816328,1.5999118367346938
2014.75214,0.17716060000000003,-0.5051332,2.510719,1.5977488
2014.75488,0.17101529411764707,-0.5119782352941177,2.5101354901960784,1.596398431372549
2014.75762,0.12065384615384617,-0.546565576923077,2.507448076923077,1.5939967307692307
2014.76036,0.12337150943396227,-0.5690609433962264,2.522842641509434,1.6025430188679246
2014.7631,0.17542314814814816,-0.5876914814814815,2.5190512962962965,1.5996633333333334
2014.76584,0.19168145454545457,-0.5918136363636364,2.514995818181818,1.5965969090909091
2014.76858,0.1786407142857143,-0.6218607142857142,2.5127366071428567,1.5946494642857143
2014.77132,0.1656505263157895,-0.6478970175438596,2.5217026315789477,1.602229298245614
2014.79324,0.14731896551724138,-0.6764527586206897,2.520861551724138,1.6006591379310344
2014.79598,0.13854745762711865,-0.6819816949152542,2.518311186440678,1.5983271186440677
2014.79872,0.11285950000000002,-0.6665646666666666,2.5164488333333335,1.5966915
2014.80146,0.08007065573770492,-0.7019529508196721,2.5135929508196724,1.594293442622951
2014.8042,0.06592774193548388,-0.6953980645161291,2.512839677419355,1.5927756451612902
2014.80694,0.03924126984126985,-0.7212304761904762,2.511280634920635,1.5913998412698414
2014.80968,0.021380468750000006,-0.7509165624999999,2.51043,1.5901725
2014.81242,-0.0514080303030303,-0.7272990909090908,2.6000098484848486,1.6598936363636365
2014.82064,-0.003986716417910444,-0.6777556716417911,2.6187282089552237,1.6696626865671642
2014.82338,-0.01562647058823529,-0.7271066176470589,2.6162588235294115,1.6679645588235292
2014.82612,-0.016632173913043478,-0.7254515942028985,2.6131907246376813,1.6649339130434784
2014.82886,-0.021945285714285712,-0.7017909999999999,2.609205142857143,1.661797
2014.8316,-0.027383802816901406,-0.7040404225352113,2.6053601408450704,1.658475070422535
2014.83434,-0.02817861111111111,-0.7277593055555555,2.601594027777778,1.6551986111111112
2014.83708,-0.039123287671232874,-0.6920597297297297,2.5982339726027397,1.746535945945946
2014.86174,-0.05037743243243243,-0.6803493333333333,2.5947745945945946,1.7420252
2014.86448,-0.044911599999999996,-0.6671348684210526,2.5907104,1.7374888157894737
2014.86722,-0.02843868421052631,-0.6502285714285714,2.587837894736842,1.733398961038961
2014.86996,-0.008309610389610384,-0.610631282051282,2.5848832467532468,1.7292516666666666
2014.8727,0.007091410256410264,-0.5900275949367089,2.5817466666666666,1.7254122784810126
2014.87544,0.016918607594936717,-0.57255525,2.578078734177215,1.7215634999999998
2014.87818,0.039331000000000005,-0.550629012345679,2.5750805,1.7176013580246914
2014.88092,0.06434395061728396,-0.522399756097561,2.571808765432099,1.713900487804878
2014.88366,0.08222829268292683,-0.5315168674698795,2.5690091463414633,1.7101566265060242
2014.8864,0.06919337349397592,-0.5308490476190476,2.568069518072289,1.7077273809523807
2014.88914,0.049879166666666676,-0.529153294117647,2.565979404761905,1.7050872941176471
2014.89188,0.06728376470588235,-0.5272097674418604,2.564104,1.702695
2014.89462,0.061870465116279076,-0.510866091954023,2.5623658139534884,1.7000570114942528
2014.89736,0.07164448275862069,-0.5155335227272727,2.560135977011494,1.6972585227272725
2014.9001,0.07064488636363636,-0.5108297752808989,2.5580026136363636,1.6944849438202245
2014.90284,0.0632123595505618,-0.5195448888888888,2.556346404494382,1.6919417777777777
2014.90558,0.06212800000000001,-0.5484893406593406,2.554682222222222,1.68964
2014.90832,0.04357813186813188,-0.5727207608695651,2.558865274725275,1.6893325
2014.91106,0.04401271739130435,-0.5576708602150537,2.5563139130434784,1.6866454838709677
2014.9138,0.05969032258064517,-0.5036890425531915,2.554120107526882,1.6838272340425533
2014.91654,0.06960319148936171,-0.47642568421052633,2.5517805319148934,1.681023894736842
2014.91928,0.07696494736842105,-0.4612230208333333,2.5491515789473684,1.6780416666666664
2014.92202,0.08731364583333334,-0.43512030927835055,2.5463469791666666,1.6750425773195876
2014.92476,0.11655690721649485,-0.4167472448979592,2.543538041237113,1.6720874489795916
2014.9275,0.12928979591836737,-0.40613212121212117,2.541668571428571,1.6698482828282828
2014.93024,0.12432575757575759,-0.3944823,2.5415834343434343,1.6685736
2014.93298,0.1196157,-0.39230376237623765,2.5387255,1.66576198019802
2014.93572,0.1035481188118812,-0.3939845098039216,2.537058811881188,1.663344607843137
2014.93846,0.07044725490196078,-0.4138394174757281,2.535621862745098,1.6609660194174758
2014.9412,0.05549854368932039,-0.43110375,2.533627281553398,1.6584952884615385
2014.94394,0.03467836538461539,-0.4499659047619048,2.531612980769231,1.656087619047619
2014.94668,0.004154285714285718,-0.4431166981132076,2.531819904761905,1.655373113207547
2014.94942,-0.02237415094339622,-0.44571579439252335,2.5295192452830184,1.6527005607476635
2014.95216,-0.04300037383177569,-0.43892694444444447,2.5268106542056077,1.6499994444444444
2014.9549,-0.05611064814814814,-0.4264579816513761,2.52458037037037,1.647781376146789
2014.95764,-0.0737283486238532,-0.43714572727272727,2.5221144036697245,1.6455499090909091
2014.96038,-0.09255781818181816,-0.44150837837837836,2.519748090909091,1.643404234234234
2014.96312,-0.10898972972972971,-0.45205473214285713,2.517913423423423,1.641349642857143
2014.96586,-0.135329375,-0.4743196460176991,2.516273125,1.6392716814159292
2014.9686,-0.15145530973451327,-0.48228429824561403,2.5140213274336283,1.6369489473684211
2014.97408,-0.20894052173913044,-0.4769938260869565,2.510719043478261,1.634879304347826
2014.97682,-0.2235716379310345,-0.4790816379310345,2.5087639655172413,1.6327435344827586
2014.97956,-0.2483417948717949,-0.4773413675213675,2.5064642735042737,1.6304567521367521
2014.9823,-0.26254406779661016,-0.46820940677966105,2.5048339830508475,1.6283303389830508
2014.98504,-0.26502470588235294,-0.4486703361344538,2.5028087394957983,1.626324705882353
2014.98778,-0.26960175,-0.45291775,2.5011020833333335,1.6243244166666666
2014.99052,-0.2701240495867768,-0.44067595041322316,2.4993238842975205,1.62226652892562
2014.99326,-0.27462573770491805,-0.42317,2.4985306557377047,1.6207334426229507
2014.996,-0.2758227642276423,-0.4072113008130081,2.4969004065040648,1.618717642276423
2014.99874,-0.2672708870967742,-0.38132685483870965,2.4948424193548386,1.616754758064516
2015.00148,-0.26891608,-0.36705096,2.49289784,1.6148097600000002
2015.00422,-0.28729333333333334,-0.3546071428571429,2.4914149206349205,1.6130027777777778
2015.00696,-0.30477905511811026,-0.35189708661417324,2.4894170866141736,1.611018346456693
2015.0097,-0.319417578125,-0.346684765625,2.48768609375,1.609420859375
2015.01244,-0.33075573643410855,-0.34544705426356587,2.486168992248062,1.6078350387596898
2015.01518,-0.34131584615384614,-0.3469845384615385,2.485046384615385,1.6064813076923077
2015.01792,-0.3590088549618321,-0.33821068702290075,2.483971603053435,1.6053801526717557
2015.02066,-0.3657862121212121,-0.3309735606060606,2.4828217424242425,1.603886590909091
2015.0234,-0.3794054887218045,-0.3225241353383459,2.4817042857142857,1.6024345112781955
2015.02614,-0.38516873134328355,-0.3270911194029851,2.4801383582089556,1.6009222388059703
2015.02888,-0.40428014814814817,-0.3469703703703704,2.4791913333333335,1.5995823703703704
2015.03162,-0.3922982352941176,-0.3603683088235294,2.4776373529411764,1.5981319117647057
2015.03436,-0.39783817518248177,-0.3631348905109489,2.476120729927007,1.596585620437956
2015.0371,-0.42038431654676256,-0.35665683453237407,2.4833935251798565,1.6000730935251797
2015.04806,-0.4180005,-0.3768951428571429,2.490671428571429,1.603699
2015.0508,-0.42124482269503544,-0.3718899290780142,2.48913390070922,1.6023186524822695
2015.05354,-0.43228521126760566,-0.36661929577464786,2.487306549295775,1.6006547183098592
2015.05628,-0.4455804895104895,-0.362774055944056,2.485884335664336,1.599025874125874
2015.05902,-0.46297951388888886,-0.36131763888888885,2.484663402777778,1.5976247222222222
2015.06176,-0.47677668965517245,-0.36592468965517244,2.4836673103448277,1.596498896551724
2015.0645,-0.48577890410958907,-0.3718131506849315,2.482836301369863,1.5953827397260274
2015.06724,-0.4977642857142857,-0.37381394557823133,2.4815789795918364,1.5939832653061223
2015.06998,-0.5128142567567568,-0.36850594594594593,2.4800533783783787,1.5925856081081082
2015.07272,-0.5331087248322147,-0.37920409395973154,2.4791959060402684,1.5914842281879193
2015.07546,-0.5484961333333332,-0.38478819999999997,2.4781756,1.5903581333333334
2015.0782,-0.5566832450331125,-0.38334006622516553,2.477328609271523,1.5893419205298014
2015.08094,-0.5758911184210526,-0.3702813157894737,2.4762414473684213,1.5881836842105264
2015.08368,-0.5957925490196079,-0.3671337908496732,2.4750371241830065,1.586913725490196
2015.08642,-0.6111012987012987,-0.36999655844155843,2.474031168831169,1.5857862987012985
2015.08916,-0.6279449032258064,-0.37091464516129036,2.4728566451612903,1.584842129032258
2015.0919,-0.6438516025641026,-0.3776498076923077,2.4720708974358976,1.5839479487179486
2015.09464,-0.6557819745222929,-0.3920908280254777,2.4707189171974524,1.582731974522293
2015.09738,-0.6752229113924051,-0.40290791139240506,2.470987341772152,1.582455253164557
2015.10012,-0.6871270440251572,-0.38849641509433963,2.477814968553459,1.5877433333333333
2015.10286,-0.6941606874999999,-0.3965419375,2.485914375,1.5931920625
2015.1056,-0.706861801242236,-0.3976383850931677,2.4843476397515527,1.5920327329192547
2015.10834,-0.7266439506172839,-0.40903796296296296,2.483011234567901,1.5908408024691358
2015.11108,-0.7392050306748467,-0.42144061349693246,2.4821599386503066,1.5899947852760736
2015.11382,-0.739622256097561,-0.39806573170731707,2.5095518902439022,1.6046450609756098
2015.11656,-0.7470497575757575,-0.4019699393939394,2.508196666666667,1.6035313333333334
2015.1193,-0.7529692771084338,-0.407509578313253,2.506724578313253,1.6023751204819277
2015.12204,-0.7609288622754491,-0.4077810778443114,2.5057998203592815,1.6016066467065866
2015.12478,-0.7744992261904762,-0.4087058333333334,2.5042637500000002,1.6003099404761907
2015.12752,-0.7804387573964496,-0.40011846153846153,2.5027339644970414,1.5990834911242604
2015.13026,-0.7838762352941177,-0.3931162352941176,2.5016006470588237,1.5979608235294118
2015.133,-0.7942649122807017,-0.39108649122807015,2.500163157894737,1.5967920467836259
2015.13574,-0.8080649418604651,-0.40156465116279066,2.4987657558139533,1.5956565116279071
2015.13848,-0.8238703468208093,-0.4012412716763005,2.49738450867052,1.594582832369942
2015.14122,-0.8361867816091954,-0.4017681609195402,2.495892011494253,1.593429367816092
2015.14396,-0.8437597714285714,-0.39825639999999995,2.4945774285714286,1.5923325142857143
2015.1467,-0.8557724431818182,-0.39462147727272723,2.4972188068181818,1.594062215909091
2015.14944,-0.8640817514124293,-0.3863457062146893,2.4958888700564974,1.5929884745762712
2015.15218,-0.8710085393258428,-0.37802971910112354,2.494664213483146,1.5919220224719102
2015.15492,-0.8678384916201116,-0.3777077653631285,2.493498156424581,1.590891061452514
2015.15766,-0.8670955555555556,-0.37560944444444444,2.495159777777778,1.5915028333333332
2015.21246,-0.8921673480662984,-0.3982368508287293,2.5062224309392267,1.598219226519337
2015.2152,-0.8975138461538462,-0.40327346153846155,2.5053435164835167,1.5974302747252747
2015.21794,-0.9040069945355191,-0.4007593989071038,2.504463224043716,1.5966315300546448
2015.22068,-0.9125085326086956,-0.4035514130434783,2.5034285869565216,1.5957497282608697
2015.22342,-0.9142723243243243,-0.3913851351351351,2.5022203783783783,1.5948090810810809
2015.22616,-0.921025376344086,-0.3867060752688172,2.501371075268817,1.593951129032258
2015.2289,-0.9322598395721926,-0.3999235828877005,2.500595347593583,1.5930752406417115
2015.23164,-0.9306914361702128,-0.4014276063829787,2.4996032978723406,1.5922311170212766
2015.23438,-0.9358725925925926,-0.39939343915343917,2.4990897883597882,1.5916726984126985
2015.23712,-0.9380072631578948,-0.407198052631579,2.4984017894736845,1.5911645789473685
2015.23986,-0.9315202617801047,-0.39263450261780103,2.497531570680628,1.5907280628272253
2015.2426,-0.9437650520833333,-0.3969065104166667,2.4991835416666666,1.5920099479166667
2015.24534,-0.9553468393782383,-0.395239378238342,2.4983599481865286,1.5915386010362693
2015.24808,-0.9665593814432989,-0.39574046391752576,2.4972857216494844,1.5907154639175256
2015.25082,-0.9730391282051282,-0.3982430769230769,2.4962534871794873,1.5897882564102563
2015.25356,-0.9736697448979592,-0.39484408163265305,2.4952933163265305,1.5889609183673468
2015.2563,-0.9837839593908629,-0.3873440609137056,2.494710304568528,1.5881377157360406
2015.25904,-0.9931976767676768,-0.3795121717171717,2.493595,1.5872418686868686
2015.26178,-1.0008159296482413,-0.3750268341708543,2.4927738190954774,1.586371959798995
2015.26452,-1.01079065,-0.3671328,2.49175975,1.58548545
2015.26726,-1.0102160199004975,-0.36231880597014926,2.4907357711442786,1.5846119402985075
2015.27,-1.0158922772277228,-0.3606480198019802,2.4896423267326733,1.583709504950495
2015.27274,-1.0131802463054187,-0.348990197044335,2.4889756157635468,1.5830487192118226
2015.27548,-1.0202719117647059,-0.35687460784313724,2.4882563235294115,1.5825019607843138
2015.27822,-1.0126969756097561,-0.34957131707317074,2.487328292682927,1.5817423902439023
2015.28096,-1.0060865048543688,-0.3423015533980583,2.4865849514563108,1.5811540291262136
2015.2837,-1.011861304347826,-0.34343676328502415,2.4857904830917876,1.5805957971014493
2015.28644,-1.0076167788461539,-0.33147596153846154,2.485293653846154,1.5800835096153847
2015.28918,-1.006956076555024,-0.32467889952153106,2.4848208133971292,1.5796972248803829
2015.29192,-1.0002612857142856,-0.31603366666666666,2.4841514285714283,1.579089619047619
2015.29466,-1.0012296208530804,-0.31230592417061614,2.4833740284360193,1.5785437440758292
2015.2974,-0.9982809433962264,-0.3086288679245283,2.48275570754717,1.5779393396226415
2015.30014,-1.0045079812206574,-0.3036731924882629,2.4819732863849766,1.577348544600939
2015.30288,-1.009240046728972,-0.2967091121495327,2.481376682242991,1.5767908878504673
2015.30562,-0.998804976744186,-0.2845879534883721,2.480860465116279,1.5764228372093023
2015.30836,-0.9921449074074075,-0.27601560185185187,2.4800790740740744,1.5757613425925925
2015.3111,-0.985438064516129,-0.26838995391705067,2.479128847926267,1.5751914746543778
2015.31384,-0.9779006880733946,-0.2528998623853211,2.478344128440367,1.5745377981651376
2015.31658,-0.9807313698630137,-0.2461963926940639,2.477291141552511,1.5738438812785387
2015.31932,-0.9724296363636363,-0.24074613636363637,2.4765767272727275,1.573325
2015.32206,-0.9690606334841628,-0.24569040723981903,2.476032533936652,1.5728795475113122
2015.3248,-0.9572874324324324,-0.24768157657657658,2.4752125225225226,1.5723317117117117
2015.32754,-0.9579540358744395,-0.2414051121076233,2.47545466367713,1.5724320179372195
2015.33028,-0.9443224107142857,-0.24283776785714287,2.4747970982142857,1.571996517857143
2015.33302,-0.9449787555555555,-0.2382456888888889,2.473939866666667,1.5713586666666666
2015.33576,-0.9406360619469027,-0.23008491150442478,2.4731169026548674,1.5708346902654868
2015.3385,-0.9352722907488987,-0.2185964757709251,2.472221497797357,1.5702670484581498
2015.34124,-0.9294008771929825,-0.215925,2.471589649122807,1.5697894736842104
2015.34398,-0.9210629694323144,-0.20938257641921398,2.4708316593886464,1.5692608296943231
2015.34672,-0.9139875652173913,-0.1973598695652174,2.4700365217391305,1.5687000869565217
2015.34946,-0.9128671861471862,-0.18749419913419915,2.4691351515151516,1.5681003463203462
2015.3522,-0.903530301724138,-0.17538297413793105,2.468146206896552,1.5675494396551723
2015.35494,-0.8997050214592275,-0.175235321888412,2.467252060085837,1.5670430901287553
2015.35768,-0.8946839316239317,-0.16956457264957267,2.4666576495726495,1.5665014102564103
2015.36042,-0.8858950212765957,-0.16331353191489362,2.466170978723404,1.5662731063829787
2015.36316,-0.8826997881355932,-0.16014639830508476,2.4662591949152546,1.5663613559322034
2015.3659,-0.8784282700421941,-0.1504840506329114,2.4653456540084386,1.56580805907173
2015.36864,-0.8725268067226891,-0.14034949579831932,2.4644482773109244,1.5652487394957983
2015.37138,-0.8676936820083683,-0.13541815899581588,2.4637266527196653,1.56469410041841
2015.37412,-0.8606030416666666,-0.12874579166666666,2.463036166666667,1.5641968333333334
2015.37686,-0.853038174273859,-0.12102215767634854,2.462226265560166,1.5637002074688795
2015.3796,-0.8460173553719008,-0.11471066115702479,2.461655661157025,1.5633680578512397
2015.38234,-0.8435256378600823,-0.1037362962962963,2.4607919341563784,1.5628233744855966
2015.38508,-0.8361343852459017,-0.09848426229508196,2.459976475409836,1.562200163934426
2015.38782,-0.8256260408163265,-0.09849669387755101,2.4593317959183674,1.5616681224489797
2015.39056,-0.8189126016260163,-0.08325008130081302,2.4586351219512195,1.5611369918699187
2015.3933,-0.8080856275303644,-0.07518882591093116,2.4577894331983803,1.5605999190283402
2015.39604,-0.8021424596774194,-0.06495185483870969,2.4569749193548387,1.5600637499999999
2015.39878,-0.7960322891566265,-0.06299104417670683,2.4562638152610443,1.5595488353413653
2015.40152,-0.7866251200000001,-0.06729112000000001,2.4576252,1.5601146799999999
2015.40426,-0.7820559760956176,-0.06064175298804781,2.456949203187251,1.5597145816733067
2015.407,-0.7744021825396825,-0.050478888888888886,2.4564700793650798,1.5592975793650794
2015.40974,-0.7732062450592886,-0.0415200790513834,2.4560662450592887,1.5589772727272726
2015.41248,-0.7661753543307087,-0.033904606299212596,2.455372716535433,1.5584501968503937
2015.41522,-0.7597350196078431,-0.02428729411764706,2.454708274509804,1.5579173333333332
2015.41796,-0.7540619140625,-0.023597812500000002,2.454041171875,1.5574808984375
2015.4207,-0.7494649027237354,-0.012368482490272375,2.45357486381323,1.557225175097276
2015.42344,-0.7442789147286821,-0.004612674418604653,2.4530498062015504,1.5568831395348839
2015.42618,-0.7390500772200772,-0.001991274131274134,2.45277722007722,1.5564427413127413
2015.42892,-0.735025,-0.005952730769230773,2.4520505,1.555931076923077
2015.43166,-0.7289408429118773,0.0006399616858237523,2.451498812260536,1.5555849808429119
2015.4344,-0.7207333969465649,0.007818587786259538,2.45079786259542,1.5550772900763359
2015.43714,-0.7143698479087452,0.010713384030418249,2.4503086311787072,1.5545862737642586
2015.43988,-0.7064504545454545,0.012622992424242422,2.4497317424242424,1.5540286742424243
2015.44262,-0.6952494339622641,0.022245396226415092,2.4502668679245283,1.5542203396226415
2015.44536,-0.6830631954887217,0.029414624060150375,2.4497095864661653,1.5537254135338345
2015.4481,-0.6808840823970038,0.03211704119850187,2.451965168539326,1.5546562546816478
2015.45084,-0.6641224626865672,0.03919373134328358,2.451570746268657,1.554163395522388
2015.45358,-0.6537253531598514,0.04897505576208178,2.451111970260223,1.553762007434944
2015.45632,-0.6425775925925926,0.0525384074074074,2.450708740740741,1.5533261111111112
2015.45906,-0.6318240221402214,0.05790830258302583,2.4507016605166054,1.553030405904059
2015.4618,-0.6256258455882353,0.06493974264705882,2.450435955882353,1.5526841544117647
2015.46454,-0.6239128937728937,0.07100058608058608,2.4504225641025643,1.552661868131868
2015.46728,-0.6147936861313869,0.07838248175182481,2.4501598175182484,1.552451897810219
2015.47002,-0.609498,0.08248509090909091,2.4495992363636367,1.5520593818181818
2015.47276,-0.6012571014492754,0.08661847826086957,2.4493195289855074,1.551856195652174
2015.4755,-0.5885361010830324,0.0882805415162455,2.4496877978339353,1.5518219855595667
2015.47824,-0.5772430575539568,0.08850510791366907,2.449706294964029,1.5517273381294965
2015.48098,-0.5637425448028673,0.08632559139784945,2.4494652329749105,1.5513551254480287
2015.48372,-0.5545117857142857,0.081407,2.449570535714286,1.5514014285714286
2015.48646,-0.5434446975088969,0.08780348754448399,2.4491170106761566,1.551024021352313
2015.4892,-0.5315218085106383,0.09180251773049646,2.448673829787234,1.5506223758865247
2015.49194,-0.5247415901060071,0.09577222614840988,2.4481272438162547,1.5501967137809187
2015.49468,-0.5116447887323944,0.10080802816901409,2.447782711267606,1.549964190140845
2015.49742,-0.49915400000000004,0.10329164912280703,2.4477086666666668,1.5498724561403507
2015.50016,-0.4899482167832168,0.10139325174825176,2.447339895104895,1.5494952097902097
2015.5029,-0.4797317770034843,0.10048961672473868,2.446749512195122,1.5490911846689897
2015.50564,-0.4745152083333333,0.09329954861111112,2.4465122916666666,1.5487309722222222
2015.50838,-0.4646964359861592,0.09109595155709344,2.4463184429065743,1.5483849480968859
2015.51112,-0.45305755172413786,0.10543065517241379,2.445800103448276,1.5480151034482759
2015.51386,-0.44131147766323026,0.10247340206185566,2.445236941580756,1.5476391065292097
2015.5166,-0.43351068493150685,0.10396688356164382,2.4446845205479453,1.5472310273972603
2015.51934,-0.4235567576791809,0.10632290102389078,2.4443211604095563,1.5469207508532423
2015.52208,-0.411883231292517,0.10830132653061224,2.4438303401360546,1.5465781292517007
2015.52482,-0.39881606779661016,0.11527210169491527,2.443717694915254,1.5462521355932204
2015.52756,-0.3887241216216216,0.11515425675675675,2.443252601351351,1.545851385135135
2015.5303,-0.37807228956228955,0.11279713804713806,2.4428515488215488,1.5455129966329966
2015.53304,-0.36609104026845635,0.11213607382550336,2.4432020805369126,1.545431711409396
2015.53578,-0.35646260869565216,0.12147173913043478,2.4432409698996653,1.5452155183946488
2015.53852,-0.3460568,0.12459419999999999,2.4428305666666663,1.5448207666666667
2015.54126,-0.3345624252491694,0.13033279069767442,2.442382823920266,1.5444678737541528
2015.544,-0.3308644701986755,0.13082377483443708,2.442064536423841,1.5440838079470198
2015.54674,-0.3216712211221122,0.12922145214521452,2.441589108910891,1.5437273267326732
2015.54948,-0.3082375657894737,0.1320925,2.441262302631579,1.5433509868421051
2015.55222,-0.2972511147540984,0.13273065573770493,2.440766229508197,1.5428996393442622
2015.55496,-0.2853087908496732,0.13128849673202617,2.4403325490196077,1.5425201960784314
2015.5577,-0.2740714006514658,0.13331732899022802,2.43999338762215,1.5422091856677524
2015.56044,-0.26372688311688314,0.13947162337662336,2.4395715584415587,1.5418645779220779
2015.56318,-0.24323161290322579,0.16069106451612905,2.440526064516129,1.542317
2015.56866,-0.2457809003215434,0.15788218649517685,2.445136077170418,1.544753504823151
2015.5714,-0.23369208333333333,0.16137185897435896,2.445199358974359,1.5446864102564102
2015.57414,-0.22207837060702876,0.1663079233226837,2.444973194888179,1.5445792971246006
2015.57688,-0.21518681528662417,0.16415111464968152,2.4446332165605096,1.5443250955414012
2015.57962,-0.20363593650793652,0.164188,2.4443592063492066,1.5440055238095238
2015.58236,-0.1979446518987342,0.16302433544303796,2.4439787658227847,1.5436345886075948
2015.5851,-0.1897515141955836,0.16157056782334384,2.443619779179811,1.5433192113564669
2015.58784,-0.1829417610062893,0.15993946540880505,2.443895283018868,1.54335606918239
2015.59058,-0.17876257053291536,0.1646625078369906,2.443784576802508,1.5431387774294671
2015.59332,-0.16576740625,0.16343321875,2.44371228125,1.5430283125000002
2015.59606,-0.1445968944099379,0.1609963354037267,2.443562795031056,1.5427701242236025
2015.60154,-0.14585808049535604,0.15446374613003097,2.44773693498452,1.5448038699690403
2015.60428,-0.13715305555555557,0.15482993827160496,2.4477464197530865,1.5446791975308642
2015.60702,-0.11822938461538461,0.15489756923076922,2.447873353846154,1.5446357846153844
2015.60976,-0.1118835582822086,0.1563013190184049,2.447666503067485,1.544398527607362
2015.6125,-0.1059726605504587,0.16091880733944955,2.4479527828746175,1.544462018348624
2015.61524,-0.09823661585365853,0.1608304268292683,2.4476488719512197,1.5442035670731706
2015.61798,-0.08990787234042553,0.1620061094224924,2.4472673556231004,1.5439313069908813
2015.62072,-0.0772009090909091,0.16748893939393938,2.447180606060606,1.5437425151515152
2015.62346,-0.06328833836858005,0.16595283987915407,2.4470883081570998,1.543526827794562
2015.6262,-0.05896117469879518,0.16553653614457833,2.446875451807229,1.5433200602409638
2015.62894,-0.056073003003003004,0.1667374774774775,2.4465068768768767,1.5430182582582581
2015.63168,-0.04841925149700599,0.15811595808383233,2.446441497005988,1.5428622455089818
2015.63442,-0.042409791044776116,0.15976594029850746,2.4461604477611942,1.5426064179104477
2015.63716,-0.02943767857142857,0.16100639880952383,2.4458511607142857,1.5423697023809524
2015.6399,-0.0188853709198813,0.16311697329376856,2.445412462908012,1.5420667952522256
2015.64264,-0.009299437869822486,0.16911062130177515,2.4450893786982246,1.5417581952662722
2015.64538,0.002219528023598821,0.17209162241887907,2.445853510324484,1.5419741002949852
2015.64812,0.00814858823529412,0.1723895294117647,2.4456078823529412,1.5416775
2015.65086,0.018340439882697946,0.17956457478005866,2.445322434017595,1.5414024340175954
2015.6536,0.03403254385964912,0.17807692982456141,2.445068040935672,1.5411536549707603
2015.65634,0.042815406976744186,0.17444110465116278,2.4455981976744186,1.5411583430232556
2015.66182,0.03809092753623188,0.1692468115942029,2.4473440869565217,1.542074115942029
2015.66456,0.043298526011560694,0.16660910404624277,2.447104219653179,1.5418530924855491
2015.6673,0.05223538904899135,0.16394541786743516,2.4476247550432277,1.5420151008645533
2015.67004,0.059291781609195404,0.1613766379310345,2.4477032183908043,1.541987068965517
2015.67278,0.0761578,0.16625908571428571,2.4473188571428572,1.5415602285714285
2015.68648,0.07824216524216525,0.15655159544159544,2.4513268945868947,1.5431779772079772
2015.68922,0.08743232954545455,0.1595555965909091,2.4511826136363637,1.5429647727272728
2015.69196,0.0869342776203966,0.15634339943342776,2.4515745325779035,1.543080254957507
2015.6947,0.09165788135593221,0.15723324858757062,2.4513224576271186,1.5428733050847456
2015.69744,0.0976407042253521,0.15822994366197182,2.4510265070422537,1.542653267605634
2015.70018,0.10301261235955057,0.1607398595505618,2.4506475,1.5424249719101124
2015.70292,0.10960784313725491,0.16270546218487394,2.4504001400560225,1.5421885154061623
2015.70566,0.11815078212290503,0.16559782122905028,2.4500474581005585,1.5418920949720671
2015.7084,0.12760008356545963,0.1659049860724234,2.4495735376044565,1.5415221169916433
2015.71114,0.13753708333333334,0.1654179722222222,2.4491134166666666,1.5412174722222223
2015.71388,0.14739817174515235,0.1641627423822715,2.4487505263157896,1.5409519113573407
2015.71662,0.15550994475138122,0.16006834254143648,2.448495165745856,1.5407507458563534
2015.71936,0.16763662087912087,0.15288137362637363,2.448077032967033,1.5403911538461537
2015.72484,0.1721150684931507,0.1518381369863014,2.447682410958904,1.5400614246575344
2015.72758,0.17835448087431693,0.15243639344262294,2.447251475409836,1.5397519398907105
2015.73032,0.18558841961852862,0.15098700272479565,2.446943433242507,1.5394901089918258
2015.73306,0.19905631436314364,0.15761073170731707,2.4463268834688345,1.5390896205962061
2015.7358,0.20043656756756756,0.16178132432432432,2.446165108108108,1.5388864324324323
2015.74128,0.21402704301075268,0.15765682795698926,2.4452875,1.5384652150537637
2015.74402,0.21965171581769438,0.15921466487935657,2.4450597319034855,1.5383286863270778
2015.74676,0.22747751336898395,0.1606510962566845,2.444946069518717,1.5382244652406416
2015.7495,0.23340416,0.16104173333333333,2.44454888,1.5379858133333333
2015.75224,0.23881648936170213,0.15954920212765958,2.4441110106382977,1.537681090425532
2015.75498,0.24902363395225466,0.16185424403183024,2.4436967904509284,1.5373600795755968
2015.75772,0.25474679894179897,0.16278386243386242,2.4433113756613754,1.5371077513227513
2015.76046,0.25898189973614777,0.16522759894459102,2.442927994722955,1.5368300263852241
2015.7632,0.2688196315789474,0.16330505263157896,2.442583657894737,1.5365471052631579
2015.76594,0.27578283464566933,0.15930259842519687,2.442299186351706,1.536371968503937
2015.76868,0.2793521727748691,0.1478124607329843,2.4422898691099477,1.5362905235602093
2015.77142,0.2831312532637075,0.13682804177545693,2.442123133159269,1.536114778067885
2015.77416,0.28699604166666665,0.12592609375,2.442067213541667,1.5358784114583333
2015.7769,0.2934679480519481,0.12465922077922079,2.44186012987013,1.5356125974025976
2015.77964,0.2995577979274611,0.12117536269430053,2.4414301554404143,1.535278212435233
2015.78238,0.3064752713178295,0.11759503875968993,2.440976434108527,1.5349542635658915
2015.78512,0.3187655154639175,0.12247572164948455,2.440820412371134,1.5348690206185567
2015.78786,0.3221711568123393,0.1187958354755784,2.442055475578406,1.535523856041131
2015.7906,0.32627592307692305,0.12070843589743589,2.4417479743589743,1.5352688461538462
2015.79334,0.33127393861892585,0.11744424552429668,2.4413649360613814,1.534961202046036
2015.79608,0.3363981632653061,0.11652505102040818,2.441050510204082,1.5346551275510203
2015.79882,0.33947969465648853,0.11234513994910941,2.440666055979644,1.5343506106870228
2015.80156,0.34587418781725887,0.10837604060913707,2.4403856345177664,1.5341654060913708
2015.8043,0.3520957215189873,0.10788453164556962,2.440081164556962,1.5338892911392403
2015.80704,0.3597617676767677,0.10771040404040404,2.439702070707071,1.5335868686868686
2015.80978,0.3653727455919395,0.1047228211586902,2.439517329974811,1.533402871536524
2015.81252,0.36914515075376886,0.10573944723618091,2.4392072361809047,1.5331434673366835
2015.81526,0.3723008270676692,0.10776278195488721,2.4391556892230577,1.5330291729323307
2015.818,0.37669440000000004,0.10385525,2.43878775,1.53275725
2015.82074,0.3828602493765586,0.09839788029925187,2.438617182044888,1.5325687281795513
2015.82348,0.38748166666666667,0.09824554726368159,2.4385274626865674,1.5324147263681591
2015.82622,0.3971433498759305,0.08937858560794044,2.4383134739454095,1.5322489330024813
2015.82896,0.3981989603960396,0.08309935643564356,2.4383045792079208,1.5321257425742574
2015.8317,0.4033147160493827,0.07766767901234568,2.438226222222222,1.5319719012345678
2015.83444,0.407477881773399,0.0756585960591133,2.437925418719212,1.5316858128078816
2015.83718,0.4111917690417691,0.07072007371007372,2.437581646191646,1.5314591646191646
2015.83992,0.41950624999999997,0.07093492647058823,2.437362745098039,1.5311798774509804
2015.84266,0.42730444987775057,0.06841941320293399,2.4370859168704158,1.5308978239608801
2015.8454,0.4357706341463415,0.06422519512195121,2.436756512195122,1.5306315609756098
2015.84814,0.4423670802919708,0.059461873479318736,2.4365216545012167,1.5304918004866181
2015.85088,0.44773118932038836,0.059534053398058256,2.436361140776699,1.5302318932038836
2015.85362,0.45278232445520583,0.05873835351089588,2.436245205811138,1.5300222760290556
2015.85636,0.45684159420289855,0.05638055555555556,2.436066690821256,1.5298218357487923
2015.8591,0.455696891566265,0.04948159036144579,2.436121590361446,1.5297524819277106
2015.86184,0.46319343749999997,0.04770884615384615,2.435924903846154,1.5295536538461538
2015.86458,0.46658081534772183,0.04543549160671463,2.435897913669065,1.5294104076738608
2015.86732,0.4713023923444976,0.04300724880382775,2.4359816746411487,1.5291871052631578
2015.87006,0.47671615751789975,0.0432509785202864,2.4359642720763723,1.5289769451073987
2015.8728,0.4838147857142857,0.04287619047619048,2.435985238095238,1.5288461428571427
2015.87554,0.48681192399049883,0.04047396674584323,2.435858076009501,1.5286818764845604
2015.87828,0.4906111374407583,0.03998289099526066,2.435679099526066,1.5285383886255923
2015.88102,0.49431312056737586,0.03905137115839244,2.435591276595745,1.5283915839243498
2015.88376,0.4952581839622642,0.0415008962264151,2.43601125,1.5286096462264152
2015.8865,0.5037575529411764,0.042380564705882355,2.435894682352941,1.528378
2015.88924,0.5092932394366197,0.04753708920187793,2.4356559624413143,1.528165281690141
2015.89198,0.5136518735362998,0.04948142857142857,2.4355078220140514,1.5279673770491802
2015.89472,0.5205870327102804,0.05368,2.4352570093457944,1.527748714953271
2015.89746,0.5256751048951049,0.059804685314685316,2.4351058041958042,1.5275625407925408
2015.9002,0.5318592325581395,0.06586997674418604,2.4349038604651163,1.5273517209302327
2015.90294,0.5423289791183294,0.07483914153132251,2.4346375406032483,1.527116426914153
2015.90568,0.5488346759259259,0.08132166666666667,2.434456226851852,1.5269134722222222
2015.90842,0.5565793071593533,0.08975046189376444,2.434568267898383,1.5268556581986144
2015.91116,0.5634437096774194,0.09585172811059907,2.434392580645161,1.5266775806451613
2015.9139,0.5701328045977011,0.09821850574712643,2.434268551724138,1.5265042068965515
2015.91664,0.5740033027522936,0.099436123853211,2.4340851376146793,1.5263025917431192
2015.91938,0.5796603661327231,0.1010708466819222,2.433916361556064,1.526096109839817
2015.92212,0.5806739497716895,0.10736180365296803,2.433835570776256,1.5259560730593607
2015.92486,0.5853354669703872,0.10628630979498861,2.433571958997722,1.5257455580865602
2015.9276,0.5909405,0.10524456818181817,2.433336977272727,1.5255609318181818
2015.93034,0.5968522448979592,0.10232253968253968,2.4345801587301588,1.5261194784580498
2015.93308,0.597473665158371,0.09699454751131222,2.4345668325791854,1.5260379185520363
2015.93582,0.6004612189616253,0.09163119638826184,2.4346261851015805,1.5260367268623025
2015.93856,0.6003620495495495,0.08689045045045045,2.4346128153153157,1.5259291216216215
2015.9413,0.6033025842696629,0.08394786516853933,2.4353268988764043,1.5263263595505618
2015.94404,0.6082152914798207,0.08282724215246637,2.436317264573991,1.5267804484304932
2015.94678,0.612601476510067,0.08372214765100672,2.4370738255033557,1.5270418568232662
2015.94952,0.6128218080357143,0.08464589285714286,2.4375083705357143,1.5273039955357142
2015.95226,0.6169286191536748,0.08868957683741648,2.4372469265033407,1.52709140311804
2015.955,0.6225360000000001,0.08491462222222222,2.437026866666667,1.5269172666666666
2015.95774,0.6264233259423503,0.08638858093126386,2.4369548780487804,1.5268561419068736
2015.96048,0.6329385398230088,0.09045256637168142,2.4373102212389384,1.5269950221238937
2015.96322,0.6371807505518764,0.0912641059602649,2.437251258278146,1.5268855629139073
2015.96596,0.636861255506608,0.08849872246696036,2.437289977973568,1.526901101321586
2015.9687,0.6405837802197802,0.08881518681318681,2.4372047912087913,1.5268145934065935
2015.97144,0.6410804824561404,0.08967127192982455,2.4370494298245617,1.5266600000000001
2015.97418,0.6407839168490154,0.08966299781181618,2.4368551641137857,1.5264857768052518
2015.97692,0.6466337772925764,0.09285718340611354,2.436644192139738,1.5263012663755458
2015.97966,0.6484112418300654,0.0938777559912854,2.4363465359477123,1.5261083660130719
2015.9824,0.6516341739130435,0.09852152173913042,2.4361244782608695,1.5259364782608695
2015.98514,0.655206399132321,0.09951325379609545,2.4359906073752713,1.5258239045553146
2015.98788,0.6542901515151516,0.1001602380952381,2.4358181385281386,1.5256661471861472
2015.99062,0.6499987473002159,0.10263747300215982,2.435589978401728,1.5254853995680346
2015.99336,0.6469380603448276,0.10403872844827586,2.4360257327586208,1.5257327586206897
2015.9961,0.6452958494623656,0.10991505376344086,2.435759182795699,1.525534494623656
2015.99884,0.6413591201716738,0.11316680257510729,2.4355024034334765,1.5253443133047209
2016.00158,0.6366907922912206,0.11693933618843683,2.4352596359743037,1.5251658029978588
2016.00432,0.6278660683760684,0.11588955128205128,2.4350264957264955,1.5250006623931622
2016.00706,0.6229818976545842,0.11756643923240938,2.434811513859275,1.5248272281449893
2016.0098,0.6139924468085107,0.11767125531914893,2.436582276595745,1.5256508936170212
2016.01528,0.5920135381355932,0.11329586864406781,2.4393856779661016,1.5280242372881356
2016.01802,0.5838360676532769,0.11259579281183932,2.439388562367865,1.5279118816067654
2016.02076,0.5764493670886076,0.1137398312236287,2.4392896413502108,1.5277572784810127
2016.0235,0.5693221263157894,0.11348894736842105,2.439030294736842,1.5275820210526316
2016.02624,0.5642902731092437,0.11374002100840337,2.438983235294118,1.5274677521008404
2016.02898,0.5565704821802936,0.11030027253668763,2.4388351991614257,1.527332746331237
2016.03172,0.542082719665272,0.1044328870292887,2.438687782426778,1.5271930125523012
2016.03446,0.5318798121085595,0.10044741127348643,2.4384654488517743,1.527032713987474
2016.0372,0.5229516666666666,0.1011175,2.4383110416666667,1.5269820833333334
2016.03994,0.5137622453222453,0.09804199584199584,2.4380987733887736,1.5267913305613305
2016.04268,0.5020393153526971,0.09358029045643153,2.438050062240664,1.5266871369294606
2016.04542,0.4953037888198758,0.08768097308488612,2.4378308902691512,1.5265082608695653
2016.04816,0.4874834297520661,0.08595210743801653,2.437600144628099,1.5263353512396693
2016.0509,0.4777210309278351,0.0857782268041237,2.437341340206186,1.5261144329896905
2016.05364,0.47218290123456785,0.08016823045267489,2.4370836008230454,1.5259169958847736
2016.05638,0.46073008213552363,0.071810636550308,2.4372893018480495,1.5260928747433264
2016.05912,0.4507595901639344,0.06785555327868852,2.4370533196721316,1.5259326024590165
2016.06186,0.44210691206543967,0.06617779141104295,2.436785419222904,1.5257315746421267
2016.0646,0.43239051020408165,0.06587159183673469,2.436592469387755,1.5255847551020407
2016.06734,0.42119733197556003,0.06491633401221995,2.4364166802443994,1.525445397148676
2016.07008,0.4108473577235772,0.06042371951219512,2.436282479674797,1.5253151829268292
2016.07282,0.3947025963488844,0.04871545638945233,2.4361406490872213,1.5251957606490874
2016.07556,0.38573346153846155,0.047311072874493924,2.435946497975708,1.5251007489878543
2016.0783,0.3758904040404041,0.04628955555555555,2.435749070707071,1.524966909090909
2016.08104,0.36547306451612904,0.04550945564516128,2.435665927419355,1.524905060483871
2016.08378,0.35627364185110666,0.04464136820925552,2.4354091750503017,1.524705935613682
2016.08652,0.3471301807228916,0.042167730923694774,2.435125200803213,1.524511004016064
2016.08926,0.33844721442885767,0.03891789579158316,2.4351082765531062,1.5244115430861724
2016.092,0.33021386,0.03531442,2.43509544,1.52440698
2016.09474,0.32089255489021956,0.03003211576846307,2.4348418762475053,1.5242020359281436
2016.09748,0.31146988047808766,0.0274814342629482,2.434637390438247,1.5240684860557767
2016.10022,0.30312735586481115,0.02492439363817097,2.4343497614314114,1.5238381908548706
2016.10296,0.29717204365079364,0.02107335317460317,2.4340233928571426,1.5236004365079365
2016.1057,0.289807603960396,0.021009247524752472,2.433833683168317,1.523500613861386
2016.10844,0.2858941501976285,0.02004758893280632,2.4336288339920946,1.5233611660079052
2016.11118,0.27686293885601576,0.015345542406311632,2.433630986193294,1.5232588954635107
2016.11392,0.26840757874015747,0.013059055118110232,2.433470866141732,1.523148720472441
2016.11666,0.2605836149312377,0.009779017681728877,2.4332205304518664,1.5229477996070726
2016.1194,0.2553402745098039,0.0052896862745097995,2.4331761764705884,1.5228138431372549
2016.12214,0.2502377495107632,0.0024122700587084103,2.432911663405088,1.5226094129158512
2016.12488,0.24245099609374998,0.0028287109374999955,2.43271494140625,1.5224651171875
2016.12762,0.23137777777777777,-0.0020611306042885038,2.432452358674464,1.5222687524366472
2016.13036,0.2236364980544747,-0.005066770428015568,2.4322142607003894,1.522076420233463
2016.1331,0.215518427184466,-0.007587533980582529,2.4319263300970877,1.5218684660194175
2016.13584,0.2073261434108527,-0.009238624031007756,2.4317447286821703,1.5217103682170543
2016.13858,0.20249779497098647,-0.009775087040618961,2.4315677176015473,1.5215659381044486
2016.14132,0.19390048262548262,-0.010407316602316606,2.4314224324324325,1.5214546332046333
2016.14406,0.18530666666666668,-0.009442061657032761,2.4311576300578035,1.5212559730250481
2016.1468,0.17710128846153847,-0.012420942307692312,2.4309750384615385,1.5210970192307693
2016.20434,0.17484673704414588,-0.012318195777351252,2.4318350479846447,1.5214099424184262
2016.20708,0.16933463601532567,-0.012773984674329506,2.431671111111111,1.5212238314176245
2016.20982,0.1647183173996176,-0.008448470363288723,2.431484741873805,1.5210093881453153
2016.21256,0.15704753816793893,-0.011421259541984736,2.4314717366412215,1.5209310114503818
2016.2153,0.15005546666666666,-0.012804742857142861,2.4316196190476194,1.5208770476190476
2016.21804,0.1410694486692015,-0.013300209125475288,2.431335019011407,1.5206179657794676
2016.22078,0.13462127134724858,-0.013162485768500954,2.431017172675522,1.5203582732447818
2016.22352,0.12896545454545455,-0.012836439393939398,2.4308185606060606,1.5201666666666667
2016.22626,0.11995005671077504,-0.013003686200378076,2.4306206994328923,1.519955066162571
2016.229,0.11426767924528301,-0.013263301886792457,2.430328754716981,1.5197012641509435
2016.23174,0.10657745762711865,-0.01314962335216573,2.4300379096045197,1.5194420715630885
2016.23448,0.0988737969924812,-0.015311372180451133,2.429808627819549,1.519194962406015
2016.23722,0.09330874296435271,-0.014343602251407133,2.429553808630394,1.5189503564727955
2016.23996,0.08944331460674157,-0.014228333333333338,2.4293262921348315,1.5187461610486892
2016.2427,0.08332033644859813,-0.014100953271028043,2.429020710280374,1.5184402242990653
2016.24544,0.07963899253731342,-0.014784309701492542,2.428738768656716,1.5181590485074627
2016.24818,0.07477297951582867,-0.015497318435754194,2.4283829981378027,1.5178584916201117
2016.25092,0.06959693308550186,-0.014927565055762088,2.4283873048327136,1.5176876394052043
2016.25366,0.06640200371057513,-0.015074768089053808,2.4283132653061226,1.517487680890538
2016.2564,0.06525496296296296,-0.0183015925925926,2.4280868518518517,1.517238462962963
2016.25914,0.06299288354898336,-0.01840059149722736,2.427887282809612,1.5170088909426986
2016.26188,0.05682119926199262,-0.01872116236162362,2.4276179704797047,1.5167568081180811
2016.26462,0.052601289134438296,-0.017621215469613264,2.427357053406998,1.5164932228360959
2016.26736,0.04977275735294117,-0.017538713235294122,2.427086011029412,1.5162383639705883
2016.2701,0.045592165137614674,-0.01813412844036698,2.4268417981651376,1.5159921834862384
2016.27284,0.04331968864468864,-0.015879926739926744,2.426543241758242,1.5156850915750917
2016.27558,0.0410362705667276,-0.015612559414990863,2.4262494515539306,1.5154207678244973
2016.27832,0.039411678832116784,-0.013558394160583945,2.4260741423357666,1.5151943613138685
2016.28106,0.03874650273224043,-0.011095118397085615,2.4269944444444445,1.5155435701275046
2016.2838,0.037264599999999995,-0.009875890909090914,2.4269061454545455,1.5153315636363636
2016.28654,0.037758076225045366,-0.008420235934664252,2.4268911433756806,1.5151524863883847
2016.28928,0.03687561594202898,-0.009381630434782613,2.4266139492753624,1.5148884601449275
2016.29202,0.037041446654611204,-0.011711193490054254,2.4291262929475588,1.515972658227848
2016.2975,0.029512558558558555,-0.014876486486486491,2.430794702702703,1.5169845585585586
2016.30024,0.025473003597122297,-0.015265719424460436,2.4307185971223024,1.5168830395683452
2016.30298,0.02213461400359066,-0.018470969479353685,2.4306860861759425,1.5168167145421902
2016.30572,0.019425519713261646,-0.02107385304659499,2.430491541218638,1.5166236200716845
2016.30846,0.016367406082289798,-0.020220733452593922,2.4302077817531305,1.5163557423971379
2016.3112,0.014612124999999998,-0.018996196428571435,2.4300542857142857,1.516124982142857
2016.31394,0.01254308377896613,-0.019138395721925137,2.429800980392157,1.5158694830659536
2016.31668,0.011870142348754446,-0.01712581850533808,2.429523540925267,1.515623896797153
2016.31942,0.011321207815275309,-0.017532984014209593,2.4292649378330373,1.5154016696269983
2016.32216,0.012883209219858154,-0.01699952127659575,2.42900725177305,1.5151368439716313
2016.3249,0.009447592920353978,-0.01754102654867257,2.4287575929203538,1.5149117876106195
2016.32764,0.009054982332155473,-0.01496277385159011,2.4284697526501766,1.5146547173144878
2016.33038,0.008918553791887123,-0.01530067019400353,2.4282112874779544,1.5144223633156966
2016.33312,0.006345052816901405,-0.016009366197183104,2.427992676056338,1.5142235211267607
2016.33586,0.006394780316344461,-0.0191466783831283,2.4278313708260106,1.5140313005272408
2016.3386,0.004864456140350874,-0.018010333333333337,2.427638877192982,1.5138086666666668
2016.34134,0.004063607705779332,-0.01987148861646235,2.4275174781085815,1.5136444483362521
2016.34408,0.004152744755244753,-0.020113006993006995,2.4274035314685314,1.513522097902098
2016.34682,0.0018950959860383914,-0.018526980802792324,2.427314554973822,1.5133633682373473
2016.34956,-0.001825993031358888,-0.023642125435540073,2.427271411149826,1.5132683972125434
2016.3523,-0.003827234782608699,-0.024279113043478264,2.4270501043478263,1.513022608695652
2016.35504,-0.0036905034722222252,-0.022629687500000002,2.426829565972222,1.5127732812499999
2016.35778,-0.002069896013864821,-0.019714384748700176,2.426606308492201,1.5125438301559793
2016.36052,-0.0010007958477508678,-0.016058823529411768,2.426369896193772,1.5122976643598616
2016.36326,-0.0069339550949913675,-0.02822920552677029,2.433752694300518,1.5166092055267701
2016.42354,-0.008474258620689658,-0.036677332185886403,2.433563706896552,1.564536299483649
2016.42628,-0.01043702237521515,-0.03982374570446735,2.4332784853700518,1.5641966838487973
2016.42902,-0.01115683848797251,-0.040851818181818184,2.4330667869415805,1.5639060034305317
2016.43176,-0.013377667238421959,-0.04315256849315068,2.4328489193825042,1.5635917465753424
2016.4345,-0.012343510273972605,-0.04393996581196582,2.432659332191781,1.563284341880342
2016.43724,-0.011553111111111113,-0.04363815699658703,2.4324807008547005,1.562983737201365
2016.43998,-0.010355051194539252,-0.044717768313458264,2.432508532423208,1.5628005962521296
2016.44272,-0.009467086882453154,-0.042845374149659866,2.4322691311754685,1.5624874829931974
2016.44546,-0.008033537414965989,-0.04213758913412564,2.432040799319728,1.5621783022071307
2016.4482,-0.006627826825127337,-0.042456440677966105,2.4318371307300506,1.5618830508474575
2016.45094,-0.004529474576271189,-0.03956490693739425,2.4316307457627118,1.5615716582064298
2016.45368,-0.0026878510998307984,-0.038908293918918924,2.4314352622673434,1.5612713006756755
2016.45642,-0.001282398648648652,-0.03555794266441821,2.431196283783784,1.560934957841484
2016.45916,5.839797639122774e-05,-0.031993771043771047,2.4309513322091063,1.560628148148148
2016.4619,0.0005941245791245759,-0.03140006722689076,2.4307782828282827,1.5603252100840337
2016.46464,-0.00032326050420168395,-0.032031996644295305,2.4305281008403363,1.5600048825503356
2016.46738,-0.0012082550335570502,-0.033412730318257956,2.4303462248322147,1.5597308542713568
2016.47012,-1.5795644891125524e-05,-0.03450841137123746,2.4301750586264657,1.5594464548494984
2016.47286,0.0007286454849498295,-0.0370483305509182,2.4299069732441474,1.559103856427379
2016.4756,0.0015281469115191954,-0.03828195,2.4297438397328883,1.5588552
2016.47834,0.0026857666666666637,-0.03916086522462563,2.4296549666666665,1.5586045757071547
2016.48108,0.0023616805324459204,-0.0379956146179402,2.429834009983361,1.55857061461794
