2007.90488,-0.71725,-7.4606275,2.28327,2.3064150000000003
2007.90762,-0.39654500000000004,-5.559690000000001,1.7630849999999998,2.106678
2007.91036,0.00821666666666665,-4.048021666666667,1.587703333333333,1.9726416666666668
2007.9131,0.40598999999999996,-2.8152228571428575,1.548905,1.9041128571428572
2007.91584,0.4657679999999999,-2.04596625,1.48532,1.83050625
2007.91858,0.5117583333333333,-1.5393855555555556,1.4708916666666667,1.7960933333333335
2007.92132,0.5545185714285714,-0.7193100000000001,1.5436914285714285,1.8328580000000003
2007.92406,0.46927874999999997,-0.4045009090909092,1.505595,1.786899090909091
2007.9268,0.522051,0.02905307692307688,1.585783,1.8343346153846154
2007.93228,0.4134654545454545,-0.034033571428571475,1.6213045454545456,1.8505500000000001
2007.93502,0.4457516666666666,0.23707599999999995,1.5900183333333333,1.8157173333333332
2007.93776,0.45034538461538465,0.48956249999999996,1.562476923076923,1.78443875
2007.9405,0.3763235714285714,0.7643599999999999,1.5380185714285715,1.7562641176470588
2007.94324,0.39354333333333336,0.9545827777777779,1.517616,1.7324333333333335
2007.94598,0.36945875,1.0983747368421053,1.50447875,1.7163415789473684
2008.00352,0.37716529411764704,1.1852775,1.538085294117647,1.738975
2008.00626,0.2927255555555555,1.4179095238095238,1.5355838888888889,1.7372257142857144
2008.009,0.29607736842105264,1.4719040909090908,1.6080615789473685,1.7914500000000002
2008.01174,0.2544604761904762,1.6673391666666666,1.6118109523809525,1.7932379166666668
2008.01722,0.2327640909090909,1.8299367999999998,1.592830909090909,1.7733359999999998
2008.01996,0.22350130434782609,1.960575,1.5759330434782608,1.7563838461538461
2008.02818,0.20795666666666665,2.1162096551724137,1.6030891666666667,1.7387106896551723
2008.03092,0.115932,2.1586956666666666,1.5972188,1.7352363333333334
2008.0501,0.11201115384615384,2.2519090322580646,1.583361923076923,1.7223687096774194
2008.05284,0.08845777777777776,2.3711596875,1.5836944444444443,1.724539375
2008.06106,0.1641682142857143,2.567932424242424,1.6211239285714285,1.751810909090909
2008.0638,0.2099858620689655,2.626657941176471,1.6067124137931033,1.7388826470588237
2008.09668,0.3035246666666667,2.5885597142857146,1.609774,1.7385668571428572
2008.09942,0.28187322580645163,2.5491805555555556,1.5973629032258065,1.7260972222222222
2008.13778,0.2645434375,2.634114054054054,1.661391875,1.7764437837837839
2008.14052,0.2474993939393939,2.634764736842105,1.6502142424242425,1.7671802631578948
2008.15422,0.22494941176470587,2.6642579487179487,1.6369788235294118,1.7552643589743588
2008.15696,0.20065257142857143,2.66289325,1.6487222857142858,1.76412125
2008.1597,0.17318833333333333,2.6926887804878046,1.6355466666666667,1.752549024390244
2008.16244,0.17089972972972972,2.729309523809524,1.622761081081081,1.7412411904761906
2008.16518,0.18077315789473683,2.729535348837209,1.6112494736842105,1.7307744186046512
2008.16792,0.16489794871794872,2.7922561363636365,1.599920769230769,1.7203386363636364
2008.17066,0.1617585,2.9181142222222225,1.6200074999999998,1.7367837777777777
2008.1734,0.17822317073170732,2.927715652173913,1.6094053658536585,1.7273584782608695
2008.17614,0.1654888095238095,2.9427861702127656,1.6000642857142855,1.7182380851063828
2008.17888,0.18975534883720932,2.9791716666666663,1.5897725581395348,1.7088545833333333
2008.18162,0.23440931818181818,3.0057710204081634,1.580445,1.7002995918367345
2008.18436,0.30506911111111107,2.9969716,1.5714877777777778,1.6922074
2008.1871,0.2858278260869565,2.9865460784313727,1.5676680434782608,1.6896288235294117
2008.18984,0.2732629787234042,3.089662884615385,1.5907721276595743,1.7105751923076924
2008.19258,0.27385791666666665,3.0851326415094342,1.5825733333333334,1.7032016981132074
2008.19532,0.2632769387755102,3.095256481481482,1.5738785714285715,1.6951253703703704
2008.19806,0.26193639999999996,3.085589272727273,1.6086753999999999,1.7257938181818182
2008.20902,0.23696156862745096,2.9856205357142858,1.6475386274509802,1.762438392857143
2008.21176,0.2711269811320755,2.9560346551724135,1.6385813207547169,1.7555077586206898
2008.26656,0.25104185185185185,3.0386930508474577,1.6440857407407408,1.762490847457627
2008.2693,0.2690385454545455,3.0247928333333336,1.6356,1.7550495
2008.27204,0.25150754385964913,3.000386451612903,1.6362936842105262,1.759368870967742
2008.3104,0.2816791379310345,3.0175946031746035,1.6340981034482758,1.758832380952381
2008.31314,0.2879562711864407,2.9842221875,1.6282079661016948,1.75357203125
2008.31588,0.28038383333333333,2.9510958461538466,1.6208595000000001,1.7470604615384615
2008.31862,0.27731491803278685,2.9271134848484848,1.6137845901639345,1.7410883333333333
2008.32136,0.26137,2.8955073134328355,1.6070179032258065,1.735418208955224
2008.3241,0.24865492063492065,2.8587023529411764,1.6006709523809524,1.730114117647059
2008.32684,0.237330625,2.7987940579710147,1.59449125,1.725509275362319
2008.32958,0.22268661538461537,2.7447438571428573,1.5878603076923077,1.7195518571428572
2008.33232,0.2283131818181818,2.725233943661972,1.5815957575757575,1.713793943661972
2008.33506,0.22351179104477611,2.701130555555556,1.575355223880597,1.70802875
2008.3378,0.22753647058823528,2.6578827397260274,1.5692544117647058,1.7023493150684932
2008.34054,0.21952492753623187,2.6224016216216213,1.5645246376811595,1.6979628378378377
2008.34328,0.21847942857142857,2.5906569333333334,1.5587387142857143,1.6926894666666668
2008.34602,0.21176718309859155,2.5661984210526314,1.5537169014084509,1.68807
2008.34876,0.20644374999999998,2.527988831168831,1.5482693055555556,1.6829154545454543
2008.3515,0.17921931506849315,2.5088007692307692,1.5429709589041096,1.6779702564102563
2008.35424,0.17946810810810812,2.494177594936709,1.5382317567567567,1.6735505063291138
2008.35698,0.1722512,2.46818575,1.53301,1.66866725
2008.35972,0.1733103947368421,2.4311965432098765,1.529636842105263,1.665400987654321
2008.36246,0.16447974025974024,2.4038201219512194,1.5257324675324675,1.6618379268292685
2008.3652,0.1893298734177215,2.3868713095238094,1.5256593670886076,1.6642786904761904
2008.38164,0.18004475,2.3652554117647058,1.534099625,1.6729182352941177
2008.38438,0.1541174074074074,2.3179427906976744,1.5298671604938272,1.6688206976744189
2008.38712,0.1383660975609756,2.3055367816091956,1.5253384146341462,1.6644452873563218
2008.38986,0.12657951807228915,2.2828247727272726,1.5212775903614457,1.6603232954545455
2008.3926,0.14402083333333332,2.246041685393258,1.5172661904761906,1.6562093258426964
2008.39534,0.1337290588235294,2.21529,1.5129871764705884,1.652027888888889
2008.39808,0.13286906976744184,2.1733265934065935,1.50905011627907,1.6481451648351648
2008.40082,0.12416218390804597,2.138811086956522,1.5052948275862068,1.6442895652173914
2008.40356,0.12986420454545453,2.1176211827956988,1.5034523863636364,1.6421439784946237
2008.4063,0.12908505617977528,2.1032571276595746,1.4998889887640448,1.638570425531915
2008.40904,0.11996288888888888,2.068714,1.496173111111111,1.6349531578947367
2008.41178,0.12348703296703295,2.019861875,1.4926152747252748,1.6313485416666669
2008.41452,0.10670173913043478,1.97862793814433,1.4893073913043477,1.6280278350515465
2008.41726,0.1152832258064516,1.944686836734694,1.486241505376344,1.6248439795918368
2008.42,0.11531617021276595,1.939939292929293,1.4830190425531913,1.621640808080808
2008.42274,0.1320281052631579,1.9012791999999998,1.4798957894736844,1.6186147
2008.42548,0.1367958333333333,1.8657054455445545,1.4782439583333333,1.6168486138613862
2008.42822,0.13169587628865978,1.8296636274509803,1.4752241237113404,1.6138180392156862
2008.43096,0.1422568367346939,1.8000522330097088,1.4724380612244898,1.6108682524271845
2008.4337,0.1339032323232323,1.7635224038461539,1.4700792929292927,1.6080403846153846
2008.43644,0.1054521,1.752976380952381,1.4675692,1.6053237142857142
2008.43918,0.1055009900990099,1.7252450943396227,1.4649711881188119,1.6025588679245284
2008.44192,0.10550368932038835,1.6852612037037036,1.467752718446602,1.6053876851851852
2008.45014,0.10695971153846152,1.6328636697247707,1.4725588461538461,1.6108763302752294
2008.45288,0.11686733333333334,1.6004079090909091,1.4701257142857143,1.6085174545454544
2008.45562,0.12272528301886793,1.5801156756756758,1.4677104716981133,1.6060993693693693
2008.45836,0.11382504672897195,1.5522507142857143,1.465024859813084,1.6033749107142856
2008.4611,0.12250240740740741,1.530049292035398,1.4622511111111112,1.6005853982300886
2008.46384,0.11936522935779816,1.5047571929824561,1.459683119266055,1.5979900877192983
2008.46658,0.12052108108108107,1.4466528448275864,1.4559111711711712,1.5940500862068965
2008.47754,0.11716446428571428,1.4072576923076923,1.4616231249999998,1.6005794017094017
2008.48028,0.11196823008849557,1.3789272881355934,1.4592394690265487,1.598040254237288
2008.48302,0.11441201754385964,1.3446298319327732,1.456984649122807,1.5955880672268907
2008.48576,0.1036444347826087,1.31209775,1.4549417391304347,1.5932269166666666
2008.4885,0.10501568965517241,1.2772708264462809,1.4526344827586206,1.5907928099173554
2008.49124,0.10645384615384615,1.247713606557377,1.4503836752136752,1.5884109016393444
2008.49398,0.08876338983050847,1.216639837398374,1.4489281355932204,1.5867043089430892
2008.49672,0.0877461344537815,1.1835159677419353,1.4526859663865546,1.5914064516129032
2008.49946,0.07877325,1.14078424,1.4506068333333333,1.58932976
2008.5022,0.09226743801652891,1.1350265079365078,1.4627145454545454,1.6024330952380952
2008.50494,0.09371729508196722,1.106684251968504,1.4605872950819674,1.600195590551181
2008.50768,0.07298560975609755,1.0652321875,1.4583654471544716,1.597946015625
2008.51042,0.07294774193548387,1.0228820930232558,1.4562114516129032,1.5956904651162789
2008.51316,0.057442879999999995,0.980646923076923,1.4541952,1.5936433846153846
2008.5159,0.0498079365079365,0.9425700763358779,1.452092777777778,1.5913976335877864
2008.51864,0.029045748031496055,0.91186,1.4499530708661417,1.589049015151515
2008.52138,-0.0001688281250000062,0.8936136090225564,1.447761484375,1.5867357142857144
2008.52412,-0.017018992248062022,0.8564026119402985,1.4461272093023256,1.5850694029850747
2008.52686,-0.03175938461538463,0.8398485185185186,1.4486416923076924,1.588881851851852
2008.5296,-0.04446122137404581,0.8175911764705883,1.4466391603053435,1.5867149264705882
2008.53234,-0.06360280303030304,0.7890546715328468,1.4448173484848486,1.584733503649635
2008.53508,-0.07648962406015038,0.7614481884057972,1.4428363909774438,1.582644420289855
2008.53782,-0.09140373134328358,0.7370609352517986,1.4409442537313433,1.5806016546762591
2008.54056,-0.10038148148148149,0.7006738571428571,1.4391977777777778,1.5788462142857143
2008.5433,-0.10988477941176471,0.6802941134751773,1.4373163970588236,1.5768540425531916
2008.54604,-0.12392401459854015,0.6610975352112676,1.435665401459854,1.575213309859155
2008.54878,-0.12923384057971016,0.6390593006993007,1.4339807971014493,1.5735165734265735
2008.55152,-0.1337079856115108,0.6029677083333334,1.432163309352518,1.5716185416666668
2008.55426,-0.1498782142857143,0.5750033793103448,1.4305845000000001,1.5697466896551724
2008.557,-0.1562760283687943,0.5542321232876712,1.428936524822695,1.5679623972602739
2008.55974,-0.15988950704225352,0.534132925170068,1.427409647887324,1.5663508843537415
2008.56248,-0.16706384615384615,0.5109219594594595,1.4257236363636363,1.5644813513513514
2008.56522,-0.18130819444444446,0.4867557718120806,1.4240127777777778,1.562596510067114
2008.56796,-0.19340034482758622,0.4632334666666667,1.4223049655172413,1.560792
2008.5707,-0.19426835616438357,0.4526534437086093,1.4207157534246575,1.5590513245033113
2008.57344,-0.20275993197278913,0.4293854605263158,1.4193304761904761,1.557818947368421
2008.57618,-0.20864635135135137,0.40662594771241833,1.4178432432432433,1.556391045751634
2008.57892,-0.23342308724832214,0.37424805194805194,1.4164225503355705,1.555055064935065
2008.58166,-0.24089233333333335,0.3460638064516129,1.414723,1.5533574193548387
2008.5844,-0.2599740397350993,0.30956301282051285,1.4131314569536424,1.5515657051282052
2008.58714,-0.3073988235294118,0.2591586075949367,1.4171934640522876,1.5545927215189874
2008.59536,-0.3205646753246753,0.2345221383647799,1.4156490909090909,1.5529359748427674
2008.5981,-0.3340472903225806,0.2057389375,1.4141566451612904,1.551427
2008.60084,-0.3425585256410256,0.1759049689440994,1.4129888461538462,1.5502594409937889
2008.60358,-0.35532707006369424,0.1466630864197531,1.4121457324840765,1.5495012962962962
2008.60632,-0.36869620253164553,0.12533987730061352,1.4108986075949366,1.5482120245398774
2008.60906,-0.37554779874213834,0.09936957317073171,1.4096172327044025,1.5468788414634147
2008.6118,-0.3864725,0.07660666666666667,1.4082525625,1.5455024848484848
2008.61454,-0.39748155279503106,0.05210144578313254,1.406917204968944,1.5440973493975902
2008.61728,-0.40288820987654317,0.03051994011976048,1.406205,1.5433537125748502
2008.62002,-0.40815754601226995,0.013679047619047625,1.4048620245398773,1.5419825595238095
2008.62276,-0.4195850609756097,-0.004996804733727804,1.40370493902439,1.5407389940828402
2008.6255,-0.42942175757575757,-0.02306882352941176,1.4024656363636365,1.5394835294117646
2008.62824,-0.44337759036144575,-0.04470005847953216,1.401295060240964,1.538273567251462
2008.63098,-0.4634740718562874,-0.06839209302325581,1.400364371257485,1.537279011627907
2008.63372,-0.47640529761904765,-0.09296485549132949,1.3991433928571428,1.5360870520231216
2008.63646,-0.471967100591716,-0.12074224137931033,1.3980191124260355,1.5349217816091953
2008.6392,-0.4834659411764706,-0.14748640000000002,1.397077411764706,1.5338859999999999
2008.64194,-0.48677432748538013,-0.15717522727272726,1.395879707602339,1.5326267045454545
2008.64468,-0.48998860465116284,-0.17149322033898307,1.394719011627907,1.531462429378531
2008.64742,-0.4880064739884393,-0.18959848314606742,1.3936979768786126,1.530273202247191
2008.65016,-0.49590000000000006,-0.2054440223463687,1.3926601149425286,1.5291855865921788
2008.6529,-0.49273434285714285,-0.21614544444444445,1.391628457142857,1.5280807777777776
2008.65564,-0.4997661931818182,-0.2339702762430939,1.3907044318181818,1.5270131491712708
2008.65838,-0.5125119209039548,-0.2601637912087912,1.3899198305084746,1.5262715934065934
2008.66112,-0.5174876404494383,-0.2793811475409836,1.3889544382022472,1.5251514207650274
2008.66386,-0.5185610055865921,-0.2913175543478261,1.388044189944134,1.5242398369565218
2008.6666,-0.5235082777777778,-0.3088911891891892,1.3872157222222221,1.523228216216216
2008.66934,-0.5199224309392265,-0.32749483870967744,1.38638,1.5222194086021505
2008.67208,-0.5184827472527472,-0.33723508021390375,1.3854552747252749,1.5211610160427806
2008.67482,-0.5232960655737705,-0.34760436170212766,1.3845786338797814,1.5200898404255319
2008.67756,-0.5375908108108108,-0.35453473684210524,1.3882466486486487,1.523413842105263
2008.69126,-0.5430547849462366,-0.3600352879581152,1.3873317741935483,1.5224974869109946
2008.694,-0.542163101604278,-0.3690240625,1.3866124598930483,1.5215828125
2008.69674,-0.5492938297872341,-0.3785453367875648,1.3857106914893618,1.5205410880829016
2008.69948,-0.5583884126984127,-0.3813846391752577,1.3848973015873016,1.519607113402062
2008.70222,-0.5643263157894737,-0.39030123076923073,1.384076789473684,1.518682717948718
2008.70496,-0.5749583769633507,-0.3981154081632653,1.3832804712041884,1.5177601020408162
2008.7077,-0.5797317708333333,-0.4070773096446701,1.3823631770833333,1.5167283756345176
2008.71044,-0.5821418134715026,-0.4168009595959596,1.3815170984455958,1.5156842424242425
2008.71318,-0.5793591237113401,-0.43177733668341706,1.38091,1.5150403015075378
2008.71592,-0.5818430769230769,-0.4395977,1.3800800512820512,1.5141656499999998
2008.71866,-0.5889160714285714,-0.44870213930348263,1.379121836734694,1.5131236318407961
2008.7214,-0.5959076262626263,-0.4655480295566502,1.3788789393939394,1.5127022660098521
2008.72688,-0.5916030653266332,-0.45655735294117644,1.3839324623115579,1.518155931372549
2008.72962,-0.59084435,-0.462016,1.3829443499999998,1.517092731707317
2008.73236,-0.5864983084577114,-0.47087669902912627,1.3820599004975125,1.5161714563106796
2008.7351,-0.5834152475247525,-0.47534140096618355,1.3812825247524751,1.5152554106280194
2008.73784,-0.5871597549019608,-0.49136861244019137,1.3793904901960785,1.5132911483253588
2008.74332,-0.5909561463414634,-0.49335757142857145,1.3784777073170733,1.5123122857142857
2008.7488,-0.5897080582524272,-0.49371033175355455,1.3775111165048544,1.5113141706161137
2008.75154,-0.6002829326923077,-0.49062774647887325,1.375639230769231,1.5093637089201877
2008.75428,-0.595086028708134,-0.4928726168224299,1.3747713397129186,1.5084391121495326
2008.75702,-0.5921216190476191,-0.4891698604651163,1.3739022857142857,1.5075686046511627
2008.7625,-0.596513962264151,-0.48429184331797237,1.3731767452830188,1.5067988479262673
2008.76524,-0.5839990610328639,-0.49116211009174315,1.3723274178403757,1.506092889908257
2008.76798,-0.5867666822429907,-0.5027356164383562,1.3715463084112152,1.5053040182648403
2008.77072,-0.5841384186046511,-0.5024799999999999,1.3706524186046511,1.5043135909090908
2008.77346,-0.5856429629629629,-0.5005151583710408,1.3697024537037037,1.5032776018099547
2008.7762,-0.583753133640553,-0.5037515765765765,1.3687475115207375,1.5022305855855855
2008.78168,-0.582839406392694,-0.5076254464285714,1.3669363470319635,1.5002755357142856
2008.78442,-0.5828120909090909,-0.5114770222222222,1.366088227272727,1.4993260888888889
2008.78716,-0.5809634389140271,-0.5136385398230088,1.3653017194570134,1.4985849115044247
2008.7899,-0.5806828828828828,-0.5136477092511013,1.364598288288288,1.4980128193832598
2008.79264,-0.5754560986547085,-0.5196381578947369,1.3641593721973093,1.497564605263158
2008.79538,-0.573416294642857,-0.5300861135371179,1.3633520982142857,1.4967849781659388
2008.79812,-0.5729985777777777,-0.5178273913043479,1.3645242222222222,1.4979433913043478
2008.8036,-0.5590781938325992,-0.5194658620689655,1.3682894273127753,1.501304396551724
2008.80634,-0.553548201754386,-0.5151385407725322,1.3673737280701754,1.500350815450644
2008.80908,-0.5461469868995633,-0.5188556410256411,1.3665266812227075,1.4994182905982907
2008.81182,-0.5441728695652174,-0.5229953617021277,1.3659200869565218,1.4988236595744682
2008.81456,-0.5425250216450216,-0.5269082203389831,1.3650952813852815,1.4979055084745763
2008.8173,-0.5387597413793104,-0.5228503797468355,1.364328922413793,1.4971348523206751
2008.82004,-0.535384721030043,-0.5173339075630252,1.3634669098712446,1.4961872268907563
2008.82278,-0.5318480769230769,-0.5134901255230125,1.3629007264957265,1.4957200418410042
2008.82552,-0.5291305531914894,-0.5161273333333333,1.3621915319148936,1.4950465416666667
2008.82826,-0.5267344915254237,-0.5153764315352697,1.3614210169491525,1.4942005809128631
2008.831,-0.5194659493670886,-0.5073042561983471,1.3606360759493672,1.4933460743801652
2008.83374,-0.5065333613445379,-0.5069764609053498,1.359795168067227,1.492483086419753
2008.83648,-0.4958071548117155,-0.49984303278688524,1.3594223430962344,1.4920807377049181
2008.83922,-0.4890553333333333,-0.501697306122449,1.3587548333333332,1.491257632653061
2008.84196,-0.4792824481327801,-0.501494837398374,1.3579651452282158,1.4904075609756098
2008.8447,-0.47088962809917356,-0.4976128340080972,1.3571860743801654,1.489549109311741
2008.84744,-0.4642672427983539,-0.49449495967741935,1.3563766666666668,1.4886763306451614
2008.85018,-0.4656148360655738,-0.4827866666666667,1.355626762295082,1.4878801204819276
2008.85292,-0.4770837551020408,-0.473087,1.354895142857143,1.4870902799999999
2008.85566,-0.47953036585365855,-0.4684676892430279,1.3541977235772358,1.4863517131474102
2008.8584,-0.47311672064777327,-0.4631934523809524,1.3535220242914978,1.4856070634920635
2008.86114,-0.46905891129032257,-0.459220790513834,1.3528157661290323,1.4847998418972332
2008.86388,-0.45734465863453816,-0.4547705511811023,1.3548182730923695,1.486811850393701
2008.86662,-0.45268184,-0.45377772549019607,1.35411644,1.4860357647058824
2008.86936,-0.4534203984063745,-0.45731902343749997,1.3534597609561752,1.485236328125
2008.8721,-0.4476825793650794,-0.452827859922179,1.3527373809523808,1.4844489883268484
2008.87484,-0.4451179841897233,-0.450083488372093,1.352334624505929,1.4840646124031007
2008.88032,-0.4299107058823529,-0.4555063076923077,1.3515969411764706,1.483186
2008.88306,-0.4165094921875,-0.44996440613026817,1.3508892578125,1.4824416475095785
2008.8858,-0.402568326848249,-0.44397530534351143,1.3502527237354085,1.4817058396946565
2008.88854,-0.3886283333333333,-0.44400798479087455,1.349740426356589,1.481070114068441
2008.89128,-0.3784655984555984,-0.4437553409090909,1.3492205791505791,1.4804677272727274
2008.89402,-0.37035584615384615,-0.4458923773584906,1.3487009230769231,1.4799067924528302
2008.89676,-0.3616009578544061,-0.4424070676691729,1.3480939463601533,1.4792651879699248
2008.8995,-0.35466645038167943,-0.4376735205992509,1.3474196183206106,1.4784874157303372
2008.90224,-0.3467020912547528,-0.433417947761194,1.3471127756653993,1.4782351492537313
2008.90772,-0.34003098113207547,-0.4386980740740741,1.350982679245283,1.4813945925925927
2008.91046,-0.3225063157894737,-0.4251439483394834,1.350412142857143,1.4807148708487086
2008.9132,-0.32364644194756553,-0.4175893382352941,1.3497900749063672,1.480015257352941
2008.91594,-0.3199213432835821,-0.4124810256410256,1.3491059701492538,1.4792683516483516
2008.91868,-0.32868278810408924,-0.4052193065693431,1.3484712639405203,1.478543394160584
2008.92142,-0.32274018518518516,-0.39867854545454545,1.3478485925925927,1.4778127636363636
2008.92416,-0.317359594095941,-0.3898618115942029,1.3472635055350553,1.4771501449275362
2008.9269,-0.31296132352941175,-0.37193090252707584,1.3466535294117647,1.476448844765343
2008.92964,-0.31514630036630037,-0.3549374460431655,1.3460771062271062,1.4757661151079138
2008.93238,-0.311495802919708,-0.34717605734767026,1.3455193795620437,1.4751233691756271
2008.93512,-0.3019751272727273,-0.3432441428571429,1.3449909818181818,1.4745094285714286
2008.93786,-0.29568804347826083,-0.33879128113879003,1.3443656884057973,1.4738462633451956
2008.9406,-0.28970057761732854,-0.32512794326241135,1.3436624909747292,1.473153085106383
2008.94334,-0.2902581654676259,-0.31654388692579505,1.3475244604316547,1.4774635335689046
2008.94882,-0.27083575000000004,-0.29566200000000004,1.3493511071428572,1.4789351929824561
2008.95156,-0.2655690747330961,-0.2877006993006993,1.348696690391459,1.4782628671328673
2008.9543,-0.2593163475177305,-0.27411101045296166,1.3480609929078016,1.477608362369338
2008.95704,-0.25218,-0.2603544097222222,1.347394734982332,1.476947951388889
2008.95978,-0.2465460915492958,-0.25218346020761245,1.3467436267605635,1.4763259515570935
2008.96252,-0.24061989473684214,-0.24201282758620687,1.346044842105263,1.4756745172413792
2008.96526,-0.23485552447552446,-0.23659505154639174,1.345468986013986,1.4751853608247423
2008.968,-0.22866588850174216,-0.2274498287671233,1.3447172473867597,1.4744726712328766
2008.97074,-0.2189201388888889,-0.21984402730375427,1.343987986111111,1.4737648464163824
2008.97348,-0.21410826989619378,-0.20865299319727892,1.3432362975778547,1.4730131632653063
2008.97622,-0.2132344827586207,-0.19798101694915254,1.3425103103448275,1.4723150847457627
2008.97896,-0.21401079037800688,-0.18777219594594596,1.3417449828178694,1.4715530405405406
2008.9817,-0.21160174657534245,-0.18250333333333335,1.340984897260274,1.4707936026936026
2008.98444,-0.21649313993174063,-0.17741610738255031,1.3407687030716724,1.4707592953020134
2008.98992,-0.20661227118644068,-0.15649059999999998,1.3433155254237288,1.4734192333333334
2008.99266,-0.20371925675675676,-0.15174777408637874,1.3425972972972973,1.4726786710963455
2008.9954,-0.20100875420875422,-0.15544278145695364,1.341860505050505,1.4719255629139074
2008.99814,-0.1971064765100671,-0.15391785478547854,1.3411653020134229,1.471232112211221
2009.00362,-0.19157762541806023,-0.1430723355263158,1.3404315719063544,1.4704936842105263
2009.00636,-0.18503706666666667,-0.14120859016393442,1.3396994333333334,1.469708262295082
2009.0091,-0.18390691029900333,-0.14375166666666667,1.3390480066445183,1.469004248366013
2009.01184,-0.17986172185430466,-0.14738153094462542,1.3383515894039735,1.4682704885993487
2009.01458,-0.1792010891089109,-0.14937983766233764,1.337630297029703,1.4675390584415584
2009.01732,-0.18584884868421053,-0.1604097087378641,1.3369757894736842,1.46683427184466
2009.02006,-0.1839265573770492,-0.15566435483870966,1.3365306229508196,1.466369612903226
2009.0228,-0.17631885620915033,-0.15296479099678456,1.3360267320261439,1.465791736334405
2009.02554,-0.16420511400651466,-0.14788429487179486,1.3354485016286646,1.4651379487179488
2009.02828,-0.15679811688311687,-0.14184507987220446,1.33501262987013,1.4646158146964856
2009.03102,-0.1524015210355987,-0.13507595541401274,1.334483203883495,1.464017898089172
2009.03376,-0.14479919354838708,-0.13251088888888887,1.3339763870967742,1.4634333333333334
2009.0365,-0.13721176848874597,-0.1240118987341772,1.3334856270096462,1.4628548417721519
2009.03924,-0.13043714743589743,-0.11628495268138801,1.333392532051282,1.4625863722397476
2009.04198,-0.1254164536741214,-0.11045487421383646,1.33289089456869,1.461997610062893
2009.04472,-0.12057878980891719,-0.10931257053291535,1.332411433121019,1.4614550156739812
2009.04746,-0.11351295238095238,-0.1026548125,1.3319350158730159,1.460922875
2009.0502,-0.10848677215189872,-0.09632429906542056,1.3314458860759493,1.4603354205607477
2009.05294,-0.10092583596214512,-0.09194844720496893,1.3309661198738172,1.4597562732919254
2009.05568,-0.09453959119496855,-0.08562368421052631,1.3304706289308175,1.4591643962848297
2009.05842,-0.08712275862068965,-0.07953172839506172,1.3300653918495298,1.4587039814814815
2009.06116,-0.07913471875,-0.06849175384615384,1.3295944375,1.458172276923077
2009.0639,-0.07552489096573207,-0.06046963190184048,1.3291387850467289,1.4576115030674848
2009.06664,-0.07219354037267081,-0.05077415902140672,1.3286859627329193,1.4571232415902142
2009.06938,-0.06807291021671827,-0.04322841463414633,1.3282390092879257,1.4565667987804878
2009.07212,-0.06567657407407407,-0.040545410334346506,1.3277948148148147,1.4560251671732523
2009.07486,-0.06287781538461538,-0.03632942424242424,1.327362523076923,1.455477696969697
2009.0776,-0.05682147239263803,-0.033932688821752266,1.3269207055214725,1.4549312688821752
2009.08034,-0.0519577370030581,-0.031006265060240963,1.3277900611620794,1.4559119879518072
2009.08582,-0.0467140243902439,-0.023560060060060055,1.3277067682926829,1.4556410810810811
2009.08856,-0.042390334346504556,-0.014450568862275442,1.3272256838905774,1.455065239520958
2009.0913,-0.038985060606060606,-0.007705164179104473,1.3267655757575758,1.4545198208955223
2009.09404,-0.03303365558912386,-0.003136071428571424,1.3263292447129909,1.4539664285714284
2009.09678,-0.03131819277108434,0.003385905044510391,1.3258656325301204,1.4534006824925816
2009.09952,-0.0308936036036036,0.01271322485207101,1.3254375975975976,1.4528628106508876
2009.10226,-0.031140479041916167,0.01599808259587021,1.3250002395209581,1.4522725663716813
2009.105,-0.029939492537313428,0.025043705882352947,1.324606985074627,1.4517544411764707
2009.10774,-0.0262885119047619,0.02632741935483871,1.3242012797619047,1.451223900293255
2009.11048,-0.023043234421364984,0.028817807017543863,1.3237773887240356,1.4506590350877193
2009.11322,-0.020108372781065087,0.037017463556851316,1.3234176627218937,1.450161137026239
2009.11596,-0.019410383480825955,0.04329517441860466,1.323004424778761,1.4496048546511628
2009.1187,-0.015708941176470585,0.05255750724637681,1.3226023823529411,1.4490648695652173
2009.12144,-0.009877947214076244,0.058891329479768786,1.3222580058651026,1.4485998265895954
2009.12418,-0.002123391812865494,0.06615181556195965,1.3219156432748538,1.4481114121037464
2009.12692,0.0003078717201166207,0.07343175287356321,1.3215144897959183,1.4475825574712644
2009.12966,0.004235406976744189,0.08627813753581662,1.3211589825581393,1.4471343839541546
2009.1324,0.003391101449275365,0.09124042857142858,1.3207105507246377,1.4465898285714287
2009.13514,0.0051949421965317944,0.09562814814814816,1.320350809248555,1.4460891168091168
2009.13788,0.007249423631123921,0.10079565340909093,1.3199731123919307,1.4455677272727272
2009.14062,0.010494885057471266,0.10578161473087819,1.3195718965517242,1.4450300849858357
2009.14336,0.012809340974212036,0.11645762711864406,1.3191161031518623,1.4444444632768363
2009.1461,0.020832228571428572,0.12522915492957748,1.3187309714285713,1.443946957746479
2009.14884,0.020830968660968664,0.13735941011235955,1.3186846153846152,1.4438223314606742
2009.15158,0.02608133522727273,0.13978378151260504,1.318387528409091,1.4433546778711484
2009.15432,0.02359818696883853,0.1507427932960894,1.3180218130311616,1.4428454469273744
2009.15706,0.025034661016949154,0.16134621169916435,1.3176469491525424,1.4423201949860724
2009.16528,0.033191830985915494,0.1728345,1.3173944225352112,1.44189825
2009.16802,0.036051966292134835,0.18400775623268698,1.3171656460674157,1.4415161772853184
2009.17076,0.04042988795518207,0.19826088397790056,1.3168380392156862,1.44100726519337
2009.1735,0.03928525139664805,0.2070479614325069,1.3165482960893855,1.4405737465564739
2009.17624,0.043342562674094705,0.21405046703296704,1.316774512534819,1.4404714835164836
2009.17898,0.04434352777777778,0.22077745205479452,1.316423138888889,1.439986109589041
2009.18172,0.04645950138504155,0.2281841256830601,1.3161562049861495,1.439548661202186
2009.18446,0.04923955801104972,0.23451307901907356,1.3157508839779006,1.4389864032697548
2009.1872,0.05237225895316805,0.2423354891304348,1.3153860881542698,1.4385008423913042
2009.18994,0.05310469780219781,0.24674764227642276,1.31585239010989,1.4388870731707317
2009.19268,0.05471142465753425,0.25557986486486484,1.3154920273972601,1.4383982972972973
2009.19542,0.05295027322404371,0.2635188140161725,1.3151472131147541,1.437908113207547
2009.19816,0.050015967302452315,0.2673949462365592,1.315339863760218,1.4379224731182796
2009.20364,0.05183872282608696,0.2739988471849866,1.3150404891304348,1.437432144772118
2009.20638,0.054328102981029816,0.28122866310160427,1.3146835501355012,1.4369686096256684
2009.20912,0.05385424324324324,0.28624725333333334,1.314739054054054,1.4368869866666667
2009.21186,0.055494986522911044,0.2891946010638298,1.3143848517520216,1.436431356382979
2009.2146,0.05478435483870968,0.29181135278514586,1.3140565860215054,1.4359861273209549
2009.21734,0.059703726541554966,0.29831439153439154,1.3136901340482574,1.4355213492063492
2009.22008,0.06111171122994652,0.2982376253298153,1.3174133689839573,1.4396159630606862
2009.22282,0.05969237333333333,0.3069277105263158,1.3170584533333334,1.4391222894736844
2009.22556,0.06231401595744681,0.31336813648293965,1.316700159574468,1.4386608398950131
2009.2283,0.06581984084880636,0.3107650261780105,1.3163332360742706,1.4381880104712044
2009.23104,0.06566695767195767,0.31092898172323763,1.3167613756613756,1.4384312010443863
2009.23652,0.06256328947368421,0.31496194805194805,1.3197818421052632,1.4422264415584414
2009.23926,0.06350485564304462,0.3212211139896373,1.3194341207349083,1.4417882901554402
2009.242,0.055325183246073294,0.3215751937984496,1.319088219895288,1.4413737984496122
2009.24474,0.05237250652741514,0.3235131701030928,1.3187078328981723,1.4409420360824743
2009.24748,0.04996794270833333,0.3263801285347044,1.3183578645833334,1.4405105655526993
2009.25022,0.049231896103896104,0.3283484358974359,1.3180767792207793,1.4401662564102564
2009.25296,0.04898818652849741,0.33567560102301786,1.3178125647668395,1.4398525831202045
2009.2557,0.052034056847545224,0.34019816326530616,1.3174907235142117,1.439438724489796
2009.25844,0.05343167525773196,0.34192483460559797,1.3171091237113401,1.4389867430025445
2009.26118,0.055222030848329044,0.34318906091370555,1.3167728791773778,1.438586725888325
2009.26392,0.05671751282051282,0.3430753924050633,1.3163900000000002,1.438158253164557
2009.26666,0.056759232736572886,0.3439679797979798,1.3160522250639386,1.4377794696969697
2009.2694,0.0558940306122449,0.3453101259445844,1.3157085969387756,1.4373779345088162
2009.27214,0.055299338422391854,0.345663743718593,1.3153616539440205,1.4369916582914573
2009.27488,0.05450352791878173,0.34464030075187974,1.315003883248731,1.4366035588972432
2009.27762,0.05536635443037975,0.3452326,1.3146931645569622,1.4362437499999998
2009.28036,0.05821616161616162,0.34609189526184536,1.314426616161616,1.4359570573566083
2009.2831,0.06365760705289672,0.3476266666666667,1.314111410579345,1.4356418407960199
2009.28584,0.06499273869346733,0.35077975186104215,1.3137927889447236,1.4352721339950372
2009.28858,0.06391659147869674,0.3558188613861386,1.3134210275689222,1.4348651237623762
2009.29132,0.064687275,0.35594975308641974,1.313113175,1.434553086419753
2009.29406,0.06546483790523691,0.3556558128078818,1.3144779052369078,1.4361766748768472
2009.2968,0.06342437810945274,0.35463515970515974,1.3143467661691541,1.436020171990172
2009.29954,0.06148017369727048,0.3560321323529412,1.3140019602977666,1.4356614460784314
2009.30228,0.060680668316831686,0.356320195599022,1.3136416584158417,1.4352823960880194
2009.30502,0.05627911111111111,0.3568342926829269,1.3132855802469137,1.4349051951219514
2009.30776,0.05454105911330049,0.35342681265206816,1.3129043596059113,1.4345353284671534
2009.3105,0.05140508599508599,0.3544199757281553,1.312527469287469,1.4341581067961167
2009.31324,0.05210205882352941,0.35510629539951577,1.3121524264705884,1.4337973123486683
2009.31598,0.05712953545232274,0.36585512077294685,1.3135777750611246,1.4353968115942028
2009.31872,0.05913634146341463,0.3679889156626506,1.3131995609756097,1.435025686746988
2009.32146,0.056499732360097324,0.36971882211538465,1.3128618491484185,1.4346726442307691
2009.3242,0.05684575242718446,0.37323959232613907,1.312576359223301,1.4343429496402877
2009.32694,0.0551527602905569,0.3754403110047847,1.3122802421307505,1.4340220334928229
2009.32968,0.05640893719806764,0.3740821957040573,1.3119256038647342,1.4336721241050119
2009.33242,0.05463633734939759,0.3705264047619048,1.3115654939759036,1.4333220714285715
2009.33516,0.05259,0.36814486935866986,1.3112572355769232,1.4330309026128267
2009.3379,0.05376107913669065,0.36523732227488154,1.3109004556354915,1.432678672985782
2009.34064,0.05076523923444976,0.3608996690307329,1.3105976315789472,1.4324100000000002
2009.34338,0.05162517899761337,0.36181893867924525,1.3102417661097852,1.43206445754717
2009.34612,0.047420476190476187,0.366238,1.3098923333333332,1.4317045882352941
2009.34886,0.045735914489311164,0.36358525821596244,1.309520973871734,1.4313428873239438
2009.3516,0.04465784360189574,0.36436007025761125,1.3091537203791468,1.4309740515222484
2009.35434,0.042690260047281325,0.36590754672897197,1.3087858628841607,1.4306139953271026
2009.35708,0.045877169811320756,0.3661337296037296,1.308454858490566,1.4302749184149184
2009.35982,0.04640571764705882,0.36986874418604654,1.308158117647059,1.4299584186046512
2009.36256,0.04700122065727699,0.36884225058004644,1.3077998356807512,1.4295979814385151
2009.3653,0.04681306791569087,0.36771229166666664,1.307482763466042,1.4292897453703703
2009.36804,0.04658740654205607,0.3680523556581986,1.3071184579439252,1.4289377367205542
2009.37078,0.047504009324009326,0.36447437788018433,1.3067905594405596,1.4286150921658987
2009.37352,0.04672927906976744,0.36330422988505745,1.3064757441860466,1.4282974022988504
2009.37626,0.04479243619489559,0.3650276605504587,1.306127842227378,1.427963899082569
2009.379,0.048289490740740744,0.3568559038901602,1.305914837962963,1.4277714645308925
2009.38174,0.05155233256351039,0.3466375799086758,1.3056523787528869,1.4275025570776256
2009.38448,0.05057564516129032,0.3440290205011389,1.3052927649769586,1.427178291571754
2009.38722,0.052905908045977015,0.3435079090909091,1.3049804367816091,1.4268708863636363
2009.38996,0.05183461009174312,0.3435679591836735,1.3046581651376148,1.4265341496598638
2009.3927,0.049856475972540046,0.34158305429864255,1.3043351029748282,1.4262364027149321
2009.39544,0.05240922374429224,0.3389666139954854,1.3044554794520549,1.4264141534988715
2009.39818,0.0523821867881549,0.3310044144144144,1.3042044419134395,1.4261722972972974
2009.40092,0.04818611363636363,0.32640667415730334,1.3038778409090908,1.4258756853932584
2009.40366,0.04501716553287982,0.3259063452914798,1.3035392063492062,1.4255500224215245
2009.4064,0.04026432126696833,0.32559451901565994,1.3031841402714932,1.4252022371364652
2009.40914,0.03844392776523702,0.32378017857142855,1.3028665237020314,1.424904732142857
2009.41188,0.04039427927927928,0.31544663697104675,1.3025794144144145,1.4246521603563473
2009.41462,0.03965849438202247,0.3106196,1.3023962247191012,1.424432488888889
2009.41736,0.0396537668161435,0.3039143015521064,1.30210033632287,1.4241520399113081
2009.4201,0.039151454138702454,0.302482610619469,1.3017657941834453,1.4238178539823008
2009.42284,0.03848524553571429,0.30192534216335537,1.3014416071428572,1.4235250331125828
2009.42558,0.03987674832962138,0.29083806167400883,1.3011962360801783,1.423288215859031
2009.42832,0.04447222222222222,0.2859011648351648,1.3013490444444444,1.423365186813187
2009.43106,0.04434126385809313,0.2800456798245614,1.3010455432372505,1.4230703289473685
2009.4338,0.04219004424778761,0.2779078555798687,1.300745575221239,1.4227701750547046
2009.43654,0.04260145695364238,0.2738563537117904,1.3004622737306843,1.4224877729257643
2009.43928,0.04113786343612335,0.2743176034858388,1.300169295154185,1.42217871459695
2009.44202,0.04355010989010989,0.26714695652173914,1.2999365054945053,1.421915195652174
2009.44476,0.041639429824561404,0.2585654663774403,1.2996655482456139,1.4216364859002169
2009.4475,0.04585433260393873,0.24995673160173162,1.299419671772429,1.4213932034632035
2009.45024,0.0534778384279476,0.2441287041036717,1.2992355676855896,1.421181857451404
2009.45298,0.05438093681917212,0.23957851293103447,1.2989419607843136,1.4208854310344827
2009.45572,0.05702482608695652,0.2319925376344086,1.2986712173913044,1.4206113333333332
2009.45846,0.06102507592190889,0.22275510729613734,1.2984274837310195,1.4203771888412016
2009.4612,0.06081662337662338,0.2193393790149893,1.298150432900433,1.420090835117773
2009.46394,0.06658654427645788,0.21365886752136753,1.2979088768898488,1.4198813247863247
2009.46668,0.06799230603448275,0.20602869936034116,1.2976790517241379,1.4197128358208955
2009.46942,0.06689219354838709,0.19997410638297872,1.2974053978494624,1.4194361276595746
2009.47216,0.07028300429184549,0.19790329087048833,1.297109484978541,1.4191142462845012
2009.4749,0.07127079229122055,0.19078459745762713,1.2968297002141327,1.4188240466101694
2009.47764,0.07062737179487179,0.1833371247357294,1.29660202991453,1.41857644820296
2009.48038,0.06630136460554371,0.17772120253164558,1.296519275053305,1.4184935021097045
2009.48312,0.06439710638297873,0.17029997894736845,1.2962974680851065,1.4182571578947367
2009.48586,0.062192165605095544,0.16643777310924368,1.2960576220806794,1.4179885924369748
2009.49134,0.07012701902748414,0.15204033472803347,1.2983115010570825,1.4202410669456067
2009.49408,0.06779255274261604,0.1468224217118998,1.2980835864978901,1.420009331941545
2009.49682,0.06568387368421053,0.14196843750000002,1.2979402315789474,1.4198569791666666
2009.49956,0.059410882352941174,0.13767571725571726,1.2976431512605042,1.4195565696465695
2009.5023,0.05373771488469602,0.13232663900414937,1.2976719706498951,1.4195229460580914
2009.50504,0.05219619246861925,0.12330873706004142,1.2974057740585774,1.4192494202898551
2009.50778,0.05294828810020877,0.1166839876033058,1.2971717745302713,1.4190112396694214
2009.51052,0.04878595833333333,0.10961078350515464,1.2970090625,1.4188221649484536
2009.51326,0.04573567567567568,0.10230384773662551,1.2967314553014553,1.4185254320987655
2009.516,0.04391709543568465,0.0969411909650924,1.2964879460580914,1.4182762833675564
2009.51874,0.04041985507246377,0.0909309631147541,1.2962187163561076,1.4179726229508196
2009.52148,0.03923163223140495,0.08357977505112475,1.295960867768595,1.4177164008179959
2009.52422,0.03789280412371134,0.07710810204081632,1.2956897525773197,1.4174304897959182
2009.52696,0.03619440329218107,0.07184252545824849,1.2954769547325102,1.41718099796334
2009.5297,0.02824572895277207,0.07050152439024392,1.2954158726899383,1.4171023780487806
2009.53518,0.023923844580777096,0.05515168016194333,1.2962729652351739,1.418143987854251
2009.53792,0.022883265306122447,0.04964820202020202,1.2963139591836734,1.4181308282828282
2009.54066,0.020561914460285134,0.04567272177419355,1.2962819959266803,1.4180904032258064
2009.5434,0.017765873983739838,0.04330967806841047,1.2960140853658535,1.4177956539235412
2009.54614,0.012045882352941175,0.03594104417670683,1.29631107505071,1.4179480522088355
2009.54888,0.009339210526315788,0.03096855711422846,1.296196923076923,1.4178161923847694
2009.55162,0.005547878787878786,0.024802620000000004,1.2959308080808083,1.41752224
2009.55436,0.0011439516129032243,0.018633852295409186,1.2956557661290322,1.4172054291417164
2009.5571,-0.004446338028169015,0.011530019920318732,1.2954257746478872,1.416945358565737
2009.55984,-0.0052158232931726915,0.0079579125248509,1.2953342369477912,1.416779125248509
2009.56258,-0.005159438877755512,-0.0011252976190476152,1.2951913426853707,1.4165776984126983
2009.56532,-0.004480140000000001,-0.008314613861386135,1.29507086,1.4164083762376238
2009.56806,-0.005221556886227546,-0.015474999999999997,1.2948379241516965,1.416125158102767
2009.5708,-0.010092350597609562,-0.022389684418145955,1.2946513944223106,1.4159098816568048
2009.57354,-0.013312425447316104,-0.03129041338582677,1.2944774552683898,1.4156865551181101
2009.57628,-0.017383670634920634,-0.03950341846758349,1.294284503968254,1.415474459724951
2009.57902,-0.021780217821782178,-0.04725039215686275,1.2940864158415841,1.4152366274509804
2009.58176,-0.026541660079051385,-0.05360254403131115,1.2938694861660078,1.4149938356164384
2009.5845,-0.030932110453648916,-0.06361103515625,1.2936906311637082,1.41475787109375
2009.58724,-0.03450492125984252,-0.07468136452241715,1.2935183267716535,1.4145154970760234
2009.58998,-0.03776198428290766,-0.08007389105058366,1.2933759724950884,1.4143282490272373
2009.59272,-0.037411039215686274,-0.0887692427184466,1.2932283333333334,1.4141578058252429
2009.59546,-0.04443019569471624,-0.09530056201550387,1.29302686888454,1.413903410852713
2009.5982,-0.0448251171875,-0.10708464216634428,1.292830078125,1.413663094777563
2009.60094,-0.047055594541910335,-0.11609301158301158,1.2926146978557507,1.4134091891891891
2009.60368,-0.055169260700389106,-0.12715481695568398,1.2925527237354086,1.4133201734104046
2009.60642,-0.05682895145631068,-0.13435434615384614,1.2924100388349515,1.4131258076923077
2009.60916,-0.05608963178294574,-0.1382570441458733,1.2922313565891472,1.4128931669865643
2009.6119,-0.056653810444874275,-0.1450695785440613,1.2920687234042554,1.412678735632184
2009.61464,-0.05560658301158301,-0.15095118546845124,1.2919373745173746,1.4125068642447418
2009.61738,-0.054149961464354524,-0.15452358778625955,1.2917625433526012,1.4122738740458016
2009.62012,-0.055901692307692305,-0.1614038095238095,1.2916151153846154,1.4120847809523809
2009.62286,-0.05544023032629559,-0.16355587452471482,1.2914396737044145,1.4118735171102663
2009.6256,-0.05668823754789272,-0.16620212523719166,1.2912591954022987,1.4116544781783682
2009.62834,-0.05798583173996176,-0.16701590909090908,1.2911838049713193,1.4115617424242426
2009.63108,-0.05904263358778626,-0.1720340642722117,1.2910120801526717,1.4113583553875235
2009.63382,-0.05816860952380953,-0.1785799811320755,1.2909563619047617,1.4112267547169812
2009.63656,-0.054929904942965777,-0.1818521657250471,1.2908951901140684,1.4111211676082862
2009.6393,-0.05504774193548387,-0.18869804511278196,1.2908022201138518,1.4109551315789473
2009.64204,-0.05988376893939394,-0.19415941838649156,1.290726534090909,1.4108391557223263
2009.64478,-0.06340551984877127,-0.19624404494382022,1.2905817013232515,1.4106361985018727
2009.64752,-0.06481667924528302,-0.20179330841121496,1.290482358490566,1.4104959252336449
2009.65026,-0.06715175141242938,-0.20425235074626866,1.2903628248587569,1.410315447761194
2009.653,-0.06879276315789473,-0.20770735567970205,1.290217612781955,1.4101033891992552
2009.65574,-0.07009258911819888,-0.20966947955390333,1.2900506003752343,1.4098683271375463
2009.65848,-0.07207559925093633,-0.2119429684601113,1.289865617977528,1.4096243599257885
2009.66122,-0.07472115887850467,-0.21641868518518517,1.2896831962616822,1.4094022037037037
2009.66396,-0.07485018656716418,-0.22083301293900184,1.2895366417910448,1.4092031423290203
2009.6667,-0.07398510242085661,-0.22584496309963098,1.289434990689013,1.4090728782287822
2009.66944,-0.07728946096654275,-0.23059858195211785,1.2893207992565054,1.4089125966850828
2009.67218,-0.08283467532467534,-0.2377552205882353,1.2891794063079778,1.4087265992647058
2009.67492,-0.08373235185185186,-0.2423511743119266,1.289010962962963,1.408502605504587
2009.67766,-0.08337426987060999,-0.24837489010989008,1.2889330683918667,1.408334597069597
2009.6804,-0.08251276752767527,-0.2552700914076782,1.2888664391143911,1.4081754478976234
2009.68314,-0.08294988950276243,-0.25892067518248174,1.2887177900552487,1.407979799270073
2009.68588,-0.08439169117647059,-0.26562852459016395,1.2885441360294119,1.4077629143897996
2009.68862,-0.08856477064220183,-0.2713751636363636,1.2883693027522936,1.4075646181818182
2009.69136,-0.09010613553113553,-0.2736576406533575,1.2881805677655678,1.4073356079854809
2009.6941,-0.09234464351005485,-0.2763607427536232,1.2880142961608776,1.4071333514492754
2009.69684,-0.09306846715328466,-0.2783610307414105,1.2878486313868613,1.4069250090415915
2009.70232,-0.10069583636363637,-0.28118663063063065,1.2900081454545453,1.4090920540540541
2009.70506,-0.10268056261343013,-0.28419483812949636,1.289816333938294,1.4088637230215826
2009.7078,-0.10361358695652173,-0.28627617594254934,1.2896360144927537,1.4086416157989228
2009.71054,-0.10481526220614829,-0.2928298745519713,1.2895407233273057,1.4084944982078853
2009.71328,-0.10795740072202166,-0.29534178890876567,1.2894242779783394,1.4083250268336316
2009.71602,-0.11152142342342343,-0.29961392857142854,1.289267099099099,1.4081319464285715
2009.71876,-0.11313994604316548,-0.3015174331550802,1.2891444244604318,1.4079771301247772
2009.7215,-0.11556849192100539,-0.3030649644128114,1.2889651526032315,1.4077451779359431
2009.72424,-0.11612351254480287,-0.3055088454706927,1.2888505734767026,1.4075354351687388
2009.72698,-0.11656640429338103,-0.30939219858156025,1.2887435062611805,1.4073624822695034
2009.72972,-0.11890489285714287,-0.3128418761061947,1.2885535000000001,1.4071368495575223
2009.73246,-0.1212286809269162,-0.31728422261484096,1.2884526559714795,1.4069652120141343
2009.7352,-0.12399336298932384,-0.3210614109347443,1.2883203736654805,1.4067862081128748
2009.73794,-0.12778806394316164,-0.3244357746478873,1.288132131438721,1.4065508450704225
2009.74068,-0.1272402659574468,-0.3291669068541301,1.2879850354609927,1.406390404217926
2009.74342,-0.1284349911504425,-0.3299388771929824,1.287882389380531,1.4062160000000001
2009.74616,-0.13197254416961132,-0.33295814360770576,1.2877187102473497,1.4060211033274956
2009.7489,-0.13339077601410934,-0.33796814685314686,1.2875486067019402,1.405792674825175
2009.75164,-0.1330406866197183,-0.33906493891797557,1.2873965845070423,1.4055808027923211
2009.75438,-0.13133054481546574,-0.3431696515679442,1.28725381370826,1.405373606271777
2009.75712,-0.12894119298245615,-0.34676399999999996,1.2872317192982456,1.4052758086956523
2009.75986,-0.13029649737302976,-0.3480172916666666,1.2870462872154116,1.405043732638889
2009.7626,-0.1315306818181818,-0.35168521663778163,1.286878846153846,1.4048281109185443
2009.76534,-0.13506844677137872,-0.35400956747404844,1.286713734729494,1.4046171453287197
2009.76808,-0.13696571428571427,-0.35710609671848015,1.2866218292682927,1.4045161312607943
2009.77082,-0.1359266956521739,-0.3613604827586207,1.2864629043478262,1.4043025344827584
2009.77356,-0.13539722222222222,-0.36209375215146294,1.2862907465277778,1.4040793115318417
2009.7763,-0.13410084922010398,-0.36268833333333333,1.28611575389948,1.403852972508591
2009.77904,-0.13225193771626298,-0.36640861063464836,1.2863535640138408,1.4040961749571184
2009.78178,-0.1301672366148532,-0.36822744863013696,1.286420811744387,1.4041348630136987
2009.78452,-0.13022589655172415,-0.3658219829059829,1.286951672413793,1.4046470085470084
2009.79274,-0.13144029209621994,-0.371294531516184,1.2882637800687284,1.4058815502555366
2009.79548,-0.13769231560891937,-0.37549362244897955,1.2882132075471697,1.4057287074829932
2009.79822,-0.13719421232876713,-0.3790651103565365,1.2881271061643835,1.4055521052631579
2009.80096,-0.1372728888888889,-0.38270542372881355,1.2880803247863246,1.4054054576271187
2009.8037,-0.1370465699658703,-0.3852923688663282,1.2880387883959046,1.405266937394247
2009.80644,-0.14000744463373083,-0.38650021959459463,1.2880464395229982,1.4051428716216214
2009.80918,-0.14236204081632653,-0.38833426644182123,1.287998350340136,1.4049976559865092
2009.81192,-0.14482140916808148,-0.39021388888888886,1.288031324278438,1.4049340404040402
2009.81466,-0.14600198305084747,-0.3913556806722689,1.2879750169491526,1.4047909243697478
2009.8174,-0.14593225042301183,-0.39132374161073824,1.2879491370558376,1.404635654362416
2009.82014,-0.14464724662162162,-0.39365497487437184,1.2878847635135136,1.4044657788944723
2009.82288,-0.1431733726812816,-0.3950214548494983,1.2877971838111297,1.404280100334448
2009.82562,-0.14108734006734008,-0.39614088480801335,1.2876898316498315,1.404091268781302
2009.82836,-0.14039053781512606,-0.40001281666666666,1.2878197647058822,1.4040875166666666
2009.8311,-0.14093840604026847,-0.4025985690515807,1.287791023489933,1.4039309484193012
2009.83384,-0.1364164824120603,-0.4016935880398671,1.2876858961474036,1.4037498837209301
2009.83658,-0.13492376254180602,-0.4034760862354892,1.2876591304347826,1.403664311774461
2009.83932,-0.1335051919866444,-0.404672798013245,1.287541302170284,1.4034842880794702
2009.84206,-0.13117706666666665,-0.406081652892562,1.2874387666666667,1.4033061157024793
2009.8448,-0.12978252911813645,-0.40640458745874586,1.2874009983361063,1.4031608250825083
2009.84754,-0.12875544850498338,-0.4082004942339374,1.287360049833887,1.4030284184514004
2009.85028,-0.12999285240464345,-0.40940620065789474,1.2872846600331675,1.4028469243421053
2009.85302,-0.12806627483443708,-0.4074909523809524,1.28720130794702,1.402662315270936
2009.85576,-0.12446246280991735,-0.40704713114754093,1.2871494049586776,1.4025153278688525
2009.8585,-0.12021283828382838,-0.4041837315875614,1.287133712871287,1.402390998363339
2009.86124,-0.11773171334431631,-0.3984186111111111,1.2875858154859967,1.4027923692810458
2009.89686,-0.11199170771756979,-0.3955634690553746,1.2892060591133006,1.4041944788273615
2009.8996,-0.10863367213114755,-0.3958905040650406,1.2890764426229508,1.4039813170731705
2009.90234,-0.10665394435351883,-0.396438474025974,1.288943993453355,1.403779853896104
2009.90508,-0.10982517973856208,-0.3910425931928687,1.2888152287581698,1.4036046677471636
2009.90782,-0.11199655791190866,-0.38825923948220065,1.2886771615008157,1.4034105501618124
2009.91056,-0.11188469055374592,-0.38410644588045234,1.2885201465798046,1.403195169628433
2009.9133,-0.11099663414634146,-0.38194082258064516,1.2883797723577235,1.4029999193548388
2009.91604,-0.10872904220779221,-0.38090574879227057,1.2882414772727273,1.4028052979066024
2009.91878,-0.10702863857374392,-0.37715977491961417,1.2881036304700162,1.4026209807073955
2009.92152,-0.10598168284789644,-0.3729149759229535,1.2879774757281555,1.4024686677367577
2009.92426,-0.10401957996768982,-0.3710375480769231,1.2878196445880452,1.4022601442307692
2009.927,-0.10132416129032258,-0.366692128,1.287675129032258,1.402077584
2009.92974,-0.0964835265700483,-0.3655374920127796,1.2875358776167471,1.4018883865814697
2009.93248,-0.0940739389067524,-0.36214052631578947,1.2874146302250804,1.4017286124401913
2009.93522,-0.09068399678972713,-0.356924347133758,1.2872873996789727,1.401558550955414
2009.93796,-0.08856770833333333,-0.34992416534181237,1.2877078525641026,1.401965961844197
2009.94344,-0.084633088,-0.34583955555555557,1.287588496,1.4017745555555556
2009.94618,-0.08065420127795528,-0.341738969889065,1.2875218530351438,1.4016374484944532
2009.94892,-0.0766727432216906,-0.33816993670886075,1.2873825996810209,1.4014555063291139
2009.95166,-0.07377152866242037,-0.331915102685624,1.2872058439490446,1.4012479778830964
2009.9544,-0.07030786963434023,-0.32585151419558356,1.2870233386327505,1.4010268454258676
2009.95714,-0.06561144444444444,-0.31653891338582674,1.2868776507936508,1.4008419842519686
2009.95988,-0.06171664025356576,-0.314113679245283,1.2867607448494451,1.4006790094339623
2009.96262,-0.05758957278481012,-0.3109028885400314,1.2866269303797468,1.4005129984301414
2009.96536,-0.05242883096366508,-0.3048945454545454,1.2865123696682466,1.4003368965517242
2009.9681,-0.051020063091482645,-0.29989835680751176,1.2864310410094637,1.400170766823161
2009.97084,-0.056814818897637794,-0.29221582812499997,1.286329653543307,1.400001625
2009.97358,-0.05658731132075472,-0.2868220748829953,1.2862332704402515,1.3998353666146646
2009.97632,-0.05330938775510204,-0.2826955140186916,1.2861184772370486,1.3996813551401868
2009.97906,-0.050719529780564265,-0.2796575894245723,1.2859962695924765,1.399524307931571
2009.9818,-0.04611339593114241,-0.2774532453416149,1.285886870109546,1.399356055900621
2009.98454,-0.043497328125,-0.27279641860465115,1.285749890625,1.399175488372093
2009.98728,-0.04013502340093604,-0.2669415479876161,1.285635023400936,1.3990047987616099
2009.99002,-0.036869517133956385,-0.26222493044822254,1.2854833956386293,1.3987997217928902
2009.99276,-0.03437222395023328,-0.25730180555555554,1.2853461430793158,1.3986115586419754
2009.9955,-0.030221863354037263,-0.253428906009245,1.2852231832298135,1.398441371340524
2009.99824,-0.02972688372093023,-0.2486536769230769,1.2850852248062015,1.3982543384615385
2010.00372,-0.02607687306501548,-0.24464195084485407,1.28493693498452,1.3980748079877112
2010.00646,-0.020992132921174654,-0.24248723926380367,1.2847798918083464,1.3978715797546013
2010.0092,-0.014385154320987656,-0.23846583460949464,1.2846631635802468,1.397718560490046
2010.01194,-0.01317516178736518,-0.23564441896024463,1.2845360862865947,1.3975533333333332
2010.01468,-0.009658784615384617,-0.23128925190839694,1.2843788615384615,1.3973667786259543
2010.01742,-0.007418064516129034,-0.22621525914634147,1.2842465130568357,1.3972129268292683
2010.02016,-0.002132730061349694,-0.22321873668188735,1.2841176226993865,1.3970549619482495
2010.0229,0.002357810107197549,-0.22034034954407294,1.2840271362940276,1.3969112006079027
2010.02564,0.005723868501529051,-0.21706667678300456,1.283891376146789,1.3967393171471927
2010.02838,0.008773664122137403,-0.21444495454545454,1.2837909007633588,1.3965964696969697
2010.03112,0.01095984756097561,-0.21074304084720122,1.283649862804878,1.3964210287443268
2010.03386,0.016797792998477928,-0.20348243202416916,1.2835561035007612,1.3962768277945619
2010.0366,0.022415212765957447,-0.20056914027149322,1.2835742705167172,1.3962159577677224
2010.03934,0.02556576631259484,-0.20054376506024096,1.2834974810318664,1.396149593373494
2010.04208,0.024021272727272728,-0.19635416541353384,1.2833532272727273,1.395967954887218
2010.04482,0.0247742965204236,-0.18981791291291292,1.2832169288956126,1.3957959009009009
2010.04756,0.027935287009063444,-0.1866726836581709,1.2831080362537763,1.395668380809595
2010.0503,0.03265019607843137,-0.1848418862275449,1.2830129411764706,1.3955468862275449
2010.05304,0.035776475903614456,-0.18210286995515695,1.2829540210843373,1.3954595067264575
2010.05578,0.03947315789473684,-0.1775388208955224,1.2828281052631578,1.395278
2010.05852,0.041911846846846845,-0.17258560357675112,1.2826653003003003,1.3950689865871833
2010.06126,0.04415968515742129,-0.16918395833333333,1.282526791604198,1.394896443452381
2010.064,0.047525883233532934,-0.1648975482912333,1.2823768113772456,1.394709881129272
2010.06674,0.05153161434977578,-0.15977035608308607,1.2822614050822123,1.3945651928783382
2010.06948,0.05352476119402985,-0.15351576296296296,1.2821685671641792,1.3944309777777777
2010.07222,0.05670506706408345,-0.14717278106508874,1.2820834128166916,1.3942882544378699
2010.07496,0.06010443452380952,-0.14110075332348596,1.2820162351190476,1.3941392762186113
2010.0777,0.06573674591381873,-0.13792530973451328,1.2818651708766715,1.393940766961652
2010.08044,0.06747189910979227,-0.13434648011782033,1.2817616913946588,1.3937927393225331
2010.08318,0.06942482962962962,-0.1280749705882353,1.282576237037037,1.3946294117647058
2010.08592,0.07148392011834319,-0.12298585903083702,1.2824132692307693,1.3944321585903083
2010.08866,0.07335905465288035,-0.11782626099706746,1.2822991728212703,1.3943105571847507
2010.0914,0.07662772861356933,-0.11535635431918008,1.2821561356932154,1.394119868228404
2010.09414,0.07850764359351987,-0.11114915204678363,1.2820325184094257,1.3939352339181286
2010.09688,0.083027,-0.10584436496350365,1.2819238676470588,1.393767620437956
2010.09962,0.08775859030837004,-0.09986371720116617,1.281754302496329,1.3935719679300291
2010.10236,0.08881291788856305,-0.09514902474526929,1.2816259970674486,1.3934042794759824
2010.1051,0.08993821376281112,-0.08936771802325581,1.281496617862372,1.3932797529069767
2010.10784,0.09133590643274854,-0.08603824383164006,1.2813560087719298,1.3931260957910014
2010.11058,0.09216100729927007,-0.08059630434782608,1.2812781167883212,1.3930339855072464
2010.11332,0.09531981049562684,-0.07572547033285093,1.2811425655976676,1.3928593342981186
2010.11606,0.09906123726346434,-0.06996515895953757,1.2809785152838429,1.3926590751445087
2010.1188,0.10213709302325581,-0.06437695526695526,1.2808452470930234,1.3924800288600288
2010.12154,0.10384490566037735,-0.060653198847262245,1.2807195645863572,1.3922971613832853
2010.12428,0.1082877391304348,-0.05510237410071942,1.2805870579710144,1.3921289064748201
2010.12702,0.1103798986975398,-0.05074672413793103,1.2804908538350217,1.3920130603448275
2010.12976,0.11202608381502889,-0.04484367288378766,1.280361921965318,1.3918640602582495
2010.1325,0.11177369408369409,-0.03860904011461318,1.2802233333333333,1.3917176361031518
2010.13524,0.11313380403458213,-0.0315835765379113,1.2800951585014408,1.3915759513590844
2010.13798,0.11370808633093525,-0.025286399999999997,1.2799445035971222,1.3913894857142857
2010.14072,0.11436487068965517,-0.01989413694721826,1.2797871551724138,1.391190670470756
2010.14346,0.11501342898134864,-0.012793219373219372,1.2796801004304161,1.3910449715099715
2010.1462,0.11547469914040114,-0.006299615931721194,1.2795889971346703,1.3909018349928877
2010.14894,0.11689397711015737,-0.0010954119318181807,1.2794725894134478,1.3907623153409092
2010.15168,0.1188686,0.003556808510638299,1.2793551,1.3906071631205674
2010.15442,0.1204632239657632,0.0067443626062322955,1.2792152924393723,1.3904279320113313
2010.15716,0.12257548433048433,0.010346166902404526,1.2790645584045583,1.3902385572842997
2010.1599,0.12368823613086771,0.015288446327683617,1.2789057894736842,1.3900433333333333
2010.16264,0.12454438920454546,0.019686812411847672,1.2787615625,1.3898635260930887
2010.16538,0.12728970212765955,0.021514000000000002,1.2786402836879434,1.3896842253521127
2010.16812,0.1284005807365439,0.02544891701828411,1.2784757507082154,1.3894948382559775
2010.17086,0.12980756718528996,0.028279044943820223,1.2783327439886847,1.389320786516854
2010.1736,0.1320221186440678,0.034076339410939696,1.2781733192090396,1.389120827489481
2010.17634,0.1317262905500705,0.03861124649859944,1.2780129478138222,1.3889319747899158
2010.17908,0.13246309859154928,0.04152823776223776,1.2778753943661971,1.388772083916084
2010.18182,0.1328484247538678,0.04593743016759776,1.2777312517580872,1.388623156424581
2010.18456,0.13294133426966293,0.04706969316596932,1.2775875140449438,1.3884557322175732
2010.1873,0.1333237166900421,0.049969345403899725,1.2774789901823282,1.3883139415041783
2010.19004,0.13311058823529412,0.05415336578581363,1.2773318347338936,1.3881285674547983
2010.19278,0.13317924475524476,0.05744048611111112,1.2777085314685315,1.3884780416666667
2010.201,0.13298387726638772,0.056506565096952906,1.2802282426778242,1.3918497922437674
2010.20374,0.13213713091922005,0.06014701244813279,1.2800891364902507,1.3916907607192255
2010.20648,0.13115445062586925,0.06357470994475138,1.2799821835883172,1.3915550414364641
2010.20922,0.1285697361111111,0.06582089655172414,1.279823125,1.3913739999999999
2010.21196,0.12740490984743413,0.06965765840220386,1.2797567683772537,1.3912764187327824
2010.2147,0.12714162049861497,0.07102755158184319,1.279591592797784,1.3910921182943605
2010.21744,0.12608731673582296,0.0723569368131868,1.279428243430152,1.390900054945055
2010.22018,0.1240781491712707,0.07553899862825789,1.2792776933701657,1.3907209053497942
2010.22292,0.1249842896551724,0.07490994520547946,1.2791261793103448,1.3905432739726027
2010.22566,0.12370827823691459,0.0751229001367989,1.2790092699724518,1.3904063064295487
2010.2284,0.12370066024759285,0.07656377049180328,1.2788790233837688,1.3902440027322405
2010.23114,0.12398094780219779,0.07808154160982264,1.2787627747252748,1.3900934379263301
2010.23388,0.12380582990397807,0.07924403269754769,1.2786373113854597,1.3899361035422342
2010.23936,0.11948343835616439,0.07824487074829932,1.278525794520548,1.3898017278911565
2010.2421,0.11837065663474691,0.0784580027173913,1.2784458139534884,1.3897577309782607
2010.24484,0.1167965300546448,0.07740409769335142,1.278854275956284,1.3901592401628222
2010.25854,0.1134087994542974,0.07712712737127371,1.2802678990450205,1.391656327913279
2010.26128,0.11316716621253406,0.079592300405954,1.2801682970027248,1.3915356292286873
2010.26402,0.11020179591836733,0.08189440540540541,1.2800514013605442,1.391409162162162
2010.26676,0.10945722826086957,0.08424191632928475,1.2799442663043479,1.3912992847503376
2010.2695,0.10755941655359565,0.08477885444743935,1.2798387652645862,1.3912546361185985
2010.27224,0.10579353658536586,0.08875076716016152,1.2797618021680217,1.391221265141319
2010.27498,0.10653929634641407,0.09191126344086022,1.2796434100135319,1.391084758064516
2010.27772,0.10586625675675676,0.09574281879194631,1.2795293513513513,1.3909647919463086
2010.28046,0.10517151147098516,0.09849607238605898,1.2795294871794871,1.3909440482573727
2010.2832,0.10338911051212937,0.10014993306559572,1.2794145552560647,1.3908770013386882
2010.28594,0.10092184387617767,0.10037858288770053,1.2792919111709287,1.3907930213903745
2010.28868,0.09858697580645161,0.10214502002670227,1.279132244623656,1.3906197997329772
2010.29142,0.09608867114093961,0.10281641333333333,1.2790196375838927,1.3905193200000001
2010.29416,0.09513670241286863,0.10230392809587217,1.2789060053619303,1.3904251264980028
2010.2969,0.09249461847389558,0.1024779920212766,1.278751485943775,1.3902681117021276
2010.29964,0.08853950534759357,0.1045855245683931,1.279174692513369,1.390746401062417
2010.30238,0.08587743658210947,0.10503529177718832,1.2790321495327104,1.390624323607427
2010.30512,0.08534589333333334,0.10499280794701987,1.2789257333333333,1.3905344768211922
2010.30786,0.08324395472703063,0.104793373015873,1.2790562050599201,1.3906808862433861
2010.3106,0.07950607712765957,0.10421566710700132,1.278923630319149,1.3905484412153237
2010.31334,0.0785265604249668,0.10443796833773086,1.278797994687915,1.3904083905013194
2010.31608,0.07685279840848806,0.1043266930171278,1.278637148541114,1.3902320158102766
2010.31882,0.07672859602649007,0.10394761842105264,1.2785464238410595,1.3901462500000001
2010.32156,0.07404067460317461,0.10418617608409987,1.278424417989418,1.3899855190538766
2010.3243,0.06817963011889036,0.10536013123359579,1.278306671070013,1.3898459580052493
2010.32978,0.06820496042216359,0.10586082460732983,1.2781787598944592,1.389556112565445
2010.33252,0.06800198945981555,0.1058082614379085,1.2781924374176548,1.389557411764706
2010.33526,0.06623464473684211,0.10881144908616187,1.2790368421052631,1.3904914360313316
2010.338,0.06479950065703022,0.10874260756192959,1.278907161629435,1.390347222946545
2010.34074,0.06293843832020997,0.10970683593750001,1.278775223097113,1.3901955338541667
2010.34348,0.06185102228047182,0.10940490247074122,1.2786449279161205,1.3900608842652797
2010.34622,0.062090497382198954,0.10933785714285715,1.2785266623036649,1.3899119220779221
2010.34896,0.06374186928104575,0.10864614785992219,1.278429477124183,1.3898063164721142
2010.3517,0.06435964751958224,0.10998634715025907,1.2782781070496083,1.3896522150259067
2010.35444,0.06336384615384616,0.11001169469598965,1.278164667535854,1.3895218887451488
2010.35718,0.061821848958333335,0.10940935400516796,1.2781562239583333,1.3895066795865634
2010.35992,0.059994616384915475,0.10752114838709678,1.2780419505851754,1.3893972774193548
2010.36266,0.05876897402597403,0.10483787371134021,1.2779305584415583,1.3892590592783505
2010.3654,0.057606926070038915,0.10275514800514801,1.277864513618677,1.3891706048906047
2010.36814,0.05624137305699482,0.10401228791773778,1.2777510621761659,1.3890707712082262
2010.37088,0.05403662354463131,0.10404315789473685,1.2775968046571797,1.3889170731707317
2010.37362,0.051775,0.10372684615384616,1.277450645994832,1.3887647307692308
2010.37636,0.05092770322580645,0.10198145966709347,1.2773163870967743,1.3886262740076825
2010.3791,0.04896734536082474,0.09938407928388747,1.277228530927835,1.3885709718670076
2010.38184,0.04879526383526383,0.0981308301404853,1.2771613513513513,1.3885379182630906
2010.38458,0.046648791773778925,0.09734793367346939,1.2770445758354756,1.3884338903061224
2010.38732,0.04617736842105263,0.09643614012738853,1.2769306418485238,1.388339719745223
2010.39006,0.04615275641025641,0.09399264631043257,1.2768259102564103,1.3882352544529262
2010.3928,0.04745289372599232,0.09169672172808131,1.2767354289372599,1.388140622617535
2010.39554,0.046173708439897695,0.09136380710659898,1.27659820971867,1.3880061040609137
2010.39828,0.04641575989782886,0.08952381495564006,1.2764588122605365,1.3878518757921419
2010.40102,0.044054617346938774,0.09016855696202532,1.2763273596938776,1.3877008987341772
2010.40376,0.04141741401273885,0.08829365360303414,1.2762000382165606,1.3875664854614413
2010.4065,0.03843141221374046,0.0872028409090909,1.2760692493638677,1.387427664141414
2010.40924,0.03992005082592122,0.0862803026481715,1.2759564548919948,1.3872986885245902
2010.41198,0.042225444162436544,0.08714,1.2758338705583756,1.3871662468513855
2010.41472,0.03754852978453739,0.08714880503144654,1.2757204055766793,1.387036968553459
2010.41746,0.03847658227848101,0.08609383165829147,1.2756248227848102,1.3869203140703517
2010.4202,0.03583159292035398,0.08517984943538269,1.2754993552465235,1.3867954579673776
2010.42294,0.03736066919191919,0.08611057644110276,1.2753742045454546,1.3866558145363408
2010.42568,0.03658017654476671,0.08462628285356695,1.2752305926860026,1.386513692115144
2010.42842,0.035773400503778335,0.0830672625,1.2751198488664988,1.3864029875
2010.43116,0.03510020125786163,0.08033641697877653,1.2750655849056605,1.3863433083645444
2010.4339,0.03227991206030151,0.0788658229426434,1.274941608040201,1.3862124314214463
2010.43664,0.02978861982434128,0.0787678206724782,1.2748453450439148,1.386114694894147
2010.43938,0.027374473684210525,0.07717162935323384,1.2747231954887217,1.3859834950248755
2010.44212,0.02672177722152691,0.07611139130434783,1.2745901752190238,1.385838596273292
2010.44486,0.025327674999999997,0.07533078163771713,1.274459975,1.3857024565756824
2010.4476,0.02218620474406991,0.07611995043370508,1.2743201747815232,1.3855675960346963
2010.45034,0.018144314214463837,0.07283570544554456,1.2742265336658354,1.3854433168316833
2010.45308,0.013867870485678705,0.0697341779975278,1.274115815691158,1.3853137577255872
2010.45582,0.012359228855721391,0.06722227160493828,1.2741387189054725,1.3853081358024693
2010.45856,0.009489602484472049,0.06622102342786683,1.2740530434782606,1.385192983970407
2010.4613,0.010037233250620347,0.06544422413793104,1.2739909801488833,1.3851040763546798
2010.46404,0.009926232961586122,0.0644790036900369,1.2738823296158612,1.3849876137761379
2010.46678,0.007274121287128713,0.06498697788697788,1.2737923762376238,1.3848760565110565
2010.46952,-0.00017294190358467296,0.06519831901840491,1.2737124598269467,1.3847730920245398
2010.47226,-0.003092271604938272,0.06540577205882353,1.2735971975308642,1.3846436151960784
2010.475,-0.005401960542540074,0.06355671970624235,1.2734699876695437,1.3845052509179925
2010.47774,-0.008502056650246306,0.06384086797066015,1.2734066625615763,1.3844169193154034
2010.48048,-0.011045239852398523,0.0620293894993895,1.2733215129151292,1.3843021489621488
2010.48322,-0.01127433660933661,0.06082142682926829,1.2732072972972974,1.384175719512195
2010.48596,-0.013542662576687115,0.059644725943970765,1.2730738773006134,1.3840413398294762
2010.4887,-0.01828267156862745,0.0552120802919708,1.2729505147058822,1.3838981265206813
2010.49144,-0.018310244798041615,0.05380023086269745,1.2728408200734393,1.383782709599028
2010.49418,-0.021535097799511002,0.048848434466019414,1.2727289731051346,1.3836511286407767
2010.49692,-0.023039536019536018,0.048325915151515145,1.2726125396825396,1.3835207757575758
2010.49966,-0.023011548780487806,0.045429661016949154,1.2730012317073172,1.3838956900726391
2010.5024,-0.024056017052375152,0.041220290205562275,1.272883544457978,1.3837671825876663
2010.51062,-0.026660328467153285,0.039218864734299516,1.2728627615571777,1.3837280917874395
2010.51336,-0.030371834750911302,0.03920086851628468,1.272780510328068,1.383622798552473
2010.5161,-0.031491116504854366,0.03748924096385542,1.2727165291262135,1.383528638554217
2010.51884,-0.031450618181818185,0.03683138387484958,1.2726057818181817,1.383390312876053
2010.52158,-0.03212018159806295,0.03486651442307692,1.2725193341404357,1.3832640865384616
2010.52432,-0.03544281741233374,0.032774609843937576,1.2724186940749698,1.3831300360144059
2010.52706,-0.03528692028985507,0.02864726618705036,1.2724130072463768,1.3831136570743403
2010.5298,-0.036936501809408925,0.02330136526946108,1.2722899879372738,1.3829737844311378
2010.53254,-0.04049587951807229,0.018734114832535887,1.27217921686747,1.3828522607655502
2010.53528,-0.041536967509025274,0.015623715651135005,1.2720711070998796,1.382720238948626
2010.53802,-0.04159530048076923,0.012276420047732696,1.2719608653846153,1.3825777446300715
2010.54076,-0.042536362545018004,0.009053015494636472,1.271867575030012,1.3824338021454112
2010.5435,-0.043858177458033575,0.004603059523809524,1.2717590407673862,1.3823027499999998
2010.54624,-0.046590502994011976,-0.00028546967895362645,1.2716662155688623,1.382183650416171
2010.54898,-0.04793163875598086,-0.004316484560570071,1.2715866746411484,1.3820934441805226
2010.55172,-0.04895347670250896,-0.007412360616844602,1.2716520191158902,1.3821383036773427
2010.55446,-0.05017027446300716,-0.011016007109004739,1.271543066825776,1.3820037559241707
2010.5572,-0.05219994040524434,-0.016935076923076924,1.2714592252681765,1.3818748757396448
2010.55994,-0.05304671428571429,-0.020606997635933808,1.2713874047619047,1.3817498581560284
2010.56268,-0.05337593341260404,-0.024112927981109797,1.271302770511296,1.3816260330578511
2010.56542,-0.0542998812351544,-0.030059575471698113,1.2712218764845604,1.3815255778301887
2010.56816,-0.055038279952550416,-0.031404169611307424,1.2711105456702254,1.3813898822143698
2010.5709,-0.05438444312796208,-0.03626764705882353,1.2710371208530806,1.3812802
2010.57364,-0.05574921893491124,-0.04003361927144536,1.2709861893491126,1.3811840423031727
2010.57638,-0.05556517730496453,-0.045416032863849765,1.2709518085106384,1.3810978286384976
2010.57912,-0.056536741440377805,-0.04887111371629543,1.2708659386068477,1.3809720984759672
2010.58186,-0.05747466981132075,-0.05420187353629976,1.2708001768867923,1.3808590046838407
2010.5846,-0.058311955241460545,-0.05734677192982456,1.270687797408716,1.380713602339181
2010.58734,-0.06285012941176471,-0.060433785046728965,1.2706492588235294,1.380636261682243
2010.59008,-0.0660044535840188,-0.06312007001166861,1.2705699882491186,1.3805336289381565
2010.59282,-0.0684300469483568,-0.06909117715617716,1.2705223591549295,1.3804680885780887
2010.59556,-0.06826552168815944,-0.07406209545983702,1.2705016060961312,1.3804114551804423
2010.5983,-0.06946949648711943,-0.0811966976744186,1.2704716042154565,1.3803391976744186
2010.60104,-0.07072029239766082,-0.08746658536585365,1.270411485380117,1.3802706039488968
2010.60378,-0.07398150700934579,-0.0909478422273782,1.2703178738317757,1.380159373549884
2010.60652,-0.07509551925320887,-0.09341258400927,1.2702627071178532,1.3800571263035921
2010.60926,-0.07641495337995338,-0.09941997685185185,1.2702099883449882,1.3799699305555555
2010.612,-0.07724463329452852,-0.10621739884393064,1.2705537834691503,1.380258936416185
2010.63118,-0.0759041976744186,-0.10731807159353349,1.2717498372093023,1.381585300230947
2010.63392,-0.077550081300813,-0.11361471741637832,1.2716713588850175,1.381468858131488
2010.63666,-0.07942118329466358,-0.11873297235023042,1.271563120649652,1.3813214631336406
2010.6394,-0.08206249130938587,-0.12311532796317606,1.2714666280417148,1.3811865362485616
2010.64214,-0.08402222222222223,-0.1276298275862069,1.2714082870370371,1.381116816091954
2010.64488,-0.08504156069364162,-0.13000856486796786,1.271397132947977,1.3811051664753158
2010.64762,-0.08601859122401846,-0.132359747706422,1.2712759468822172,1.380948497706422
2010.65036,-0.08711958477508651,-0.1371714547537228,1.271272987312572,1.380884467353952
2010.6531,-0.09007912442396314,-0.14192495423340962,1.2712471543778803,1.3808197254004577
2010.65584,-0.09204270425776756,-0.1455290057142857,1.271133417721519,1.3806707999999999
2010.65858,-0.09446318390804598,-0.1485857305936073,1.2710553218390805,1.3805565981735162
2010.66132,-0.09625057405281286,-0.15095446978335234,1.2709409299655567,1.3804091790193844
2010.66406,-0.09715935779816513,-0.1551603416856492,1.270873474770642,1.3803178246013668
2010.6668,-0.10253046964490264,-0.15899799772468715,1.2707868384879724,1.380190705346985
2010.66954,-0.10517811212814646,-0.16189822727272726,1.2706901830663615,1.3800621704545455
2010.67228,-0.10732646857142858,-0.16558841089670828,1.2707185485714285,1.3800091259931895
2010.67502,-0.10919415525114154,-0.17059646258503403,1.2706131278538813,1.379858888888889
2010.67776,-0.11010368301026226,-0.17677635334088337,1.2705305815279362,1.3797234881087204
2010.6805,-0.11116660592255126,-0.18062303167420815,1.2704866742596812,1.3796301244343891
2010.68324,-0.1120534470989761,-0.18496914124293784,1.2703525142207053,1.379461265536723
2010.68598,-0.11341944318181818,-0.1866403724604966,1.2703495113636365,1.379450835214447
2010.68872,-0.1143400227014756,-0.18881704622322434,1.270287922814983,1.3793784667418265
2010.69146,-0.11515253968253968,-0.19092329954954956,1.2701837074829934,1.3792367454954955
2010.6942,-0.11682440543601359,-0.19448233970753656,1.2701269422423556,1.3791351406074241
2010.69694,-0.11901899321266968,-0.19571062921348314,1.2700298755656108,1.3790100786516855
2010.69968,-0.11925655367231638,-0.19687638608305275,1.2699251751412428,1.3788692480359146
2010.70242,-0.1205741986455982,-0.19947646860986545,1.2698263205417606,1.37875067264574
2010.70516,-0.12189837655016911,-0.20374793952967526,1.269761262683202,1.3786281522956325
2010.7079,-0.12237882882882882,-0.20593238255033558,1.2696404504504506,1.3784654809843402
2010.71064,-0.12139636670416197,-0.20936641340782122,1.269612598425197,1.3784015865921788
2010.71338,-0.120793,-0.2130971763392857,1.2695011573033708,1.3782521316964285
2010.71612,-0.11932278338945004,-0.21303004459308808,1.2694356453423121,1.3781584057971015
2010.71886,-0.11918256726457399,-0.2143870489977728,1.2693535874439463,1.3780565033407572
2010.7216,-0.12055948488241881,-0.21996137931034485,1.2705934938409853,1.3793449944382647
2010.72434,-0.12029488814317672,-0.22533227777777778,1.2719250111856824,1.3806691111111111
2010.72708,-0.12004487150837989,-0.22643497225305217,1.2718104916201116,1.380537192008879
2010.72982,-0.12015521205357142,-0.22814022172949,1.2717161718749999,1.3804072283813749
2010.73256,-0.12129150501672241,-0.22981378737541527,1.2716475250836121,1.3803125692137321
2010.7353,-0.12209276169265033,-0.23145237831858406,1.2715226503340757,1.3801756526548672
2010.73804,-0.12261906562847608,-0.23366164640883977,1.2714808676307008,1.3800731491712708
2010.74078,-0.1251191222222222,-0.23564942604856512,1.2714358666666665,1.3799733554083886
2010.74352,-0.12570843507214208,-0.2366964829106946,1.2713160488346282,1.3798189966923926
2010.74626,-0.12677585365853658,-0.23911320484581497,1.2712724390243904,1.3797495594713656
2010.749,-0.12780040974529347,-0.24263103410341036,1.2711684496124032,1.3796231243124313
2010.75174,-0.12767825221238938,-0.2454122857142857,1.271082267699115,1.3795052417582419
2010.75448,-0.12826291712707183,-0.2481180021953897,1.2710237016574586,1.3794289352360043
2010.75722,-0.127445,-0.24953570175438597,1.270948830022075,1.3793131688596492
2010.75996,-0.12681678059536935,-0.2517057721796276,1.2708839691289966,1.379253734939759
2010.7627,-0.12625209251101321,-0.2523576805251641,1.2707536563876651,1.3791120568927788
2010.76544,-0.12557250825082508,-0.252892043715847,1.2706705830583058,1.3789929071038252
2010.76818,-0.12369928571428572,-0.2547721179039301,1.270616065934066,1.3789068886462883
2010.77092,-0.1214947420417124,-0.25547442748091603,1.2705060922063665,1.3787717993456925
2010.77366,-0.12140729166666667,-0.2578415577342048,1.270484528508772,1.3787247603485837
2010.7764,-0.12198320920043812,-0.2593142872687704,1.270391248630887,1.3786040914036997
2010.77914,-0.12124650984682714,-0.2595128913043478,1.2703198905908097,1.3784943260869564
2010.78188,-0.12068019672131149,-0.26141219326818677,1.270246524590164,1.3784060477741586
2010.78462,-0.12058065502183406,-0.26096003253796096,1.270141888646288,1.3782754989154014
2010.78736,-0.120946346782988,-0.26220304442036835,1.2701229989094875,1.378201516793066
2010.7901,-0.11894133986928104,-0.2629322727272727,1.2700479193899783,1.3781016233766235
2010.79284,-0.11905759521218716,-0.2632066810810811,1.2699308705114254,1.377965318918919
2010.79558,-0.11744253260869565,-0.2637350755939525,1.269887456521739,1.3779138660907126
2010.79832,-0.11758823018458198,-0.2621077993527508,1.2697568295331163,1.3777626321467098
2010.80106,-0.11639676789587852,-0.2604535775862069,1.269651247288503,1.3776522844827586
2010.8038,-0.11636111592632718,-0.26065733046286327,1.2695577248104009,1.377534068891281
2010.80654,-0.11638768398268398,-0.2610270322580645,1.269436471861472,1.3773845376344085
2010.80928,-0.1159379027027027,-0.2603312244897959,1.2693466054054054,1.3772725241675619
2010.81202,-0.11475305615550756,-0.25967634120171673,1.2692730129589633,1.377166405579399
2010.81476,-0.11449031283710895,-0.2610182958199357,1.269211359223301,1.377077459807074
2010.8175,-0.11470489224137931,-0.26165367237687365,1.2691177478448277,1.376961295503212
2010.82024,-0.11588717976318622,-0.26090132620320855,1.2689976210979548,1.376816395721925
2010.82298,-0.1147587741935484,-0.2608682692307692,1.2689129784946236,1.376698344017094
2010.82572,-0.11209834586466166,-0.25964397011739593,1.2688103866809881,1.3765604589114195
2010.82846,-0.10954601931330472,-0.25804994669509596,1.2687037553648068,1.3764212686567163
2010.8312,-0.10532116827438372,-0.2548466986155485,1.2686133118971061,1.3763024174653888
2010.83394,-0.10316255888650964,-0.2553085,1.2685241327623125,1.3761758085106384
2010.83668,-0.10514806417112299,-0.2532674495217853,1.2684139037433155,1.3760374707757703
2010.83942,-0.10326760683760683,-0.25260626326963903,1.2683113354700855,1.3759114118895965
2010.84216,-0.10158905016008538,-0.2513364475079533,1.2681878014941301,1.3757616648992577
2010.8449,-0.09998276119402985,-0.2499504131355932,1.2680666417910447,1.375628188559322
2010.84764,-0.0984335995740149,-0.2486517037037037,1.2679341107561235,1.375475873015873
2010.85038,-0.09780946808510638,-0.24695165961945031,1.2678208723404256,1.3753493446088796
2010.85312,-0.09621792773645059,-0.24744184794086588,1.267713145589798,1.3752135480464627
2010.85586,-0.09533404458598727,-0.24669866033755275,1.267587738853503,1.3750740717299579
2010.8586,-0.09391271474019089,-0.24321494204425712,1.2674752279957582,1.3749388514225502
2010.86134,-0.09267069915254236,-0.24061407368421053,1.2674018644067795,1.3748379894736842
2010.86408,-0.09059473015873017,-0.23876920084121978,1.2672803386243385,1.3747040904311252
2010.86682,-0.08844009513742072,-0.23831029411764706,1.2671664164904863,1.3745720588235293
2010.86956,-0.0855724076029567,-0.23845438614900313,1.2670705491024288,1.3744561070304302
2010.8723,-0.08439370253164556,-0.23690609014675051,1.2669539451476792,1.3743285534591194
2010.87504,-0.08280913593256059,-0.23516813612565443,1.266904531085353,1.3742714345549738
2010.87778,-0.08089882105263159,-0.23213958158995818,1.2668332842105263,1.3741908054393306
2010.88052,-0.08032525762355415,-0.23240757575757576,1.2667162460567822,1.3740749425287357
2010.88326,-0.0789886449579832,-0.23086055323590815,1.2666276155462186,1.3739954801670144
2010.886,-0.07694803777544595,-0.22877008342022942,1.2664975026232947,1.3738612200208549
2010.88874,-0.07561027253668763,-0.2252201666666667,1.2664384276729561,1.3737844895833333
2010.89148,-0.07601293193717278,-0.223414110301769,1.2664033821989529,1.3737306451612903
2010.89422,-0.07655117154811715,-0.22063128898128898,1.2662926046025105,1.373618212058212
2010.89696,-0.07481809822361547,-0.2187356074766355,1.2661613061650994,1.3734880373831775
2010.8997,-0.07368930062630481,-0.21717035269709542,1.266016816283925,1.3733440663900414
2010.90244,-0.07226194994786236,-0.2153541968911917,1.2658633055265902,1.3731933782383419
2010.90792,-0.06778116666666666,-0.21650278179937954,1.26575975,1.3730058324715615
2010.91066,-0.06303023933402706,-0.21393078512396696,1.2656739750260146,1.3729033987603305
2010.9134,-0.06028338877338878,-0.21184268317853458,1.2655151143451142,1.3727553353973168
2010.91614,-0.060635109034267914,-0.20939058762886598,1.2653792627206646,1.372633969072165
2010.91888,-0.06002803941908714,-0.20615954685890833,1.2652848858921162,1.372563254376931
2010.92162,-0.05945893264248705,-0.2014318106995885,1.265176300518135,1.3724895884773662
2010.92436,-0.059169917184265015,-0.19974435765673176,1.2650997929606624,1.3724501130524154
2010.9271,-0.05843209927611168,-0.19788762833675563,1.2649772492244054,1.3723295585215605
2010.92984,-0.05844004132231405,-0.19571444102564103,1.2648436776859504,1.3722053948717947
2010.93258,-0.057274004127966974,-0.19482516393442623,1.264720629514964,1.3720822540983606
2010.93532,-0.05831803092783505,-0.19251165813715454,1.2647145051546391,1.3720811156601842
2010.93806,-0.05729855818743563,-0.19117603271983638,1.2646327394438723,1.3719968404907976
2010.9408,-0.05770548353909465,-0.18727188968335035,1.2645399074074075,1.3719373544433096
2010.94354,-0.056878715313463515,-0.183853,1.2644462384378212,1.3718303571428572
2010.94628,-0.060373388090349075,-0.17736743119266055,1.2643486858316222,1.3717212742099898
2010.94902,-0.06037311794871795,-0.17426955193482688,1.2642431897435897,1.3716055091649695
2010.95176,-0.06390197745901639,-0.17205157680569685,1.2641480840163934,1.3715428280773143
2010.9545,-0.06438879222108496,-0.17082735772357724,1.264348853633572,1.3717847865853658
