2010.29964,-2.0126,-3.4389,1.63919,2.07778
2010.30238,-2.0638199999999998,-3.9178049999999995,1.6075300000000001,2.0452500000000002
2010.30512,-2.2547633333333335,-4.09237,1.6023500000000002,2.039756666666667
2010.30786,-1.597335,-4.012785,1.593145,2.028565
2010.3106,-1.597502,-4.6102620000000005,1.587428,2.0190159999999997
2010.31334,-1.537745,-4.488074999999999,1.583375,2.0111733333333333
2010.31608,-1.0813685714285715,-4.366238571428571,1.5795542857142857,2.003657142857143
2010.31882,-1.2486475000000001,-4.31664,1.57923125,2.00715375
2010.32156,-1.5045888888888888,-4.253414444444444,1.5794666666666666,2.0071222222222223
2010.3243,-1.6668410000000002,-4.346756999999999,1.585495,2.008571
2010.32704,-1.5960363636363637,-4.344378181818182,1.6795563636363637,2.124290909090909
2010.32978,-1.6672425000000002,-4.420785833333333,1.75377,2.216396666666667
2010.33252,-1.7732792307692309,-4.354696153846154,1.8195223076923077,2.297276923076923
2010.33526,-1.748915,-4.727912857142857,1.8805571428571428,2.370272142857143
2010.338,-1.7561253333333333,-4.819882000000001,1.929468,2.429804
2010.34074,-1.740458125,-4.820831875,1.968781875,2.479193125
2010.34348,-1.684364705882353,-4.842913529411765,2.0030547058823527,2.5228882352941175
2010.34622,-1.6628255555555556,-4.751300555555556,2.042438888888889,2.569741666666667
2010.34896,-1.6540757894736842,-4.567965789473684,2.0694536842105262,2.605371052631579
2010.3517,-1.5614045,-4.421029,2.093431,2.636758
2010.35444,-1.373977619047619,-4.2798204761904755,2.1226366666666667,2.6722785714285715
2010.35718,-1.0659295454545454,-4.218954545454545,2.300545,2.9171899999999997
2010.35992,-0.8448660869565217,-4.081409565217392,2.314715652173913,2.9356721739130434
2010.36266,-0.70855875,-3.93040875,2.3265533333333335,2.9504916666666667
2010.3654,-0.5791948,-3.6108588,2.34913,2.9774404
2010.36814,-0.4621196153846154,-3.361101538461538,2.36081,2.9920226923076925
2010.37088,-0.38427407407407405,-3.206071851851852,2.373070740740741,3.005317407407407
2010.37362,-0.27347321428571425,-3.023386785714286,2.380381071428572,3.0150460714285714
2010.37636,-0.17741241379310344,-2.914312413793103,2.3911510344827587,3.0270386206896553
2010.3791,-0.04372766666666665,-2.7579489999999995,2.4037126666666664,3.0446343333333337
2010.38184,-0.005669999999999985,-2.7608825806451613,2.413603548387097,3.059933870967742
2010.38458,0.1195271875,-2.6359678125,2.4198915625,3.06872625
2010.38732,0.2528484848484848,-2.51741303030303,2.426869090909091,3.0785375757575757
2010.39006,0.3375223529411765,-2.4514091176470587,2.432838823529412,3.086984117647059
2010.3928,0.46050485714285716,-2.3542502857142855,2.439406857142857,3.0948617142857144
2010.39554,0.529415,-2.258148333333333,2.4461250000000003,3.1045630555555555
2010.39828,0.6405943243243244,-2.1866675675675675,2.449998108108108,3.1089472972972976
2010.40102,0.7455921052631579,-2.066528421052632,2.4539034210526314,3.113652894736842
2010.40376,0.7830779487179488,-1.9730435897435898,2.457084358974359,3.1174015384615386
2010.4065,0.88968,-1.9065559999999997,2.462212,3.1232085
2010.40924,0.993530487804878,-1.857802195121951,2.466398292682927,3.1286270731707315
2010.41198,1.0690783333333334,-1.7670469047619046,2.470297857142857,3.13311880952381
2010.41472,1.1082751162790698,-1.6891744186046511,2.4740755813953488,3.1368413953488377
2010.41746,1.1373286363636363,-1.5440288636363635,2.551558181818182,3.24063
2010.4202,0.9712937777777777,-1.5481993333333333,6.160597999999999,3.5907833333333334
2010.42294,0.9854786956521739,-1.4149486956521737,6.769960217391303,3.9110497826086954
2010.42568,1.1986191489361702,-1.288547234042553,12.677917872340425,4.230422765957447
2010.42842,1.18705375,-1.2117297916666667,12.555050625,4.306029583333333
2010.43116,1.234485918367347,-1.129277551020408,12.489374489795917,4.409477755102041
2010.4339,1.4248446000000001,-1.09125,12.8733528,4.6345220000000005
2010.43664,1.3645270588235294,-1.072128431372549,12.817467450980391,4.730434705882353
2010.43938,1.4013063461538462,-0.9187973076923076,14.197306346153844,4.997061153846153
2010.44212,1.4312122641509435,-0.7936262264150944,15.409425660377357,5.253291886792453
2010.44486,1.5362483333333332,-0.7368612962962963,18.41777148148148,5.485112407407407
2010.4476,1.5900060000000003,-0.7205483636363635,18.247304,5.559595636363636
2010.45034,1.5703258928571429,-0.6548941071428571,18.138056785714287,5.766593214285714
2010.45308,1.5355226315789472,-0.6431103508771929,17.896324736842104,5.763472280701754
2010.45582,1.5728739655172415,-0.6075794827586207,17.639905344827586,5.727574310344828
2010.45856,1.6112649152542373,-0.5287561016949153,17.414037118644064,5.721921525423729
2010.4613,1.6771555,-0.48791566666666664,17.198887166666665,5.719830166666667
2010.46404,1.6624624590163934,-0.4468418032786885,17.03175721311475,5.789247868852459
2010.46678,1.684335,-0.3852351612903226,16.860049193548388,5.8129819354838705
2010.47226,1.7152579365079366,-0.23805531249999998,17.037827301587303,6.1149337500000005
2010.475,1.68453578125,-0.19708523076923076,16.8668290625,6.119878923076923
2010.47774,1.6816766153846154,-0.13191757575757576,16.70172569230769,6.129867121212121
2010.48048,1.7011069696969696,-0.03832791044776118,16.560622424242425,6.179539104477612
2010.48322,1.7012601492537314,0.014803529411764719,16.35213328358209,6.136446911764706
2010.48596,1.7294408823529412,0.04944666666666668,16.14957161764706,6.094314782608696
2010.4887,1.7235621739130436,0.10952628571428573,15.959854057971015,6.062368
2010.49144,1.7538795714285713,0.13559098591549296,15.908183714285714,6.179637746478873
2010.49418,1.7303300000000001,0.16453277777777778,15.726936197183099,6.145710694444444
2010.49692,1.7565813888888888,0.21398753424657535,15.544307222222223,6.105718630136987
2010.49966,1.7803520547945206,0.23951378378378377,15.366736438356163,6.066773108108109
2010.5024,1.7864658108108107,0.24596146666666668,15.194257702702703,6.029089466666667
2010.50514,1.8072336,0.26891947368421054,15.025974399999999,5.992224342105263
2010.50788,1.8053732894736843,0.29800000000000004,14.862337631578947,5.956464025974026
2010.51062,1.7980676623376624,0.3265341025641026,14.702812467532466,5.921441282051282
2010.51336,1.7939455128205128,0.3740098734177215,14.547370384615384,5.887272278481013
2010.5161,1.785559493670886,0.42333387499999997,14.396280379746834,5.8541245
2010.51884,1.7481437499999999,0.46230765432098764,14.248554500000001,5.8215795061728395
2010.52158,1.7134546913580246,0.5041764634146342,14.104593703703703,5.790104634146342
2010.52432,1.6909980487804879,0.5617061445783132,13.964089024390244,5.759326626506025
2010.52706,1.6173685542168674,0.5973796428571428,13.826948674698794,5.7290841666666665
2010.5298,1.6129655952380955,0.6099630588235294,13.693006666666665,5.699630470588235
2010.53254,1.6075905882352939,0.6363187209302326,13.562156705882353,5.6708166279069765
2010.53528,1.626904534883721,0.6756335632183907,13.434535581395348,5.642887931034482
2010.53802,1.6293045977011495,0.6909442045454545,13.31040816091954,5.615860454545454
2010.54076,1.6340347727272728,0.7267042696629215,13.191780909090909,5.592927303370787
2010.5435,1.6473411235955056,0.7552479999999999,13.07662831460674,5.569563555555556
2010.54624,1.6527687777777778,0.7919473626373627,12.960664333333332,5.54430032967033
2010.54898,1.6601871428571429,0.8178581521739131,12.84661,5.519169130434783
2010.55172,1.6588447826086956,0.8463563440860216,12.73571793478261,5.49480376344086
2010.55446,1.6617106451612902,0.877461914893617,12.628806129032258,5.471953510638299
2010.5572,1.6551348936170214,0.895270105263158,12.521915212765956,5.448139368421053
2010.55994,1.6528781052631578,0.9209929166666667,12.417680842105263,5.425021041666667
2010.56268,1.6506201041666666,0.950618350515464,12.316003854166667,5.4029485567010305
2010.56542,1.6374998969072165,0.9705247959183674,12.215713092783504,5.380655306122449
2010.56816,1.628312448979592,1.009861212121212,12.117961734693878,5.35914909090909
2010.5709,1.623890505050505,1.0481007,12.021624848484848,5.337669200000001
2010.57364,1.6410765,1.074080396039604,11.928912,5.31859702970297
2010.57638,1.6602745544554454,1.0774729411764707,11.8375801980198,5.299031666666666
2010.57912,1.657127843137255,1.085542427184466,11.74721656862745,5.279162621359223
2010.58186,1.6519981553398058,1.1000532692307692,11.658896504854368,5.259596442307692
2010.5846,1.6536034615384616,1.1220162857142857,11.571634326923077,5.240080761904762
2010.58734,1.647142857142857,1.141863962264151,11.486544666666667,5.221357547169811
2010.59008,1.6678306603773585,1.1664510280373832,11.403300566037736,5.2031989719626175
2010.59282,1.657943738317757,1.1878980555555556,11.320726542056075,5.184765462962963
2010.59556,1.6503248148148149,1.2086195412844036,11.239678888888887,5.166574770642202
2010.5983,1.646522110091743,1.2185684545454545,11.160573027522934,5.149192636363637
2010.60104,1.6456960909090907,1.2378403603603605,11.082524545454547,5.1315979279279285
2010.60378,1.642840990990991,1.2395937499999998,11.00585108108108,5.114438660714286
2010.60652,1.6352154464285713,1.2387879646017699,10.930470892857143,5.097494778761062
2010.60926,1.6307123893805309,1.228817894736842,10.856317876106193,5.080744122807018
2010.612,1.614495087719298,1.2362405217391306,10.783602192982455,5.064355652173913
2010.61474,1.599952956521739,1.2606389655172412,10.712187913043477,5.04829525862069
2010.61748,1.5724564655172415,1.286271623931624,10.641917241379309,5.032374273504273
2010.62022,1.5430770085470085,1.3067640677966101,10.572929487179486,5.016749067796611
2010.62296,1.5075132203389832,1.344167142857143,10.505743559322033,5.001820168067226
2010.6257,1.4605146218487395,1.3726016666666667,10.439025966386554,4.986629916666667
2010.62844,1.4164935,1.3952809917355373,10.373919916666667,4.972052066115702
2010.63118,1.4030975206611571,1.4144038524590163,10.309716115702479,4.957810901639345
2010.63392,1.378637868852459,1.4050974796747968,10.246593524590164,4.943564227642277
2010.63666,1.366571219512195,1.4231829032258065,10.184139674796747,4.929198629032259
2010.6394,1.3296290322580644,1.446546,10.123099274193548,4.91550216
2010.64214,1.2951593600000002,1.4626181746031746,10.0634336,4.902305
2010.64488,1.273761746031746,1.4647640157480315,10.00439126984127,4.889835118110236
2010.64762,1.2439150393700789,1.4874753125,9.945811102362205,4.876583203125
2010.65036,1.202646640625,1.4956314728682172,9.88928421875,4.864148837209302
2010.6531,1.1582227131782945,1.491108076923077,9.833129767441859,4.8515229230769235
2010.65584,1.1284296153846154,1.5042506106870228,9.777237384615383,4.838773816793893
2010.65858,1.1050692366412214,1.5077434090909092,9.722189770992365,4.826110681818181
2010.66132,1.0783717424242423,1.5053984962406015,9.667911136363637,4.81369007518797
2010.66406,1.0572575187969926,1.511784328358209,9.614455187969925,4.801375746268657
2010.6668,0.9805759701492537,1.514468740740741,11.418121268656716,4.904430444444444
2010.66954,0.9591131851851852,1.48755125,11.40555362962963,4.94200169117647
2010.67228,0.91364375,1.5145682481751823,11.391894117647057,4.9789400729927005
2010.67776,0.8931699270072992,1.5664417985611512,11.683991532846715,5.1826974820143885
2010.6805,0.8389623913043478,1.5897485,12.85791195652174,5.277543285714286
2010.68324,0.8312570503597122,1.587001914893617,12.809465395683453,5.368495319148936
2010.68598,0.8552069285714285,1.52625161971831,13.485087357142856,5.455918098591549
2010.68872,0.8392374468085106,1.5224004895104895,13.655746879432623,5.544121188811189
2010.69146,0.8719223239436619,1.5133735416666667,14.564979929577467,5.631685
2010.69694,0.8237558041958042,1.5645937671232877,15.555141958041958,5.802836849315069
2010.69968,0.835890486111111,1.586891700680272,15.980989861111112,5.917349183673469
2010.70516,0.8016728275862068,1.5755225675675675,15.910041103448274,5.925920337837837
2010.7079,0.7654810958904109,1.5932273825503356,15.820964657534246,5.910192953020134
2010.71338,0.7424285714285714,1.5968716,15.73074156462585,5.8919158000000005
2010.71612,0.7009281756756757,1.5891208609271523,15.642038040540541,5.874267350993377
2010.71886,0.6506864429530201,1.559062697368421,15.564625167785236,5.86930552631579
2010.7216,0.6259926666666666,1.5604956862745099,15.479779599999999,5.85453816993464
2010.72434,0.6009035761589404,1.5665922727272727,15.39526688741722,5.837856298701299
2010.72708,0.56682625,1.5832472903225807,15.311230263157894,5.821290580645161
2010.72982,0.5454124183006536,1.5868363461538462,15.227779411764706,5.8043424358974365
2010.73256,0.5215547402597402,1.5851585350318471,15.14548142857143,5.7876183439490445
2010.7353,0.489338064516129,1.5831493037974682,15.064798451612903,5.771574810126582
2010.73804,0.4718878846153846,1.5944284905660377,14.985088012820512,5.755451572327044
2010.74078,0.42384343949044584,1.6042759375,14.906451847133757,5.73963125
2010.74352,0.4079500632911392,1.6183753416149067,14.832487721518989,5.728827826086956
2010.77914,0.38913471698113206,1.6037259876543208,14.779893081761008,5.740630555555556
2010.78188,0.368824875,1.6033838650306746,14.703871312499999,5.725398036809816
2010.78462,0.34877291925465836,1.6143343292682928,14.629064161490682,5.710737682926829
2010.78736,0.31121123456790123,1.626659696969697,14.555077160493829,5.695742121212121
2010.7901,0.29069865030674846,1.636693795180723,14.481243865030676,5.68045921686747
2010.79284,0.27340097560975607,1.6492552095808382,14.408376951219513,5.665453413173653
2010.79558,0.26320581818181815,1.6500513095238094,14.336739333333334,5.6508424404761906
2010.79832,0.24633463855421683,1.6513846745562129,14.265957168674698,5.6362803550295855
2010.80106,0.23765137724550897,1.6632301176470587,14.19605736526946,5.621930294117647
2010.8038,0.2158935119047619,1.6797994152046785,14.127218392857143,5.607882456140351
2010.80654,0.17635402366863903,1.6784779651162791,14.058569112426037,5.593779534883721
2010.80928,0.15491229411764704,1.684579479768786,13.991001529411765,5.580037630057803
2010.81202,0.1325977192982456,1.684546264367816,13.924319064327484,5.566339540229885
2010.81476,0.10758395348837209,1.6404483428571428,13.85812406976744,5.552664342857143
2010.8175,0.09178450867052022,1.624060284090909,13.792721098265897,5.5391511931818185
2010.82024,0.08012477011494253,1.6281090395480227,13.728380459770113,5.526040677966102
2010.82298,0.07430022857142855,1.6397066853932585,13.664538400000001,5.513058314606742
2010.82572,0.06521107954545453,1.630081843575419,13.602027840909091,5.5004790502793295
2010.82846,0.060826892655367226,1.6235168333333332,13.539900621468927,5.487798166666667
2010.8312,0.05074511235955055,1.60747182320442,13.478901573033706,5.475596243093923
2010.83394,0.05259731843575418,1.5918840109890111,13.418820558659217,5.46378510989011
2010.83668,0.052584999999999986,1.5672567213114754,13.358533111111113,5.45154743169399
2010.83942,0.04896243093922651,1.5710489130434782,13.299532430939227,5.440035923913044
2010.84216,0.03218417582417581,1.5639934054054054,13.240686923076922,5.428063135135135
2010.8449,0.005993934426229499,1.5549410215053763,13.182606338797815,5.416240591397849
2010.84764,-0.009801847826086965,1.5454935828877006,13.124921630434782,5.404477112299465
2010.85038,-0.028491891891891902,1.5218564893617021,13.068061891891892,5.393020265957447
2010.85312,-0.04834903225806452,1.5097880423280423,13.011591075268818,5.38165417989418
2010.85586,-0.04556893048128343,1.5006044736842106,12.956318288770055,5.3707311052631574
2010.8586,-0.04631664893617023,1.4891229319371728,12.901392234042554,5.359588376963351
2010.86134,-0.048704656084656094,1.4675177604166667,12.84654841269841,5.34828234375
2010.86408,-0.05347884210526317,1.4461448704663211,12.79257705263158,5.337411502590673
2010.86682,-0.05197586387434555,1.4221357216494848,12.738887958115182,5.326469948453608
2010.86956,-0.05375005208333334,1.4062647179487178,12.686042135416665,5.315883641025642
2010.8723,-0.05580963730569949,1.3888448979591836,12.633675233160622,5.305354336734694
2010.87504,-0.06101355670103093,1.355838883248731,12.58195175257732,5.295057817258883
2010.87778,-0.0625657435897436,1.3367298484848484,12.530901692307692,5.285357878787879
2010.88326,-0.053750816326530615,1.3282516000000002,12.480396479591837,5.2656641
2010.886,-0.04382121827411169,1.3175444278606967,12.429960253807106,5.255595920398011
2010.88874,-0.04339444444444446,1.2898670297029702,12.380735808080809,5.246272920792079
2010.89148,-0.03394080402010051,1.2571233497536944,12.336758492462312,5.243397586206896
2010.91614,0.016866899999999987,1.2845027450980393,12.2885094,5.234318284313726
2010.91888,0.016778208955223868,1.2551446829268293,12.240163731343284,5.225114780487805
2010.92162,0.028744801980198006,1.2447788834951454,12.192114801980198,5.215523203883495
2010.92436,0.04097591133004925,1.2302463285024154,12.144542364532018,5.20602961352657
2010.9271,0.0576727450980392,1.2164219711538462,12.097892254901963,5.197536298076923
2010.92984,0.0628210731707317,1.2035957894736842,12.051196585365854,5.188298277511962
2010.93258,0.0724557281553398,1.1828532857142857,12.00514436893204,5.1791880952380955
2010.93532,0.08168816425120771,1.1556301895734595,11.959598937198068,5.170254360189573
2010.93806,0.08642899038461538,1.1238278773584907,11.914312596153847,5.161240235849056
2010.9408,0.09120430622009569,1.0978362910798123,11.869598277511962,5.152710140845071
2010.94354,0.09733357142857141,1.076313785046729,11.825137428571429,5.143888224299065
2010.94628,0.11449142180094785,1.0453462790697674,11.78115327014218,5.135205999999999
2010.94902,0.1145225471698113,1.0229927777777779,11.737649764150943,5.126623888888889
2010.95176,0.11134769953051642,0.9929970967741936,11.695032488262912,5.118643502304148
2010.9545,0.11353663551401867,0.968804495412844,11.65262831775701,5.110419174311927
2010.95724,0.12039493023255812,0.9534381735159817,11.610336837209303,5.1020072602739726
2010.95998,0.12754296296296294,0.9323722727272727,11.568810324074073,5.094156181818182
2010.96272,0.13982193548387095,0.9140221266968326,11.527942073732719,5.086570452488688
2010.96546,0.1486690366972477,0.8984922072072072,11.486980183486239,5.078546351351352
2010.9682,0.1575580821917808,0.882592331838565,11.446394155251141,5.070555650224215
2010.97094,0.16643036363636363,0.8662564285714286,11.406360590909092,5.062789955357142
2010.97368,0.17894235294117647,0.8439392444444443,11.366436696832578,5.054955155555556
2010.97642,0.1946335135135135,0.8299675663716813,11.326890810810811,5.047238230088496
2010.97916,0.20947255605381165,0.8150976651982379,11.287585560538117,5.039442070484582
2010.9819,0.22264700892857142,0.7924889035087719,11.248611160714287,5.031675964912281
2010.98464,0.2325532,0.7707437554585153,11.210119866666666,5.024079650655022
2010.98738,0.2473988495575221,0.7463706086956522,11.1720446460177,5.016709173913044
2010.99012,0.2633425991189427,0.7233637662337662,11.134848105726872,5.009878917748918
2010.99286,0.26591820175438596,0.7057851724137931,11.097723070175437,5.002999482758621
2010.9956,0.27508419213973795,0.6913156652360515,11.06080807860262,4.995934463519314
2010.99834,0.291515,0.6568015384615385,11.02433295652174,4.988948717948718
