2015.99884,3.42854,3.22502,1.46266,2.18927
2016.00158,2.99298,2.65742,1.4508450000000002,2.18363
2016.00432,2.820653333333333,2.940796666666667,1.4438600000000001,2.1680266666666665
2016.00706,2.69604,2.7985925000000003,1.43988,2.1620525
2016.0098,2.67101,2.359972,1.43506,2.156386
2016.01254,2.244778333333333,2.1875416666666667,1.4344816666666667,2.152575
2016.01528,2.0914542857142857,1.8782628571428572,1.4497728571428572,2.1648285714285715
2016.01802,1.94015,1.81644625,1.46218,2.16985875
2016.02076,1.8359522222222222,1.7027166666666667,1.4606433333333333,2.163812222222222
2016.0235,1.553294,1.8902170000000003,1.460141,2.17136
2016.02624,1.4238827272727272,1.8182172727272727,1.464379090909091,2.180648181818182
2016.02898,1.2638575,1.7625708333333334,1.4614033333333334,2.17589
2016.03172,1.0292892307692307,1.6624599999999998,1.4587546153846154,2.171813076923077
2016.03446,0.860217857142857,1.5092,1.4560507142857144,2.166820714285714
2016.0372,0.6276533333333333,1.6589813333333334,1.45667,2.16879
2016.03994,0.41930124999999996,1.62013,1.45627875,2.171869375
2016.04268,0.13559823529411766,1.4993411764705884,1.4593970588235294,2.1787911764705883
2016.04542,0.059066111111111125,1.518143888888889,1.4575738888888887,2.1763922222222223
2016.04816,-0.022858421052631566,1.5050889473684212,1.4552031578947369,2.172205263157895
2016.0509,0.01298800000000001,1.4823030000000001,1.4536229999999999,2.1687805
2016.05364,0.020843809523809535,1.4634390476190478,1.453674285714286,2.168771904761905
2016.05638,-0.007664545454545444,1.3558563636363636,1.4530713636363637,2.167566818181818
2016.05912,-0.11120391304347824,1.3553691304347826,1.4514508695652173,2.1643065217391304
2016.06186,-0.18900541666666668,1.4023554166666667,1.4500879166666667,2.1623266666666665
2016.0646,-0.2402952,1.4123756,1.4508088000000001,2.1606764
2016.06734,-0.3184607692307692,1.394756153846154,1.4525503846153844,2.1622096153846155
2016.07008,-0.3239107407407407,1.2574733333333332,1.4561318518518518,2.1657737037037035
2016.07282,-0.40588428571428575,1.2169635714285716,1.456827857142857,2.1657782142857145
2016.07556,-0.468098275862069,1.1826841379310344,1.4578662068965518,2.167821034482759
2016.0783,-0.500914,1.159366,1.4575743333333333,2.16604
2016.08104,-0.5147090322580645,1.1740409677419357,1.458019677419355,2.167566451612903
2016.08378,-0.505719375,1.2150734375,1.4639403125,2.1726490625
2016.13584,-0.5670670588235294,1.297901818181818,5.177288235294118,2.1708975757575755
2016.13858,-0.5457997142857143,1.415395,5.070752,2.1691697058823527
2016.14132,-0.5264797222222222,1.4344365714285714,4.974037777777777,2.171676
2016.14406,-0.5154710810810811,1.4804625,4.882766216216217,2.177258888888889
2016.1468,-0.598005,1.418911081081081,4.885152631578947,2.304303783783784
2016.18516,-0.5317782051282051,1.3681413157894737,4.863157179487179,2.4221655263157893
2016.1879,-0.50248825,1.3280523076923079,4.7805100000000005,2.4162746153846157
2016.19064,-0.4561341463414634,1.3282482500000001,4.699401463414634,2.40825675
2016.19338,-0.5034766666666667,1.2450068292682928,4.622107142857143,2.400003414634146
2016.19612,-0.46433883720930225,1.2049135714285715,4.548482790697674,2.393049761904762
2016.19886,-0.4535256818181818,1.1852620930232558,4.479288181818182,2.3868174418604653
2016.2016,-0.41367844444444446,1.190146590909091,4.412720666666667,2.3816386363636366
2016.20434,-0.3766397826086957,1.2579355555555556,4.352245434782609,2.3787686666666668
2016.20708,-0.3490942553191489,1.3400458695652175,4.291230638297872,2.374015434782609
2016.20982,-0.33132625,1.3355727659574468,4.233796458333333,2.369311489361702
2016.21256,-0.3145412244897959,1.3492843749999999,4.1769742857142855,2.3640681249999997
2016.2153,-0.2489408,1.3782116326530611,4.124785,2.360809591836735
2016.21804,-0.23970431372549017,1.4150284,4.073920588235294,2.3586942
2016.22078,-0.2075634615384615,1.4452798039215686,4.022973653846154,2.35246431372549
2016.22352,-0.1828801886792453,1.4421028846153847,3.9753130188679244,2.3481075000000002
2016.22626,-0.19118537037037037,1.4087337735849057,3.9291601851851854,2.344194528301887
2016.229,-0.12494072727272726,1.3706533333333335,3.884278,2.3395374074074073
2016.23174,-0.08938589285714284,1.3865918181818182,3.841892142857143,2.3357692727272727
2016.23448,-0.09094052631578947,1.4025723214285715,3.8003959649122807,2.3316998214285714
2016.23722,-0.06185137931034482,1.4419380701754387,3.759384655172414,2.3269087719298245
2016.23996,-0.038998474576271175,1.4383262068965519,3.7200677966101696,2.32292275862069
2016.2427,0.008540000000000008,1.4144515254237289,3.6827121666666667,2.3195810169491526
2016.24544,0.05785950819672132,1.4224513333333335,3.647126229508197,2.3165403333333336
2016.24818,0.10418790322580646,1.432424262295082,3.6115769354838707,2.31261131147541
2016.25092,0.1665473015873016,1.4299317741935484,3.578847619047619,2.310113064516129
2016.25366,0.20023109375,1.4401615873015874,3.54552328125,2.30615126984127
2016.2564,0.2297629230769231,1.40089203125,3.5133986153846157,2.3027496875
2016.25914,0.26349015151515154,1.377164,3.4817454545454543,2.2988713846153845
2016.26188,0.30233388059701494,1.3616763636363636,3.4512086567164175,2.295434393939394
2016.26462,0.3366558823529412,1.3736783582089553,3.4230295588235293,2.2936989552238805
2016.27558,0.33734985507246373,1.3197797058823528,3.435225652173913,2.3562764705882353
2016.27832,0.35473414285714283,1.3292820289855072,3.4072321428571426,2.3523704347826087
2016.28106,0.3731160563380282,1.3363928571428572,3.380764366197183,2.349943
2016.2838,0.35876083333333336,1.3253771830985916,3.3543119444444445,2.345804366197183
2016.28654,0.3730804109589041,1.3083331944444445,3.32910301369863,2.3435906944444445
2016.28928,0.40624635135135134,1.3062323287671234,3.303478918918919,2.339483698630137
2016.29202,0.44538466666666665,1.3012812162162162,3.2784768,2.335568243243243
2016.29476,0.44300986842105267,1.2856749333333333,3.2546207894736843,2.3328914666666667
2016.2975,0.4451393506493507,1.2558011842105263,3.231094025974026,2.329585394736842
2016.30024,0.4802471794871795,1.2144937662337663,3.2099699999999998,2.3286203896103896
2016.30298,0.503809746835443,1.1970865384615383,3.188150759493671,2.325240897435897
2016.30572,0.519512875,1.1723210126582277,3.166437375,2.32184835443038
2016.30846,0.5279822222222222,1.16665375,3.1450572839506172,2.318302
2016.3112,0.49712134146341463,1.1617666666666666,3.124280975609756,2.3149555555555557
2016.31394,0.4961551807228916,1.1605725609756097,3.1042872289156627,2.31208243902439
2016.31668,0.5194919047619048,1.1918113253012048,3.0849130952380954,2.30954843373494
2016.31942,0.5282535294117647,1.2016013095238096,3.0654657647058823,2.306443333333333
2016.32216,0.5396217441860466,1.1979008235294117,3.046650930232558,2.303323882352941
2016.3249,0.5345089655172414,1.1734988372093023,3.027923793103448,2.3002259302325583
2016.32764,0.530640340909091,1.167154827586207,3.0098397727272728,2.297199540229885
2016.33038,0.5582915730337079,1.15419125,2.9922724719101126,2.294192272727273
2016.33312,0.5776647777777778,1.140666629213483,2.975114111111111,2.2918742696629213
2016.33586,0.5973514285714286,1.1237725555555556,2.958221868131868,2.2892194444444445
2016.3386,0.5917710869565217,1.110151978021978,2.941908260869565,2.287005054945055
2016.34134,0.5791067741935484,1.1003142391304348,2.925908924731183,2.2847540217391304
2016.34408,0.5670247872340426,1.1009350537634408,2.910217765957447,2.2824232258064514
2016.34682,0.5506557894736842,1.0885428723404256,2.895236315789474,2.2805155319148938
2016.34956,0.5571213541666666,1.0508503157894737,2.8809626041666667,2.279467789473684
2016.3523,0.5623531958762886,1.0595095833333332,2.8662895876288657,2.27713
2016.35504,0.5648938775510204,1.0618874226804123,2.851768163265306,2.274765773195876
2016.35778,0.5621779797979798,1.0546822448979591,2.837343131313131,2.27240806122449
2016.36052,0.5548911000000001,1.0228210101010102,2.8234552,2.270338888888889
2016.36326,0.5639596039603961,1.0071814000000001,2.8100549504950494,2.2685793999999997
2016.366,0.5624419607843137,0.9833959405940594,2.796746862745098,2.2665274257425745
2016.36874,0.5711177669902913,0.9893180392156862,2.7839828155339803,2.2646426470588237
2016.37148,0.5698576923076923,0.9903994174757281,2.7710824038461537,2.262410776699029
2016.37422,0.5499072380952381,0.991270576923077,2.7585349523809524,2.26042375
2016.37696,0.5405222641509434,0.9683839047619048,2.7462192452830188,2.258470095238095
2016.3797,0.5361139252336449,0.9619982075471698,2.7343205607476633,2.2568865094339623
2016.38244,0.5295546296296296,0.9558220560747663,2.7223944444444443,2.254911028037383
2016.38518,0.5343990825688073,0.9506877777777777,2.7105085321100915,2.2528118518518516
2016.38792,0.5406922727272727,0.9561251376146789,2.699063090909091,2.251342844036697
2016.39066,0.540752972972973,0.9381227272727273,2.6877296396396395,2.249619272727273
2016.3934,0.5265909821428572,0.9160818918918919,2.6766515178571426,2.2479285585585584
2016.39614,0.5233993805309735,0.9147699107142857,2.6660799115044247,2.246396607142857
2016.39888,0.5101416666666667,0.915977610619469,2.655515350877193,2.245190353982301
2016.40162,0.4993299130434783,0.9270956140350878,2.6451563478260867,2.24421201754386
2016.40436,0.4924896551724138,0.9409911304347827,2.6351774137931034,2.242969913043478
2016.4071,0.48821769230769235,0.9354693103448275,2.624967606837607,2.2413087931034483
2016.40984,0.4853600847457627,0.9242706837606838,2.615021440677966,2.2400366666666667
2016.41258,0.486770756302521,0.9087479661016948,2.6051772268907563,2.2383618644067793
2016.41532,0.47692216666666665,0.8934053781512605,2.59548325,2.23676025210084
2016.41806,0.45060107438016533,0.8705468333333334,2.585984710743802,2.2351101666666664
2016.4208,0.46094475409836067,0.8355825619834711,2.5774614754098364,2.234202314049587
2016.42354,0.45487252032520326,0.8150570491803278,2.568592276422764,2.2330837704918034
2016.42628,0.45178193548387097,0.7941420325203251,2.5593362903225807,2.231682113821138
2016.42902,0.4425056,0.7741879838709677,2.5504352,2.2303516129032257
2016.43176,0.4300514285714286,0.76514128,2.541949365079365,2.2292929599999995
2016.4345,0.4241636220472441,0.7580373809523809,2.533632440944882,2.2280636507936507
2016.43724,0.408272734375,0.7403403149606299,2.525262890625,2.2266126771653543
2016.43998,0.3985803100775194,0.708183203125,2.5170706976744186,2.225509921875
2016.44272,0.39160661538461544,0.7059321705426357,2.508664923076923,2.2241217054263567
2016.44546,0.3792743511450382,0.687427923076923,2.5005528244274813,2.222579923076923
2016.4482,0.3620661363636364,0.6711686259541985,2.4927484848484847,2.221396030534351
2016.45094,0.3409854887218045,0.664313106060606,2.48488992481203,2.220243106060606
2016.45368,0.339699328358209,0.6538397744360902,2.477740223880597,2.219643984962406
2016.45642,0.3216833333333333,0.6405120895522388,2.4702100740740742,2.2186540298507462
2016.45916,0.31667683823529413,0.6286115555555556,2.4625061764705882,2.2171895555555556
2016.4619,0.29937343065693434,0.6165500735294117,2.4550004379562043,2.215789338235294
2016.46464,0.2929720289855073,0.6138557664233577,2.4477242753623187,2.214697518248175
2016.46738,0.29057194244604323,0.5860343478260869,2.4405186330935256,2.213474637681159
2016.47012,0.28677542857142857,0.5743664028776978,2.4347155714285713,2.214037194244604
2016.47286,0.28445099290780146,0.5659791428571429,2.4276358865248224,2.2127470000000002
2016.4756,0.277772323943662,0.558341914893617,2.4211824647887323,2.2120289361702126
2016.47834,0.26068223776223776,0.5493289436619718,2.4145387412587414,2.211208873239437
2016.48108,0.25000541666666665,0.5260290209790209,2.408498125,2.2114454545454545
2016.48382,0.23869386206896553,0.49359277777777777,2.401904137931034,2.2102756944444444
2016.48656,0.24120335616438357,0.4843051034482758,2.3953666438356165,2.209126
2016.4893,0.24234326530612244,0.4730824657534247,2.3889785714285714,2.2081145205479453
2016.49204,0.23700905405405406,0.46712843537414966,2.3828191216216217,2.207338639455782
2016.49478,0.24063483221476512,0.4614574324324324,2.3768253691275167,2.2066675
2016.49752,0.23336526666666665,0.4388038255033557,2.370604666666667,2.2057960402684564
2016.50026,0.22268119205298012,0.41734099999999996,2.3644693377483446,2.2047855333333333
2016.503,0.2114659868421053,0.3921553642384106,2.3585482236842106,2.2040815894039736
2016.50574,0.20176816993464053,0.3810047368421053,2.3524924183006535,2.2034413157894734
2016.50848,0.1860153246753247,0.3711215032679739,2.347145,2.2031834640522874
2016.51122,0.18039070967741935,0.3588452597402597,2.341267290322581,2.202178181818182
2016.51396,0.1767771794871795,0.35031838709677415,2.3357139102564104,2.201522322580645
2016.5167,0.1693810828025478,0.3402220512820513,2.330265477707006,2.2007689743589745
2016.51944,0.1551018987341772,0.3275233757961783,2.324641835443038,2.19963
2016.52218,0.1455593710691824,0.32490683544303794,2.31912320754717,2.1987493037974684
2016.52492,0.13447025,0.3175719496855346,2.3138425000000002,2.198313144654088
2016.52766,0.1364668944099379,0.30312575,2.3085349689440995,2.1975204375
2016.5304,0.13035500000000003,0.2928435403726708,2.3032977160493826,2.196826397515528
2016.53314,0.12753055214723927,0.2859075308641975,2.2982561963190187,2.1960037037037035
2016.53588,0.11403841463414635,0.2735971779141104,2.2941136585365856,2.1972716564417176
2016.53862,0.11393709090909092,0.2615037195121951,2.288908181818182,2.196264024390244
2016.54136,0.11839801204819278,0.25097151515151517,2.2837003012048194,2.1952347878787877
2016.5441,0.10887497005988024,0.24765433734939757,2.27864622754491,2.1942
2016.54684,0.1038629761904762,0.22998946107784432,2.273916369047619,2.193465149700599
2016.54958,0.11096710059171598,0.20461339285714286,2.2698936094674553,2.1935573214285715
2016.55232,0.10783058823529414,0.18949704142011833,2.2649843529411764,2.1927203550295857
2016.55506,0.11502783625730995,0.18820082352941178,2.2605186549707605,2.1922053529411767
2016.5578,0.10846709302325581,0.1772159649122807,2.255843313953488,2.1913219883040935
2016.56054,0.09251167630057804,0.16838901162790698,2.251289421965318,2.1906034302325583
2016.56328,0.08665798850574713,0.159087225433526,2.246936724137931,2.189968612716763
2016.56602,0.07021000000000001,0.13511729885057472,2.2427033714285716,2.1895988505747126
2016.56876,0.061513636363636374,0.11558565714285714,2.2386910227272727,2.1897006285714284
2016.5715,0.05991474576271188,0.08981477272727273,2.234180395480226,2.1887947727272725
2016.57424,0.062134494382022475,0.0708871186440678,2.2299189325842694,2.1881711299435027
2016.57698,0.06045586592178772,0.05055370786516854,2.225808715083799,2.1874073033707866
2016.57972,0.05320405555555556,0.0430731843575419,2.221436888888889,2.186711843575419
2016.58246,0.04868016574585636,0.027549388888888884,2.2174065745856355,2.186190277777778
2016.5852,0.045353956043956055,0.015461436464088395,2.2136033516483518,2.185769668508287
2016.58794,0.04090158469945356,0.007001208791208789,2.209402349726776,2.1849234615384616
2016.59068,0.03418668478260871,0.0009532240437158442,2.2057941304347826,2.184973224043716
2016.60438,0.03557400000000001,-0.013272500000000001,2.201964864864865,2.184413641304348
2016.60712,0.029654623655913984,-0.02592118918918919,2.1979905376344084,2.183798810810811
2016.60986,0.02830219251336899,-0.039028870967741935,2.1939583422459896,2.1829790860215055
2016.6126,0.02033170212765958,-0.046845454545454544,2.19030170212766,2.1825033689839572
2016.61534,0.020177301587301594,-0.05683436170212766,2.186308888888889,2.1816536170212766
2016.61808,0.016949578947368427,-0.07185126984126984,2.182480789473684,2.181048941798942
2016.62082,0.014473455497382206,-0.08951321052631579,2.1785461256544503,2.1802644210526316
2016.62356,0.015669791666666672,-0.09749717277486912,2.174863125,2.179391884816754
2016.6263,0.008440362694300525,-0.10070567708333333,2.1709809844559587,2.1785445833333332
2016.62904,0.0029398969072165007,-0.11331181347150258,2.167752680412371,2.178635284974093
2016.63178,-0.0022756923076923015,-0.13434953608247424,2.1645393333333334,2.17863412371134
2016.63452,-0.004210153061224483,-0.14473948717948718,2.161060357142857,2.1782486666666667
2016.63726,-0.005367258883248726,-0.1643340306122449,2.157703147208122,2.1779510714285713
2016.64,-0.012568535353535347,-0.17637715736040607,2.1547865656565657,2.178927258883249
2016.64274,-0.020918944723618084,-0.193180202020202,2.1515558291457286,2.178596111111111
2016.64548,-0.016294249999999996,-0.2059645226130653,2.1480214,2.177799095477387
2016.64822,-0.02273174129353233,-0.2204025,2.1455273631840797,2.17950875
2016.65096,-0.027864158415841576,-0.23524970149253732,2.1452056435643567,2.1841539303482587
2016.6674,-0.03069586206896551,-0.234914900990099,2.14177,2.1833533168316834
2016.67014,-0.0330188725490196,-0.23765241379310345,2.138442401960784,2.182780935960591
2016.67288,-0.041304878048780476,-0.24595269607843137,2.134985756097561,2.1819298529411766
2016.67562,-0.04621592233009708,-0.25338570731707316,2.131629563106796,2.181152731707317
2016.67836,-0.05052821256038647,-0.2584902427184466,2.1282689371980674,2.1803382524271844
2016.6811,-0.04950975961538461,-0.259181884057971,2.1248973557692308,2.179544347826087
2016.68384,-0.05722889952153109,-0.2664264423076923,2.1218202392344496,2.179200769230769
2016.68658,-0.06764409523809524,-0.2606099043062201,2.1189209047619046,2.1792836363636363
2016.68932,-0.0766973933649289,-0.27826833333333334,2.117248483412322,2.181739904761905
2016.69206,-0.07911584905660377,-0.27815066350710904,2.114217688679245,2.181284170616114
2016.6948,-0.07866896713615024,-0.2912974528301887,2.1109476525821598,2.1805180188679243
2016.69754,-0.08564841121495327,-0.29464737089201876,2.1077394392523363,2.179711126760563
2016.70028,-0.08989441860465115,-0.29845957943925233,2.1048762325581394,2.179115046728972
2016.70302,-0.07913037037037036,-0.30270172093023257,2.1018273148148148,2.1787063720930235
2016.70576,-0.07486552995391704,-0.3133372685185185,2.0988479723502307,2.178420787037037
2016.7085,-0.08422513761467888,-0.32458179723502306,2.0959910550458716,2.178090276497696
2016.71124,-0.10370301369863014,-0.3375734862385321,2.093004383561644,2.1773911009174314
2016.71398,-0.11448736363636362,-0.3473825114155251,2.0899054545454545,2.1766237442922374
2016.71672,-0.11481927601809953,-0.36629868181818187,2.0870943891402716,2.1761046818181815
2016.71946,-0.11266306306306306,-0.3713313574660633,2.0841143243243243,2.175596108597285
2016.7222,-0.11094937219730941,-0.37155418918918914,2.081127668161435,2.174870810810811
2016.72494,-0.11808232142857142,-0.381327399103139,2.0784039285714284,2.1742294170403587
2016.73042,-0.11709048888888889,-0.3772427232142857,2.0754686666666666,2.1734979017857143
2016.73316,-0.11675907079646017,-0.3795143111111111,2.07258592920354,2.1728887111111113
2016.7359,-0.1118674449339207,-0.38127579646017695,2.070096387665198,2.1727321238938053
2016.73864,-0.11439877192982455,-0.3995725991189427,2.067499254385965,2.1722940088105727
2016.74138,-0.11654799126637554,-0.4002291666666667,2.064758515283843,2.171694736842105
2016.74412,-0.11702573913043478,-0.4135905676855895,2.062219956521739,2.1713003930131003
2016.74686,-0.11617467532467532,-0.41684543478260866,2.0596497402597405,2.170887391304348
2016.7496,-0.11556504310344826,-0.41835532467532466,2.0568653879310346,2.170160043290043
2016.75234,-0.11732815450643777,-0.4190285775862069,2.0542469957081546,2.169487715517241
2016.75508,-0.11622418803418803,-0.43098394849785404,2.0518166666666664,2.169079785407725
2016.75782,-0.11485621276595744,-0.4320304700854701,2.0493753617021278,2.168593205128205
2016.76056,-0.12199936440677965,-0.4298665106382979,2.046706694915254,2.1679155319148937
2016.7633,-0.12300080168776371,-0.4252641525423729,2.044192109704641,2.16753156779661
2016.76604,-0.130585756302521,-0.425597552742616,2.0415846218487395,2.167079831223629
2016.76878,-0.1305544769874477,-0.4232454201680672,2.039350292887029,2.1671043277310926
2016.77152,-0.12879125,-0.4182834309623431,2.0370312083333335,2.1669446861924686
2016.77426,-0.12512560165975103,-0.41770370833333337,2.034487468879668,2.1662944583333332
2016.777,-0.12488165289256198,-0.41060871369294605,2.0318952479338845,2.16555377593361
2016.77974,-0.12570699588477366,-0.41293252066115704,2.0294737037037036,2.1651994628099174
2016.78248,-0.12958233606557376,-0.40688732510288067,2.0273087704918034,2.165198683127572
2016.78522,-0.13042575510204082,-0.4075618032786885,2.0249657142857145,2.1646734426229512
2016.78796,-0.13431670731707318,-0.42254273469387754,2.022646138211382,2.1641829387755105
2016.7907,-0.14732562753036435,-0.43500479674796744,2.0204957489878543,2.163882317073171
2016.79344,-0.1534464516129032,-0.44008655870445346,2.0182068548387098,2.163505425101215
2016.79618,-0.15373666666666666,-0.4425991129032258,2.015836144578313,2.1629742338709677
2016.79892,-0.150274,-0.43953763052208833,2.0134886,2.1624269477911646
2016.80166,-0.1496573306772908,-0.43706548,2.0113142629482073,2.1620468799999997
2016.8044,-0.14328321428571428,-0.4303960956175299,2.009087142857143,2.1617417529880476
2016.80714,-0.14457332015810276,-0.42630686507936505,2.0070220158102767,2.1614707539682536
2016.80988,-0.14296838582677165,-0.42367229249011856,2.0046331496062995,2.1608657312252966
2016.81262,-0.14535576470588235,-0.4294607874015748,2.002317098039216,2.160348818897638
2016.81536,-0.153608515625,-0.43028803921568626,2.0000832421875,2.1598241568627454
2016.8181,-0.1582054474708171,-0.442625234375,1.9980110894941632,2.1593561328125
2016.82084,-0.17217767441860463,-0.4456615564202335,1.9959377906976745,2.1589360311284045
2016.82358,-0.1746742084942085,-0.4546757751937984,1.9947268339768338,2.159957015503876
2016.82632,-0.1747503846153846,-0.45254911196911196,1.992481076923077,2.1594233204633206
2016.82906,-0.16787180076628352,-0.4529837692307692,1.99027877394636,2.1589258461538465
2016.8318,-0.17366580152671754,-0.46023517241379314,1.9881848091603052,2.1584308812260535
2016.83454,-0.18148653992395436,-0.46380503816793894,1.9860893155893538,2.1579160687022902
2016.83728,-0.18368833333333331,-0.46795501901140685,1.9842890909090907,2.158139011406844
2016.84002,-0.18313603773584905,-0.46710613636363635,1.9821996981132075,2.157838371212121
2016.84276,-0.1807393984962406,-0.47524524528301887,1.9803007142857143,2.1576048679245283
2016.8455,-0.18436677902621723,-0.48069853383458644,1.9783353183520598,2.157252293233083
2016.84824,-0.17970507462686566,-0.48602838951310856,1.976865037313433,2.1577267041198502
2016.85098,-0.17749799256505577,-0.48321436567164183,1.975073940520446,2.157271119402985
2016.85372,-0.1742998888888889,-0.4899457992565056,1.9730203333333336,2.156795501858736
2016.85646,-0.17096627306273063,-0.505001,1.9711860147601477,2.1565316666666665
2016.8592,-0.16849742647058824,-0.5054878228782288,1.9692598161764707,2.1562536900369005
2016.86194,-0.17061227106227106,-0.5044164705882352,1.9672761538461536,2.155755551470588
2016.86468,-0.17831711678832118,-0.5076148717948717,1.9653767153284674,2.1552818315018314
2016.86742,-0.1742632727272727,-0.4993831751824817,1.9636129090909091,2.1550074452554746
2016.87016,-0.17825152173913045,-0.49567781818181816,1.9617040942028987,2.154584909090909
2016.8729,-0.17887086642599279,-0.5016298550724637,1.9597936101083033,2.1541540579710143
2016.87564,-0.17927309352517984,-0.49442938628158845,1.9578743165467625,2.1536550180505416
2016.87838,-0.17731831541218637,-0.483838201438849,1.9562141577060934,2.153461762589928
2016.88112,-0.17742489285714286,-0.469372329749104,1.9543667500000002,2.1529233691756273
2016.88386,-0.17204786476868328,-0.4669091428571428,1.9528478647686836,2.1527299285714285
2016.8866,-0.17100744680851063,-0.4600956583629893,1.951004645390071,2.1523176868327405
2016.88934,-0.17223696113074205,-0.4638832624113475,1.9499122614840987,2.1526544326241135
2016.89208,-0.17013848591549297,-0.46097445229681977,1.9481083802816903,2.152199363957597
2016.89482,-0.16927456140350877,-0.45760257042253516,1.9464256140350877,2.1517557746478877
2016.89756,-0.1692354895104895,-0.4490334035087719,1.9449762237762238,2.151725754385965
2016.9003,-0.17565146341463414,-0.4452596853146853,1.9433046341463416,2.151403356643357
2016.90304,-0.1752270833333333,-0.44616069686411153,1.9417795486111114,2.1513026132404183
2016.90578,-0.17731318339100346,-0.43624225694444446,1.9399528719723185,2.150862222222222
2016.90852,-0.17841193103448277,-0.4314876816608996,1.9384240689655172,2.1504854325259513
2016.91126,-0.17888250859106528,-0.4263264827586207,1.9366682130584194,2.1500317241379308
2016.914,-0.17891236301369862,-0.4262320962199313,1.9349586986301368,2.1496337800687284
2016.91674,-0.17834327645051193,-0.4192307191780822,1.9351070648464164,2.1512621575342465
2016.91948,-0.17901503401360544,-0.4134460409556314,1.9350871428571428,2.1525956996587032
2016.92222,-0.1781495254237288,-0.40948020408163266,1.933397593220339,2.152175306122449
2016.92496,-0.17954547297297296,-0.4013630847457627,1.9316202702702703,2.1516719322033895
2016.9277,-0.17762723905723904,-0.39335547297297296,1.9301179124579122,2.1515847635135135
2016.93044,-0.17985825503355704,-0.38032760942760946,1.9284042617449666,2.151217643097643
2016.93318,-0.17734986622073576,-0.36513942953020134,1.9269941137123747,2.15107288590604
2016.93866,-0.16897543333333334,-0.35009568561872906,1.9258110333333331,2.151365685618729
2016.9414,-0.17073591362126245,-0.3409599,1.9240855481727577,2.1509386333333333
2016.94414,-0.17601139072847682,-0.34506362126245843,1.9238923178807947,2.1531057142857146
2016.94688,-0.16893795379537951,-0.32553824503311257,1.9223650165016501,2.152867682119205
2016.94962,-0.17087924342105262,-0.3130512211221122,1.921499605263158,2.1538411221122113
2016.95236,-0.16419403278688524,-0.304634375,1.9200924590163935,2.1535748355263156
2016.9551,-0.1645258823529412,-0.29770918032786886,1.9184804575163399,2.1530915081967215
2016.95784,-0.16465794788273616,-0.28584039215686274,1.9168742671009773,2.15267454248366
2016.96058,-0.16655522727272726,-0.28356061889250816,1.9154206493506494,2.1524717589576547
2016.96332,-0.162644498381877,-0.27399737012987013,1.913920873786408,2.15213461038961
2016.96606,-0.15563151612903225,-0.2638855987055016,1.912452258064516,2.1518608090614886
2016.9688,-0.15244913183279743,-0.2563071935483871,1.9113104501607716,2.151812870967742
2016.97154,-0.14871753205128205,-0.24949173633440516,1.9097114743589743,2.151430257234727
2016.97428,-0.14413099041533547,-0.24123554487179488,1.9082635463258784,2.1513415705128205
2016.97702,-0.1429754458598726,-0.23324159744408945,1.9072035031847134,2.1514445367412143
2016.97976,-0.13955184126984127,-0.22505936305732482,1.9056741904761905,2.1510782484076434
2016.9825,-0.13794139240506328,-0.21949301587301587,1.9041161075949367,2.1506874920634917
2016.98524,-0.13407511041009462,-0.21778436708860757,1.9026004416403783,2.1503017721518987
2016.98798,-0.13025650943396225,-0.21847287066246054,1.9011049685534591,2.14997429022082
2016.99072,-0.12273285266457681,-0.21451455974842767,1.899670250783699,2.149754528301887
2016.99346,-0.11798187499999999,-0.20667968652037616,1.89868796875,2.1502611912225706
2016.9962,-0.11125722741433021,-0.19674343749999998,1.8972390342679128,2.1499796562499998
2016.99894,-0.10516798136645962,-0.18586523364485982,1.8957123291925464,2.14956523364486
2017.00168,-0.10707538699690403,-0.17100263975155278,1.8942966563467492,2.14922798136646
2017.00442,-0.10646262345679013,-0.16085885448916407,1.892809814814815,2.148840866873065
2017.00716,-0.10575836923076921,-0.1489614197530864,1.8914240615384614,2.14860274691358
2017.0099,-0.10504935582822085,-0.14084763076923076,1.8900070858895703,2.1482140923076924
2017.01264,-0.09966596330275229,-0.12250723926380368,1.8886688685015292,2.1479217791411043
2017.01538,-0.09288728658536585,-0.11070880733944954,1.8873733536585364,2.1477444648318045
2017.01812,-0.08943155015197568,-0.09718405487804878,1.886199027355623,2.1476308231707315
2017.02086,-0.08264654545454544,-0.09619808510638297,1.8848870606060608,2.1473363525835865
2017.0236,-0.07697208459214501,-0.08900693939393939,1.8836784894259817,2.147131696969697
2017.02634,-0.07049367469879518,-0.07842858006042296,1.8827984939759037,2.1472805135951663
2017.02908,-0.06594621621621621,-0.06786171686746988,1.8815639939939939,2.147084126506024
2017.03182,-0.06003065868263473,-0.05377063063063063,1.8802224251497006,2.1468062462462463
2017.03456,-0.04892940298507462,-0.04235410179640718,1.8789631343283582,2.1466163173652695
2017.0373,-0.0390238988095238,-0.04037650746268656,1.877635982142857,2.146398208955224
2017.04004,-0.02642661721068249,-0.027508065476190474,1.8763321958456973,2.1460349404761905
2017.04552,-0.014839319526627214,-0.02411275147928994,1.875120946745562,2.1455206804733726
2017.04826,-0.008969469026548669,-0.015444011799410027,1.8747387315634219,2.146266902654867
2017.051,-0.01261511764705882,-0.019406264705882352,1.8737538529411766,2.1463078529411765
2017.05374,-0.010842756598240464,-0.011551290322580645,1.8728351319648096,2.14613926686217
2017.05648,-0.012474795321637424,-0.003982105263157895,1.8715104093567252,2.145749941520468
