2004.6525,4.10128,0.74819,1.5,2.18397
2004.65524,2.498765,0.6450400000000001,1.4204400000000001,2.0863199999999997
2004.65798,1.4982533333333334,0.15855333333333332,1.4080133333333336,2.0533866666666665
2004.66072,0.91724,0.032235,1.3998525,2.0452475
2004.66346,0.369828,-0.084218,1.39095,2.038068
2004.6662,0.134715,-0.13723666666666667,1.3813066666666665,2.0309833333333334
2004.66894,0.13205999999999998,-0.5391514285714286,1.39572,2.058747142857143
2004.67168,-0.01006,-0.456,1.38900375,2.04926875
2004.67442,0.059955555555555554,-0.45836111111111116,1.3840277777777779,2.043684444444444
2004.67716,0.107965,-0.52448,1.380603,2.040136
2004.6799,0.01533454545454546,-0.3958781818181818,1.3794190909090909,2.038799090909091
2004.68264,-0.04619333333333333,-0.3316516666666667,1.3776908333333333,2.0358658333333333
2004.68538,-0.09425692307692307,-0.28948384615384615,1.3739176923076923,2.0318815384615383
2004.70182,-0.23510785714285712,-0.2736135714285714,1.387375,2.0477507142857143
2004.7073,0.1534846666666666,-0.2249,1.4077173333333335,2.0729926666666665
2005.11008,0.11054812499999994,-0.03898062499999999,1.40451375,2.0687993749999998
2005.11282,0.034072941176470535,0.17322470588235295,1.400050588235294,2.063545294117647
2005.11556,-0.048961666666666716,0.3296122222222222,1.3957738888888889,2.058619444444444
2005.1183,-0.07278368421052638,0.4729957894736842,1.3946415789473685,2.0580215789473684
2005.12104,-0.13722450000000003,0.40287550000000005,1.3925100000000001,2.0547835
2005.12378,-0.15695809523809526,0.4408952380952381,1.389362380952381,2.0509785714285713
2005.12652,-0.18271681818181823,0.4322172727272727,1.3870068181818183,2.048407272727273
2005.12926,-0.1730630434782609,0.3718026086956522,1.385001304347826,2.046359130434783
2005.132,-0.15150625000000004,0.37674291666666665,1.3839975000000002,2.0461091666666666
2005.13474,-0.13495520000000003,0.340396,1.3825844,2.0437196
2005.13748,-0.13817807692307696,0.31221769230769236,1.380766153846154,2.041734615384615
2005.14022,-0.14424259259259262,0.27425962962962963,1.3807725925925924,2.0420244444444444
2005.14296,-0.12526250000000003,0.26504142857142854,1.3795464285714285,2.0403239285714285
2005.1457,-0.13900620689655174,0.23668999999999998,1.3780596551724138,2.0383444827586206
2005.14844,-0.13513433333333336,0.21571833333333332,1.377117,2.0380673333333332
2005.15118,-0.11209387096774197,0.20602548387096772,1.3766658064516129,2.037808064516129
2005.15392,-0.10105656250000003,0.19496,1.3759646875,2.037744375
2005.15666,-0.07671939393939398,0.21513181818181817,1.3755757575757575,2.0375451515151517
2005.1594,-0.06272617647058827,0.20407882352941176,1.3753735294117648,2.0377970588235295
2005.16214,-0.014133428571428595,0.22427714285714287,1.378076,2.0428925714285713
2005.16762,0.05331388888888886,0.12634675675675675,1.38103,2.057846216216216
2005.17036,0.0779797297297297,0.21334052631578948,1.380455945945946,2.0573860526315793
2005.1731,0.11926763157894733,0.19812153846153846,1.3800294736842105,2.0572146153846154
2005.17584,0.13282230769230766,0.252631,1.380252564102564,2.05794225
2005.17858,0.15544849999999996,0.25822999999999996,1.3797409999999999,2.0576817073170734
2005.18132,0.1881151219512195,0.2694528571428571,1.3818329268292682,2.060524523809524
2005.20598,0.1721985714285714,0.22423627906976745,1.383772142857143,2.0644641860465116
2005.20872,0.18223116279069765,0.2615681818181818,1.3831369767441861,2.0648563636363635
2005.21146,0.1992388636363636,0.29343400000000003,1.3827581818181818,2.0652566666666665
2005.2142,0.17026799999999997,0.21167489361702127,1.3846464444444444,2.1188291489361704
2005.21968,0.21516434782608693,0.09675708333333333,1.3880976086956522,2.1204495833333334
2005.22242,0.21129851063829788,0.11768673469387754,1.3875427659574469,2.119284081632653
2005.22516,0.2040308333333333,0.11651319999999998,1.3872197916666666,2.1180274
2005.2279,0.11656938775510205,0.15408549019607842,1.3865691836734695,2.1170001960784313
2005.23064,0.098386,0.13572615384615386,1.3859446,2.115681153846154
2005.23338,0.11779745098039215,0.18690283018867926,1.3944866666666667,2.1237977358490565
2005.24708,0.09271,0.047731090909090904,1.3943973076923077,2.1323776363636364
2005.24982,0.10256867924528301,-0.08786660714285717,1.400987924528302,2.141587142857143
2005.25256,0.05192509090909091,-0.27561,1.4165658181818181,2.1706410344827587
