2008.77894,0.12643,0.0403,1.34348,3.50996
2008.78168,-0.248605,-1.16993,1.34169,3.51205
2008.78442,-0.8053033333333334,-1.41516,1.3566200000000002,3.551793333333333
2008.78716,-0.63492,-1.12839,1.3563225,3.5737575
2008.7899,-0.335104,-1.11022,1.3585319999999999,3.58861
2008.79264,-0.0705716666666667,-1.24785,1.3633883333333332,3.5877033333333332
2008.79538,-0.3647728571428572,-1.2515085714285714,1.3636157142857144,3.583768571428571
2008.79812,-0.41430750000000005,-1.190685,1.3636375,3.58369375
2008.80086,-0.4211755555555556,-1.1699844444444443,1.361928888888889,3.578522222222222
2008.8036,-0.296976,-1.05587,1.362115,3.5771050000000004
2008.80634,-0.2872736363636364,-1.0392727272727273,1.36053,3.57005
2008.80908,-0.2301941666666667,-1.1086466666666668,1.3600050000000001,3.567134166666667
2008.81182,-0.2582861538461539,-1.0338446153846155,1.360846923076923,3.5682069230769233
2008.81456,-0.3174414285714286,-1.0241185714285714,1.3593507142857142,3.564195714285714
2008.8173,-0.3334473333333333,-0.8864533333333334,1.3579746666666668,3.560719333333333
2008.82004,-0.353894375,-0.7141500000000001,1.356770625,3.5568931249999998
2008.82278,-0.34199823529411766,-0.6543211764705882,1.3575347058823528,3.5631147058823527
2008.82552,-0.31498333333333334,-0.6369988888888889,1.35828,3.5695744444444446
2008.82826,-0.3165,-0.6336294736842105,1.3578784210526316,3.5696294736842105
2008.831,-0.30296850000000003,-0.66197,1.3570395,3.567901
2008.83374,-0.2485861904761905,-0.726252380952381,1.356507619047619,3.5652414285714285
2008.83648,-0.23110636363636364,-0.8312572727272727,1.360800909090909,3.5730922727272727
2008.83922,-0.24954,-0.8380208695652174,1.361294347826087,3.5718934782608693
2008.84196,-0.2520233333333333,-0.7589899999999999,1.3603533333333333,3.5687029166666666
2008.8447,-0.26111080000000003,-0.6860599999999999,1.3594396,3.5666879999999996
2008.84744,-0.239925,-0.6561807692307693,1.3590557692307692,3.5652303846153846
2008.85018,-0.21945925925925924,-0.6996425925925925,1.3587885185185185,3.5638033333333334
2008.85292,-0.226065,-0.7322664285714285,1.3597775,3.5653914285714285
2008.85566,-0.25535551724137934,-0.7722768965517242,1.359833448275862,3.5634799999999998
2008.8584,-0.26046233333333335,-0.7812686666666667,1.3594876666666666,3.5623236666666664
2008.86114,-0.2748867741935484,-0.7937596774193548,1.35901,3.561511612903226
2008.86388,-0.290068125,-0.830765625,1.3593084375,3.5614040625
2008.86662,-0.25890727272727276,-0.7792093939393939,1.3596612121212122,3.56130303030303
2008.86936,-0.26152264705882355,-0.7749052941176471,1.360555294117647,3.5610235294117647
2008.8721,-0.23421914285714288,-0.7583745714285713,1.3603405714285715,3.5601622857142856
2008.87484,-0.2111786111111111,-0.7869966666666666,1.3605358333333333,3.5609177777777776
2008.88032,-0.16956189189189189,-0.795224054054054,1.3651745945945946,3.572939189189189
2008.88306,-0.10471605263157895,-0.7629076315789474,1.3654523684210524,3.5735936842105263
2008.8858,-0.01713974358974359,-0.7458748717948718,1.3657464102564103,3.5731956410256407
2008.88854,0.037580999999999996,-0.68888025,1.3660855,3.57177175
2008.89128,0.04870390243902439,-0.6656770731707318,1.3657090243902439,3.5703151219512193
2008.9543,0.048069047619047615,-0.46052095238095236,1.3648954761904761,3.567981666666667
2008.95704,0.039043720930232555,-0.2715920930232558,1.3650086046511627,3.568675348837209
2008.95978,0.059404318181818176,-0.15601136363636361,1.364546590909091,3.5690522727272724
2008.96252,0.09948066666666668,-0.0015777777777777717,1.3638131111111111,3.568064444444444
2008.96526,0.12009565217391305,0.12343565217391304,1.363475,3.569529782608696
2008.968,0.15244893617021277,0.2986727659574468,1.3644217021276597,3.5720008510638297
2008.97074,0.21143187500000002,0.47091124999999995,1.3640352083333334,3.57031625
2008.97348,0.24855693877551022,0.5906612244897959,1.3633477551020408,3.568700408163265
2008.97622,0.2772958,0.685052,1.3628072,3.5675673999999997
2008.97896,0.30845529411764705,0.7651635294117647,1.3621707843137254,3.5665198039215684
2008.9817,0.29895346153846153,0.8374349999999999,1.3616507692307693,3.565713653846154
2008.98444,0.28492301886792454,0.8964069811320754,1.3643724528301886,3.5760677358490565
2008.98992,0.3352745454545455,0.9634785454545455,1.3836756363636362,3.6124563636363636
2008.99266,0.3674853571428572,0.9970492857142856,1.38283,3.611111607142857
2008.9954,0.37851210526315787,1.0423463157894737,1.3818673684210527,3.609410350877193
2008.99814,0.3886058620689655,1.0861596551724138,1.380999655172414,3.6077677586206898
2009.00362,0.37018559322033895,1.1455230508474576,1.3803233898305085,3.6056845762711864
2009.00636,0.3799115,1.21115,1.3794108333333335,3.604054333333333
2009.0091,0.3815304918032787,1.2634701639344263,1.3786260655737703,3.6023403278688524
2009.01184,0.370838064516129,1.2858209677419354,1.3779629032258065,3.601120322580645
2009.01458,0.37638873015873014,1.3043279365079363,1.3773966666666666,3.5999390476190474
2009.01732,0.384624375,1.312593125,1.37673625,3.5982390625
2009.02006,0.40097476923076925,1.282166153846154,1.3768126153846154,3.597975076923077
2009.0228,0.445465,1.309351212121212,1.3764704545454545,3.5972754545454544
2009.02554,0.5098611940298508,1.3213741791044777,1.3762276119402985,3.5966591044776117
2009.02828,0.5273366176470589,1.305728382352941,1.3757460294117647,3.595291911764706
2009.03102,0.5663624637681159,1.3125294202898552,1.3753995652173914,3.5936004347826085
2009.03376,0.5971151428571428,1.3242152857142857,1.3748754285714286,3.591778
2009.0365,0.6370533802816901,1.3441284507042255,1.3747023943661971,3.5915094366197184
2009.03924,0.6708154166666667,1.3633020833333331,1.374136111111111,3.5897376388888893
2009.04198,0.6877473972602739,1.372930410958904,1.3736017808219179,3.588272328767123
2009.04472,0.7118424324324325,1.391386891891892,1.3732432432432433,3.5869597297297298
2009.04746,0.7467073333333334,1.4435717333333333,1.3728146666666667,3.585375333333333
2009.0502,0.7611801315789474,1.4950088157894736,1.3724444736842105,3.583887631578947
2009.05294,0.7889124675324676,1.5337532467532469,1.372145974025974,3.58271025974026
2009.05568,0.8158688461538462,1.5726778205128205,1.371640769230769,3.581268076923077
2009.05842,0.8331007594936709,1.619648734177215,1.3716169620253165,3.5817158227848105
2009.06116,0.8558916249999999,1.6557400000000002,1.371295125,3.5804004999999997
2009.0639,0.8600077777777777,1.7027616049382714,1.3709665432098765,3.5790402469135802
2009.06664,0.8636324390243902,1.7562526829268292,1.3706459756097562,3.577840731707317
2009.06938,0.86994,1.8240878313253013,1.370347469879518,3.5766196385542166
2009.07212,0.8754894047619048,1.8691,1.370027619047619,3.5754525
2009.07486,0.8799898823529411,1.8919535294117646,1.3697434117647058,3.5745589411764707
2009.0776,0.8967220930232558,1.896107441860465,1.369451976744186,3.573296976744186
2009.08034,0.905505632183908,1.9138272413793105,1.3691397701149426,3.5721602298850574
2009.08308,0.9106114772727273,1.9376390909090908,1.3696625,3.5729271590909093
2009.08582,0.9158939325842697,1.9651241573033709,1.3702270786516855,3.5733242696629217
2009.08856,0.9227248888888889,1.9702266666666668,1.3699564444444445,3.5723877777777777
2009.0913,0.925284065934066,1.9744317582417583,1.369718021978022,3.5715638461538464
2009.09404,0.9285478260869565,1.9864752173913043,1.3694458695652174,3.5703258695652176
2009.09678,0.930901935483871,2.000340752688172,1.3692309677419354,3.5691369892473115
2009.09952,0.9260881914893617,2.009672340425532,1.36908414893617,3.5684184042553193
2009.10226,0.9266276842105263,2.018465789473684,1.3688397894736843,3.567296631578947
2009.105,0.9161031249999999,2.0283525,1.3686130208333334,3.5661546874999996
2009.10774,0.9154639175257732,2.03404206185567,1.3697328865979381,3.5686159793814434
2009.11596,0.8977308080808081,2.0928936363636366,1.3880566666666667,3.6103859595959595
2009.1187,0.8971528000000001,2.1025976,1.3876229,3.6089424
2009.12144,0.8976548514851485,2.1080850495049503,1.3874578217821782,3.6080866336633663
2009.12418,0.8993522549019608,2.1140486274509804,1.3872140196078433,3.607063137254902
2009.12692,0.8977344660194175,2.1302802912621357,1.3868705825242718,3.605470485436893
2009.12966,0.9016278846153847,2.136955096153846,1.3867404807692307,3.6050348076923076
2009.1324,0.891665619047619,2.1419079047619047,1.3864308571428572,3.603452
2009.13514,0.8914944339622642,2.1507817924528303,1.3861158490566037,3.602135849056604
2009.13788,0.8892545794392523,2.1584578504672898,1.3860969158878504,3.6011766355140185
2009.14062,0.891116851851852,2.1740519444444444,1.3859566666666667,3.599809074074074
2009.14336,0.888421376146789,2.176273119266055,1.38568752293578,3.5982171559633027
2009.1461,0.8892651818181818,2.1635224545454546,1.385825,3.5973958181818184
2009.14884,0.9041021621621621,2.166916306306306,1.3859276576576578,3.5973807207207207
2009.15158,0.8965933035714285,2.162611517857143,1.3859965178571427,3.5968242857142854
2009.15432,0.8890485840707965,2.1630602654867257,1.3859584955752213,3.5956298230088497
2009.15706,0.8867935087719299,2.178532192982456,1.3858792105263158,3.5942911403508773
2009.1598,0.8976987826086956,2.186139739130435,1.386019391304348,3.5935396521739134
2009.16528,0.8918803448275862,2.202158034188034,1.3863836206896551,4.502715811965812
2009.16802,0.8881949572649572,2.2056653389830507,1.386649829059829,4.494710338983051
2009.17076,0.886715593220339,2.1962358823529415,1.386344745762712,4.485679327731092
2009.1735,0.8812941176470588,2.193476416666667,1.3861050420168066,4.4766245
2009.17624,0.8757874166666666,2.201279421487603,1.3866654166666665,4.468704710743801
2009.17898,0.8736438842975206,2.2119999180327867,1.3864664462809917,4.460177459016394
2009.18172,0.8786886065573771,2.2310461788617886,1.3864665573770492,4.451975934959349
2009.18446,0.8770430081300813,2.2478382258064515,1.3862821951219513,4.443906693548388
2009.1872,0.878399193548387,2.26798192,1.3860429838709676,4.4356152
2009.18994,0.8793892,2.296786349206349,1.38579808,4.427388888888889
2009.19268,0.8785534126984127,2.31999968503937,1.3856612698412698,4.4195062204724405
2009.19542,0.8737538582677166,2.33475296875,1.3854137795275592,4.411665
2009.19816,0.8640678125,2.342646046511628,1.385198203125,4.404010232558139
2009.2009,0.8472113178294574,2.3500609999999997,1.3857358139534883,4.397583461538461
2009.20364,0.8452136153846154,2.347320152671756,1.3857782307692308,4.390280763358779
2009.20638,0.8415687022900763,2.345253939393939,1.3855556488549619,4.383041212121212
2009.20912,0.8423952272727272,2.3527266165413536,1.385282196969697,4.375674586466165
2009.21186,0.8452689473684211,2.355166417910448,1.384994887218045,4.3685115671641785
2009.2146,0.8481291044776119,2.3449148148148145,1.3847564179104477,4.3615321481481475
2009.21734,0.8467611851851852,2.3422591176470586,1.3845037777777778,4.354563088235294
2009.22008,0.8579422794117647,2.339865109489051,1.3845094852941178,4.348016423357665
2009.22282,0.8639596350364963,2.3380315217391305,1.384236204379562,4.341337246376812
2009.22556,0.8633023188405796,2.337170647482014,1.3839322463768116,4.334709064748201
2009.2283,0.8574453956834532,2.3350044999999997,1.3837357553956835,4.328235285714285
2009.23104,0.8515502142857142,2.333610496453901,1.3834994285714286,4.321927517730496
2009.23378,0.8509934751773051,2.322254014084507,1.3847824822695036,4.319980492957747
2009.23652,0.8507680281690141,2.3180041958041957,1.3845757746478873,4.314067342657342
2009.23926,0.8441186713286712,2.3133171527777776,1.3844053146853146,4.308250833333333
2009.242,0.8405959027777778,2.3025329655172415,1.3841543055555556,4.30238475862069
2009.24474,0.8380660689655173,2.3031947260273973,1.384030275862069,4.2969142465753425
2009.24748,0.8401868493150685,2.312463401360544,1.3838425342465754,4.291318911564626
2009.25022,0.8323055782312925,2.3213469594594596,1.3839660544217687,4.286675472972973
2009.25296,0.8302668243243243,2.317638389261745,1.384031418918919,4.281982080536912
2009.2557,0.8314026174496645,2.3153761999999998,1.3838073825503354,4.276612133333333
2009.25844,0.8318561333333333,2.3105912582781456,1.3836022666666665,4.271354900662252
2009.26118,0.830733642384106,2.30736625,1.383431523178808,4.266249407894737
2009.26392,0.8364873026315789,2.295866666666667,1.3832315789473686,4.261183333333333
2009.26666,0.8408188888888888,2.2910783766233767,1.3830264052287582,4.2562781168831165
2009.2694,0.8401587662337662,2.2621489032258064,1.3828316883116882,4.251449677419354
2009.27214,0.832242193548387,2.2422219871794873,1.3825932258064517,4.246522243589744
2009.27488,0.8258561538461539,2.2280810191082803,1.3824114102564102,4.24187076433121
2009.27762,0.8241624840764331,2.2097553797468352,1.3822319108280254,4.237304620253165
2009.28036,0.8216606962025317,2.2084246540880503,1.3821907594936709,4.2331774213836475
2009.2831,0.8286427672955975,2.1994639375,1.3820149056603774,4.2287880625
2009.28584,0.8276183749999999,2.1981209937888195,1.381923375,4.224531180124224
2009.28858,0.8298299378881988,2.187310308641975,1.3817365217391304,4.220133148148148
2009.29132,0.8364643827160494,2.1760036809815952,1.3816773456790123,4.215853251533742
2009.29406,0.8387715950920246,2.1614114024390245,1.3814869938650307,4.211447012195122
2009.2968,0.8365075609756097,2.148144727272727,1.3813499390243902,4.20722090909091
2009.29954,0.8311190303030302,2.1329327108433733,1.3811928484848484,4.203070963855422
2009.30228,0.8323672891566265,2.113768383233533,1.3810304216867468,4.198970718562874
2009.30502,0.8260193413173653,2.094186607142857,1.381020119760479,4.1953675
2009.30776,0.8216811309523809,2.0861829585798817,1.3809104166666668,4.19144798816568
2009.3105,0.8178968047337278,2.081929588235294,1.3807313609467455,4.18755
2009.31324,0.8274934705882353,2.0798755555555557,1.3807370588235295,4.18430918128655
2009.31598,0.8253993567251462,2.079323953488372,1.3821952631578946,4.184280174418604
2009.31872,0.8326291279069767,2.070326358381503,1.3820118604651164,4.180612080924855
2009.32146,0.8349541040462427,2.0767111494252872,1.381837456647399,4.176938103448276
2009.3242,0.8344588505747127,2.0739403428571426,1.3818366666666666,4.173318057142857
2009.32694,0.8344489142857143,2.0622211363636365,1.3817744571428572,4.169620284090909
2009.32968,0.8391659659090909,2.0412814689265537,1.3815094318181818,4.165834293785311
2009.33242,0.845450790960452,2.006608202247191,1.3812945762711863,4.162243651685393
2009.33516,0.8391477528089888,1.997096312849162,1.3811425280898877,4.158856703910614
2009.3379,0.8419259217877094,1.9840986666666667,1.380925474860335,4.155170388888889
2009.34064,0.8333283888888889,1.97168408839779,1.3807705555555556,4.151779060773481
2009.34338,0.8299028176795581,1.9653704395604397,1.3805711602209945,4.148390494505494
2009.34612,0.8191793956043957,1.9351888524590164,1.3803476923076923,4.144867540983607
2009.34886,0.8098460109289617,1.9125936956521739,1.3800940437158469,4.141326032608696
2009.3516,0.804075652173913,1.8931484324324324,1.379875597826087,4.1378567027027024
2009.35434,0.7933943243243243,1.8771355913978496,1.3796853513513514,4.134548387096774
2009.35708,0.7812898387096774,1.8624091978609625,1.37951,4.131185989304813
2009.35982,0.7708491978609625,1.8508210638297873,1.3795472727272728,4.12832664893617
2009.36256,0.7607267021276595,1.8331044444444446,1.3793935638297872,4.12504380952381
2009.3653,0.7496369312169312,1.8208824210526318,1.3792288359788358,4.1218065263157895
2009.36804,0.7441424736842105,1.8012728795811517,1.3790595789473685,4.118625026178011
2009.37078,0.73359,1.7881152083333334,1.378910837696335,4.1156292187500005
2009.37352,0.7281366666666668,1.776319481865285,1.3787263020833331,4.112426010362694
2009.37626,0.7166824870466321,1.7527821649484536,1.3786179792746114,4.109493041237114
2009.379,0.7028563402061856,1.7343813333333333,1.3785538144329896,4.106633076923077
2009.38174,0.7011511282051281,1.7095536734693877,1.3783739487179487,4.103556836734694
2009.38448,0.6919375000000001,1.6911990862944164,1.3781898469387754,4.10050116751269
2009.38722,0.6833348223350254,1.6765477777777777,1.3780318781725889,4.097613737373738
2009.38996,0.6752378787878788,1.6561821105527639,1.3778513636363636,4.094744824120602
2009.3927,0.6622772361809045,1.6332228,1.3776486432160804,4.091925499999999
2009.39544,0.64986085,1.6097583084577114,1.3774778,4.089092587064677
2009.39818,0.6427119402985075,1.585370396039604,1.3773265174129352,4.08638094059406
2009.40092,0.6306681188118812,1.5643978325123153,1.377123514851485,4.083489901477832
2009.40366,0.6195111330049261,1.5483296078431372,1.3769225123152709,4.0806989705882355
2009.4064,0.6082573039215686,1.5195427804878048,1.3766942156862745,4.077965902439025
2009.40914,0.6009275609756097,1.4930429126213594,1.3764972682926828,4.075249223300971
2009.41188,0.5914744660194174,1.459202657004831,1.3763428155339805,4.072690144927536
2009.41462,0.5873007729468599,1.4341278846153847,1.3762706280193235,4.070266298076923
2009.41736,0.5770755288461539,1.4033004306220094,1.37611875,4.067645454545454
2009.4201,0.5744836842105263,1.373002476190476,1.3759797607655502,4.065179047619048
2009.42284,0.5722114761904762,1.3400463981042654,1.3758022857142858,4.062815355450237
2009.42558,0.570278009478673,1.3032811320754716,1.3756038388625593,4.060355566037736
2009.42832,0.5710794339622641,1.2753612676056338,1.375604433962264,4.058115258215962
2009.43106,0.5648354460093896,1.2449291588785047,1.3754199999999999,4.055524485981309
2009.4338,0.5580747196261682,1.2196477674418604,1.375226121495327,4.052986976744186
2009.43654,0.5491533023255813,1.1867094444444444,1.3750451627906977,4.050560138888889
2009.43928,0.5391382407407407,1.1498836405529953,1.3748493055555555,4.04816529953917
2009.44202,0.5345055299539171,1.1196688073394494,1.3746827649769584,4.045792431192661
2009.44476,0.5306994036697248,1.0867095433789953,1.3745287155963304,4.043364794520548
2009.4475,0.5265258904109589,1.0558614545454545,1.3743596803652969,4.040959227272728
2009.45024,0.5182581818181818,1.0258515384615385,1.3742193181818183,4.038594389140272
2009.45298,0.5123636199095023,0.9955153153153153,1.3740046153846153,4.036213153153153
2009.45572,0.5057155405405406,0.9648706278026905,1.3738187387387386,4.0338626457399105
2009.45846,0.49636892376681613,0.9348948214285714,1.3736720179372197,4.031579821428571
2009.4612,0.4864313839285714,0.9110456444444444,1.3735479017857144,4.029335911111112
2009.46394,0.48611964444444444,0.8767904424778761,1.373568222222222,4.027639380530974
2009.46668,0.4844873451327434,0.847513436123348,1.373530221238938,4.025819603524229
2009.46942,0.48304092511013214,0.8254605263157894,1.3733820704845814,4.023621271929824
2009.47216,0.47268144736842105,0.8009562882096071,1.373224736842105,4.021369082969432
2009.4749,0.4627003493449781,0.7779457391304347,1.373094847161572,4.019145565217391
2009.47764,0.45643182608695654,0.7545696536796537,1.3730751304347826,4.017167662337663
2009.48038,0.4519965367965368,0.7254879310344827,1.3734226406926406,4.0161264655172415
2009.48312,0.44454314655172417,0.704469313304721,1.3733296120689653,4.014133648068669
2009.48586,0.4381834763948498,0.6838762393162393,1.3732784120171673,4.01223829059829
2009.4886,0.43547615384615385,0.6644607234042553,1.373288888888889,4.010359063829787
2009.49134,0.42588519148936166,0.6437247457627119,1.3732840425531914,4.0084425847457625
2009.49408,0.4163625,0.6220352320675105,1.373243813559322,4.006436371308016
2009.49682,0.41246839662447254,0.5957067226890757,1.3734810548523209,4.005281974789916
2009.49956,0.40180420168067227,0.5747849372384938,1.3733650420168069,4.003515815899582
2009.5023,0.39405744769874473,0.5482314166666666,1.3732350209205022,4.001468041666667
2009.50504,0.38842079166666665,0.5190083817427386,1.373096125,3.9993938589211617
2009.50778,0.37871443983402486,0.4911034710743801,1.3729980497925312,3.997449214876033
2009.51052,0.3671210743801653,0.46306419753086414,1.373147520661157,3.9959423456790124
2009.51326,0.35698086419753083,0.4410930327868852,1.3730254320987654,3.9938820491803275
2009.516,0.34523905737704913,0.423332,1.3728701229508196,3.991881265306122
2009.51874,0.33323771428571425,0.4022338211382114,1.3727160816326531,3.9898117073170734
2009.52148,0.32345971544715446,0.38132485829959517,1.372597235772358,3.987860526315789
2009.52422,0.31593064777327934,0.3562157258064516,1.3724793522267207,3.985958830645161
2009.52696,0.3060628225806451,0.32884859437751,1.3724250403225806,3.9840555823293173
2009.5297,0.2949004819277108,0.30414655999999995,1.37234718875502,3.98220104
2009.53244,0.28401516,0.283926374501992,1.37220308,3.9802529482071716
2009.53518,0.2768935856573705,0.2629838888888889,1.3720601195219124,3.9782788095238093
2009.53792,0.2711139682539682,0.24141067193675889,1.3719561904761906,3.9763450592885374
2009.54066,0.262826442687747,0.21648976377952756,1.3718294861660079,3.974377125984252
2009.5434,0.256548779527559,0.1873193725490196,1.3717555118110236,3.9725230588235294
2009.54614,0.2484102745098039,0.16228132812499999,1.3716305882352942,3.970716171875
2009.54888,0.237643671875,0.14279821011673152,1.3714973046875,3.9688256809338522
2009.55162,0.22930299610894941,0.12119302325581396,1.3713882879377433,3.9669498449612406
2009.55436,0.22096468992248058,0.09587644787644788,1.3712801162790698,3.9650400386100384
2009.5571,0.2094627027027027,0.06973746153846154,1.3711866409266409,3.9631771153846156
2009.55984,0.20490665384615384,0.04259777777777777,1.371351076923077,3.9616650574712646
2009.56258,0.19604425287356322,0.01744595419847328,1.3715874712643679,3.960579694656489
2009.56532,0.1940469465648855,-0.01148973384030419,1.3717810305343512,3.9594628136882126
2009.56806,0.18576798479087453,-0.03847689393939394,1.3717052091254753,3.957728446969697
2009.5708,0.1746878409090909,-0.0722885283018868,1.3716390151515152,3.9559598113207546
2009.57354,0.16841558490566036,-0.11427624060150376,1.3715868679245284,3.954275263157894
2009.57628,0.16594962406015035,-0.1516740074906367,1.3715979323308272,3.9528697003745323
2009.57902,0.16078280898876404,-0.17603694029850747,1.3715105243445693,3.9511858208955224
2009.58176,0.15476623134328357,-0.20041375464684014,1.3714505223880598,3.949460037174721
2009.5845,0.14822163568773233,-0.2276228148148148,1.3714575464684016,3.947994962962963
2009.58724,0.1420622962962963,-0.2592490036900369,1.3714202962962962,3.9464171955719554
2009.58998,0.13462712177121772,-0.28587227941176474,1.3714890774907749,3.944920257352941
2009.5982,0.12797382352941175,-0.30685864468864466,1.3714300367647059,3.9432657142857144
2009.60094,0.11917120879120877,-0.3292701459854015,1.3714457875457875,3.9416766788321174
2009.60368,0.11046543795620437,-0.35392396363636364,1.3713960583941605,3.9401524363636358
2009.60642,0.10651,-0.3751218115942029,1.371346690909091,3.938525579710145
2009.60916,0.10165543478260869,-0.390045523465704,1.3712976811594202,3.9370539350180507
2009.6119,0.09469848375451263,-0.4123994964028777,1.3712662454873648,3.935517625899281
2009.61464,0.08616543165467624,-0.43396763440860214,1.3712307553956835,3.934074802867384
2009.61738,0.07700157706093189,-0.4487690714285714,1.3711997849462365,3.9325451785714285
2009.62012,0.06882435714285713,-0.4704418861209964,1.3711605,3.9310711032028465
2009.62286,0.06464814946619217,-0.4869023404255319,1.3711214946619217,3.929629716312057
2009.6256,0.05883109929078013,-0.5021420848056537,1.3710912411347518,3.928168975265018
2009.62834,0.051655618374558294,-0.5227761267605634,1.3711540282685513,3.927101514084507
2009.63108,0.04513605633802816,-0.5464003157894737,1.3711364788732394,3.9257406315789476
2009.63382,0.041686561403508765,-0.5660776923076923,1.3712824912280703,3.9245574825174825
2009.63656,0.03790783216783216,-0.5826509059233449,1.3714066083916083,3.9234189895470384
2009.6393,0.03132592334494773,-0.6001314583333334,1.3714757491289198,3.9221140972222224
2009.64204,0.025501284722222215,-0.6179908996539792,1.3715195486111111,3.920868892733564
2009.64478,0.017581764705882345,-0.6334356551724137,1.3715506574394463,3.9196178620689657
2009.64752,0.013061448275862062,-0.6429373539518901,1.3718492068965518,3.918756391752577
2009.65026,0.002403573883161506,-0.6569474657534247,1.3719282130584192,3.917571301369863
2009.653,-0.0016781164383561698,-0.6701877474402731,1.3720107534246575,3.91634433447099
2009.65574,-0.006680955631399323,-0.6810095918367347,1.371990819112628,3.9148553401360546
2009.65848,-0.01277585034013606,-0.6983460677966101,1.371962925170068,3.913454440677966
2009.66122,-0.019287288135593227,-0.7119588513513514,1.3719554576271187,3.9120135472972977
2009.66396,-0.028667128378378388,-0.7209831986531987,1.3719923986486486,3.910645757575758
2009.6667,-0.03395373737373738,-0.7316397986577181,1.37207734006734,3.9095609060402685
2009.66944,-0.04258429530201343,-0.7436313377926421,1.3721537248322149,3.9084203344481607
2009.67218,-0.04474598662207359,-0.7564444666666666,1.3724013377926423,3.9076150666666662
2009.67492,-0.05164346666666667,-0.7686822923588039,1.3725,3.9064885382059797
2009.67766,-0.06475116279069767,-0.7821253642384106,1.3726972093023255,3.905480298013245
2009.6804,-0.06986500000000001,-0.7949267656765676,1.3728140066225165,3.9043751485148515
2009.68314,-0.07748326732673268,-0.8052770394736841,1.372811815181518,3.9030708552631577
2009.68588,-0.08521940789473685,-0.8174625573770492,1.3727978289473683,3.901857409836066
2009.68862,-0.08824275409836066,-0.831837908496732,1.3728935737704917,3.9008979738562095
2009.69136,-0.09736421568627451,-0.8402481433224757,1.3728755228758172,3.899672247557003
2009.6941,-0.10036781758957655,-0.852153961038961,1.3729120521172637,3.8986514285714287
2009.69684,-0.10752746753246753,-0.8682948867313915,1.3728940584415583,3.897454466019417
2009.69958,-0.11511996763754047,-0.8806686451612903,1.372934142394822,3.8962112258064514
2009.70232,-0.12587016129032258,-0.8945012861736336,1.3729084838709678,3.89500961414791
2009.70506,-0.13335852090032155,-0.9058492948717949,1.372906045016077,3.893896153846154
2009.7078,-0.13745935897435899,-0.9214233865814697,1.3728768269230769,3.892669520766773
2009.71054,-0.14420194888178914,-0.9310812738853502,1.3728859424920128,3.891603917197452
2009.71328,-0.1494622929936306,-0.9467427936507936,1.373012898089172,3.8907509523809525
2009.71602,-0.15664184126984126,-0.9622022151898735,1.3730821904761905,3.8897511392405066
2009.71876,-0.1647666772151899,-0.9709630283911672,1.3730981329113923,3.888652050473186
2009.7215,-0.17518116719242904,-0.9778305660377359,1.3730386119873816,3.887369119496855
2009.72424,-0.18186685534591196,-0.9848194984326019,1.3730508176100629,3.8861729153605014
2009.72698,-0.1853196238244514,-0.9998349375,1.3730667084639498,3.8850430000000005
2009.72972,-0.18850415625,-1.0084404984423676,1.37303771875,3.8839461993769473
2009.73246,-0.19340112149532712,-1.0149008695652175,1.3730684112149532,3.8827847515527947
2009.7352,-0.19655360248447207,-1.0271461919504643,1.3731100621118013,3.8817470588235294
2009.73794,-0.2042533436532508,-1.0315241358024692,1.3730553250773994,3.8805220987654323
2009.74068,-0.2076063888888889,-1.0417073230769232,1.3730820061728395,3.8796264923076924
2009.74342,-0.21177593846153844,-1.0437220858895706,1.3732260923076922,3.8787620245398773
2009.74616,-0.21755509202453988,-1.0452335779816513,1.3732044478527607,3.8776214067278283
2009.7489,-0.2218098165137615,-1.050063475609756,1.373171987767584,3.876398445121951
2009.75164,-0.22589246951219513,-1.0543821276595746,1.3731615853658536,3.8752719452887536
2009.75438,-0.23178635258358662,-1.053745696969697,1.3731113069908816,3.8741205757575754
2009.75712,-0.23339018181818183,-1.052661329305136,1.3730794242424242,3.87298247734139
2009.75986,-0.23850416918429002,-1.053611987951807,1.3730477341389729,3.87181343373494
2009.7626,-0.2427743072289157,-1.0535883483483484,1.3730234337349396,3.87067027027027
2009.76534,-0.2506976876876877,-1.051931497005988,1.3729849249249249,3.869615359281437
2009.76808,-0.2556277245508982,-1.0563127761194029,1.373086107784431,3.868891432835821
2009.77082,-0.25742704477611944,-1.0580145833333334,1.373051223880597,3.867748482142857
2009.77356,-0.26101047619047624,-1.0583753115727004,1.373030744047619,3.8666743916913946
2009.7763,-0.2655372403560831,-1.0555252071005916,1.3729926706231455,3.86552
2009.77904,-0.2680818047337278,-1.0508554867256636,1.3729618934911243,3.8644094395280235
2009.78178,-0.2709212979351032,-1.0464175294117648,1.3729665191740412,3.863434617647059
2009.78452,-0.27319429411764706,-1.0514849560117303,1.3729992352941178,3.8625697947214075
2009.78726,-0.273328064516129,-1.0569773099415205,1.3731578299120235,3.8617773099415205
2009.79,-0.2724144736842105,-1.06066638483965,1.3734830994152047,3.8614102332361515
2009.79274,-0.2738883090379009,-1.0729429069767442,1.3736428279883381,3.860674360465116
2009.79548,-0.27858633720930237,-1.0800568405797102,1.3737634593023256,3.8597608695652177
2009.79822,-0.2797732753623189,-1.085156994219653,1.3739076231884058,3.858828468208092
2009.80096,-0.2796443063583815,-1.0901022766570605,1.374016416184971,3.8578954178674354
2009.8037,-0.2806257925072046,-1.091204367816092,1.3741418155619596,3.857003793103448
2009.80644,-0.2831363218390805,-1.0938114899713467,1.3743351149425287,3.8561952148997136
2009.80918,-0.2852515759312321,-1.1004593142857142,1.3745033524355301,3.855451
2009.81192,-0.2915120571428571,-1.1008625925925926,1.374793457142857,3.8548898290598292
2009.81466,-0.2945233903133903,-1.1010347727272727,1.3749288034188034,3.854034715909091
2009.8174,-0.29303769886363634,-1.1011931161473087,1.3751142897727273,3.8532200000000003
2009.82014,-0.2981300283286119,-1.09768802259887,1.3751803116147308,3.8522562429378526
2009.82288,-0.29709209039548024,-1.0916096056338027,1.3752594632768362,3.851268450704225
2009.82562,-0.29205738028169015,-1.0851649438202247,1.3753381690140845,3.850403735955056
2009.82836,-0.2909725,-1.0813403081232493,1.375537191011236,3.849737226890756
2009.8311,-0.29164736694677873,-1.0862422346368716,1.37574512605042,3.848934189944134
2009.83384,-0.28861754189944133,-1.0850262116991642,1.3757717597765364,3.847989972144847
2009.83658,-0.28613961002785515,-1.0792737777777779,1.3759446239554316,3.847388
2009.83932,-0.28457008333333333,-1.0732082271468144,1.3760004166666666,3.8464648753462605
2009.84206,-0.28082939058171746,-1.0715061878453038,1.376098891966759,3.8456797513812155
2009.8448,-0.28367309392265194,-1.0752280165289256,1.3762958011049724,3.844968126721763
2009.84754,-0.2854710192837466,-1.0802685714285714,1.3765344077134987,3.844386813186813
2009.85028,-0.2921932967032967,-1.0849320821917807,1.3766798351648353,3.8435966575342464
2009.85302,-0.2936131780821918,-1.0736232786885247,1.3767753698630136,3.842707950819672
2009.85576,-0.29205827868852463,-1.070328310626703,1.3768867213114755,3.8419380653950954
2009.8585,-0.2942041416893733,-1.0712264130434783,1.3770853133514986,3.841206467391304
2009.86124,-0.29582494565217393,-1.0646628997289973,1.3771789673913042,3.840331463414634
2009.86398,-0.2965672357723577,-1.0559361081081082,1.377459837398374,3.8396534054054055
2009.86672,-0.2962814864864865,-1.047758948787062,1.3776810810810811,3.838956442048518
2009.86946,-0.29729382749326144,-1.0358742741935485,1.3778109973045822,3.8381226612903223
2009.8722,-0.29732779569892476,-1.0269902144772118,1.3779402150537634,3.837315764075067
2009.87494,-0.29421163538873996,-1.0238982085561497,1.3780527345844504,3.836490828877005
2009.87768,-0.2940962834224599,-1.0189652533333333,1.3781966042780747,3.83608864
2009.88042,-0.2982457333333333,-1.016408164893617,1.37839064,3.83571085106383
2009.88316,-0.29912329787234043,-1.006619177718833,1.3785328457446808,3.8348911936339523
2009.8859,-0.30331997347480105,-0.9990971693121693,1.3790765782493368,3.8350442592592593
2009.88864,-0.30459780423280425,-0.9893551715039579,1.3790835185185186,3.8342030870712405
2009.89138,-0.30641261213720317,-0.9833577631578947,1.3791313720316623,3.833371842105263
2009.89412,-0.30734173684210525,-0.9743825459317585,1.3791475526315788,3.8324461417322837
2009.89686,-0.3054892650918635,-0.9661047382198953,1.3791981364829395,3.8315581413612563
2009.8996,-0.30232206806282724,-0.9655919843342037,1.3792390837696336,3.830729373368146
2009.90234,-0.30485044386422977,-0.962460703125,1.3792174412532636,3.8297959895833333
2009.90508,-0.30556895833333336,-0.9571287012987013,1.3792208072916665,3.828997844155844
2009.90782,-0.30875402597402596,-0.9522503886010363,1.3792024415584414,3.8281604922279793
2009.91056,-0.3089771761658031,-0.9457602325581396,1.3791903367875649,3.8273220671834625
2009.9133,-0.3116360465116279,-0.9404619329896907,1.3791875710594315,3.8264663917525774
2009.91604,-0.31091798969072165,-0.9310789460154242,1.379147886597938,3.8255828534704373
2009.91878,-0.3112989203084833,-0.9182144871794872,1.3791145244215939,3.824778923076923
2009.92152,-0.31173448717948715,-0.9091331202046036,1.3790629743589744,3.8239202557544756
2009.92426,-0.31161301790281326,-0.8973620153061225,1.3790055754475705,3.8230072704081635
2009.927,-0.30957905612244896,-0.8822372264631043,1.3789697959183673,3.822173460559797
2009.92974,-0.3086166921119593,-0.8670431725888325,1.3789311704834606,3.82129078680203
2009.93248,-0.30833451776649745,-0.8455373417721519,1.3788896954314722,3.8204549620253165
2009.93522,-0.3070286329113924,-0.8249872474747475,1.3788544810126582,3.8196391919191917
2009.93796,-0.3035931565656566,-0.8005720654911839,1.3789581565656563,3.818969798488665
2009.9407,-0.30257314861460954,-0.7807103768844221,1.3789018891687657,3.8180357286432165
2009.94344,-0.30018658291457284,-0.7616812280701755,1.3789629396984926,3.8172216791979947
2009.94618,-0.2975564912280702,-0.737925875,1.379014686716792,3.816479675
2009.94892,-0.29560722500000003,-0.7185519950124688,1.37897065,3.8156944139650872
2009.95166,-0.2910369326683292,-0.7029323631840796,1.3789208728179552,3.8148662437810943
2009.9544,-0.28750199004975124,-0.6882077667493797,1.378912935323383,3.8141044665012407
2009.95714,-0.2864611910669975,-0.6823542326732673,1.37889317617866,3.813330915841584
2009.95988,-0.28511878712871286,-0.6706961728395062,1.3788971782178219,3.812556024691358
2009.96262,-0.2797831851851852,-0.6615597044334975,1.3788657530864197,3.811779802955665
2009.96536,-0.27430652709359604,-0.6537985012285012,1.3789168472906403,3.8111461670761675
2009.9681,-0.27096751842751843,-0.647431862745098,1.3789735626535629,3.81049512254902
2009.97084,-0.27138279411764704,-0.6441561613691932,1.3790446323529413,3.809837041564792
2009.97358,-0.2704539119804401,-0.6356682926829269,1.3790774083129582,3.8091413414634143
2009.97632,-0.2681150975609756,-0.6233785644768857,1.3790197317073172,3.8083319708029197
2009.97906,-0.2642525547445255,-0.6119287378640776,1.3789710462287106,3.80752145631068
2009.9818,-0.2607026213592233,-0.5962933414043583,1.3789254854368933,3.806719927360775
2009.98454,-0.2576324939467312,-0.5834471497584541,1.3788685956416464,3.8058717632850243
2009.98728,-0.25629234299516906,-0.5660784337349397,1.378823502415459,3.80498734939759
2009.99002,-0.25220701204819274,-0.5491741346153847,1.37877,3.8041273076923074
2009.99276,-0.24774245192307692,-0.5339491366906475,1.3787282451923075,3.8032764028776977
2009.9955,-0.24230906474820144,-0.5188746411483254,1.378686690647482,3.8024545933014355
2009.99824,-0.24308844497607654,-0.5035175894988067,1.3786796172248805,3.801711599045346
2010.00372,-0.2393346062052506,-0.4956215714285714,1.3786298329355609,3.800847619047619
2010.00646,-0.23605116666666667,-0.488322351543943,1.378571738095238,3.7999778147268404
2010.0092,-0.23018016627078386,-0.47813701421800947,1.3785224465558195,3.799176563981043
2010.01194,-0.22465232227488152,-0.46929406619385344,1.3784818720379146,3.7983889834515367
2010.01468,-0.22055503546099292,-0.4627368396226415,1.3784386524822696,3.797595259433962
2010.01742,-0.21814233490566037,-0.45092449411764707,1.3784012735849056,3.7967954352941176
2010.02016,-0.2086588,-0.44201140845070425,1.3783865647058824,3.7960730046948354
2010.0229,-0.200968779342723,-0.4331926697892272,1.3783691079812208,3.7953049882903978
2010.02564,-0.19505964871194378,-0.42851901869158876,1.3783237704918034,3.794521004672897
2010.02838,-0.19154745327102804,-0.4227027272727273,1.3782758644859812,3.793740675990676
2010.03112,-0.1906811655011655,-0.4205122325581395,1.3782476456876456,3.7930418139534887
2010.03386,-0.18360976744186047,-0.41886893271461717,1.378294558139535,3.792409280742459
2010.0366,-0.18153886310904874,-0.41165560185185185,1.3784132946635732,3.7919346296296292
2010.03934,-0.1806304861111111,-0.4108623325635104,1.378481712962963,3.791553949191686
2010.04208,-0.17725302540415705,-0.40388944700460827,1.3784643187066974,3.790832811059908
2010.04482,-0.17300877880184332,-0.39909450574712646,1.3784414976958526,3.7901775172413794
2010.04756,-0.17446236781609195,-0.395185,1.3783995632183907,3.7894628440366973
2010.0503,-0.17393238532110092,-0.3909900915331808,1.3784290366972476,3.7889429061784896
2010.05304,-0.17182604118993136,-0.3873610502283105,1.378504828375286,3.7885017579908675
2010.05578,-0.1683961415525114,-0.38247166287015943,1.3785175799086757,3.787857744874715
2010.05852,-0.16752872437357633,-0.37965554545454544,1.3784649886104783,3.7870977954545455
2010.06126,-0.16665404545454546,-0.3747806802721088,1.3784234772727273,3.78639820861678
2010.064,-0.16526419501133788,-0.3662728054298643,1.3783821541950114,3.7856592081447964
2010.06674,-0.16408214932126697,-0.3625380135440181,1.3783410180995475,3.7849188261851014
2010.06948,-0.16523742663656885,-0.357721981981982,1.378380948081264,3.7842618693693693
2010.07222,-0.16077054054054055,-0.34681851685393256,1.3784583558558559,3.7836924719101126
2010.07496,-0.156272202247191,-0.3404806726457399,1.3784736853932584,3.783027130044843
2010.0777,-0.15036145739910314,-0.3339462639821029,1.378470201793722,3.7823554138702464
2010.08044,-0.14678156599552575,-0.3295313392857143,1.3784079642058167,3.78164
2010.08318,-0.14545330357142858,-0.3242975946547884,1.3800626785714287,3.785032071269488
2010.08592,-0.14233487750556792,-0.3206102222222222,1.3799918485523386,3.7842534666666667
2010.08866,-0.13946824444444444,-0.31408434589800444,1.379993,3.7838818181818183
2010.0914,-0.1377541685144124,-0.3079843805309735,1.379930576496674,3.7831508407079646
2010.09414,-0.134364203539823,-0.3000072847682119,1.379971482300885,3.7825800883002203
2010.09688,-0.1305059161147903,-0.2998614977973568,1.3800095584988963,3.781975
2010.09962,-0.1275810792951542,-0.29522945054945054,1.379942268722467,3.7812024615384616
2010.10236,-0.1225945054945055,-0.2897108333333333,1.3798805054945056,3.780479188596491
2010.1051,-0.1220444298245614,-0.2829722975929978,1.379871403508772,3.779969628008753
2010.10784,-0.11796299781181618,-0.2748755458515284,1.3798545076586435,3.7794942576419213
2010.11058,-0.11524015283842796,-0.2654621350762527,1.3799158951965065,3.7790437472766882
2010.11332,-0.1127542265795207,-0.25519834782608697,1.3822041176470587,3.7847704130434785
2010.11606,-0.10991510869565217,-0.2519409110629067,1.3854325652173913,3.7926320607375272
2010.12154,-0.10841023861171366,-0.24963792207792207,1.3854011496746204,3.7919794805194806
2010.12428,-0.10675402597402597,-0.24408669546436285,1.3853543722943724,3.7912619438444923
2010.12702,-0.1034204535637149,-0.24104099137931034,1.3854006479481642,3.7909396982758623
2010.12976,-0.1003729525862069,-0.23230615053763443,1.385364353448276,3.7903849247311827
2010.1325,-0.09735806451612904,-0.22276643776824034,1.3853205161290323,3.78981008583691
2010.13524,-0.09508587982832618,-0.21282102783725912,1.3852768669527897,3.7892287580299784
2010.13798,-0.09380002141327624,-0.20275884615384618,1.385218072805139,3.7885381623931624
2010.14072,-0.09235952991452992,-0.1927512153518124,1.3851467521367522,3.7877969936034113
2010.14346,-0.08974835820895523,-0.17704672340425534,1.3851852452025586,3.787330468085106
2010.1462,-0.088591,-0.16676658174097664,1.385218489361702,3.7868614861995753
2010.14894,-0.08761704883227177,-0.15783815677966104,1.3851983439490445,3.7863501694915254
2010.15168,-0.08659387711864407,-0.15291033826638478,1.3852212923728813,3.7857746723044396
2010.15716,-0.08541940803382664,-0.15012135021097048,1.3852087949260041,3.7850956962025317
2010.1599,-0.08346943037974683,-0.14424191578947368,1.3851535232067511,3.7843623368421055
2010.16264,-0.08191938947368421,-0.13998268907563025,1.3850833894736843,3.783636449579832
2010.16538,-0.07978987394957984,-0.13750538784067085,1.3850185714285714,3.7829267714884693
2010.16812,-0.08031094339622642,-0.13494108786610878,1.3849915932914045,3.7822594351464436
2010.17086,-0.0794492259414226,-0.12913584551148227,1.3849297489539747,3.781594885177453
2010.1736,-0.07801087682672234,-0.1225245,1.3849329853862211,3.781050770833333
2010.17634,-0.078412,-0.11793328482328481,1.3848541041666667,3.7803480041580038
2010.17908,-0.07890721413721415,-0.11078738589211619,1.3847780249480248,3.7796438174273863
2010.18182,-0.0797926348547718,-0.10385215320910973,1.3847344813278006,3.7790508281573496
2010.18456,-0.0789561076604555,-0.09431429752066116,1.3846787577639752,3.7784473140495867
2010.1873,-0.07834425619834712,-0.08848476288659793,1.3846010537190083,3.777790226804124
2010.19004,-0.07831445360824743,-0.0832562962962963,1.3845285979381443,3.7771272427983535
2010.19278,-0.08073141975308643,-0.07600096509240246,1.3844810082304526,3.776492751540041
2010.19552,-0.08290246406570842,-0.07066155737704918,1.3844090965092402,3.7758437090163937
2010.19826,-0.08312211065573771,-0.06613633946830266,1.3843888524590164,3.775308527607362
2010.201,-0.08379089979550103,-0.06252236734693878,1.3843393865030675,3.7746858979591837
2010.20374,-0.08255710204081633,-0.061987189409368634,1.384326693877551,3.774210651731161
2010.20648,-0.08378672097759673,-0.05897341463414634,1.3843286354378819,3.7737288211382114
2010.20922,-0.08581026422764228,-0.05094237322515213,1.3842577642276421,3.773087728194726
2010.21196,-0.08652148073022313,-0.04401562753036437,1.3841847464503043,3.772461923076923
2010.2147,-0.08549109311740892,-0.04349961616161616,1.3841096153846153,3.771834424242424
2010.21744,-0.08802256565656566,-0.04126685483870968,1.3840806262626262,3.771357056451613
2010.22018,-0.08950364919354839,-0.03967981891348089,1.3840324798387096,3.7707595573440646
2010.22292,-0.08907951710261569,-0.03871855421686747,1.383948490945674,3.7701266666666666
2010.22566,-0.09132590361445783,-0.035355250501002,1.3839199999999998,3.769651402805611
2010.2284,-0.09065961923847696,-0.035024320000000005,1.3838964128256512,3.76919478
2010.23114,-0.09130414,-0.03119862275449102,1.38387292,3.7687274451097807
2010.23388,-0.09277257485029941,-0.027610199203187254,1.3838447504990021,3.76820780876494
2010.23936,-0.09473741035856574,-0.024594532803180916,1.3838571314741035,3.7678565805168986
2010.2421,-0.09741027833001989,-0.0211730753968254,1.383938310139165,3.7679508333333334
2010.24484,-0.10038815476190475,-0.017857168316831682,1.3839741468253968,3.7676097821782175
2010.24758,-0.10008704950495051,-0.01274697628458498,1.3839625544554455,3.7671956719367587
2010.25032,-0.1014493280632411,-0.0063008481262327425,1.3840335968379447,3.7668533333333336
2010.25306,-0.1037925641025641,-0.002323917322834646,1.3840054437869822,3.766405295275591
2010.2558,-0.10583143700787402,0.003683634577603143,1.3839914960629922,3.766000098231827
2010.25854,-0.10859915520628685,0.00921378431372549,1.3839776031434186,3.7656088039215687
2010.26128,-0.11026007843137256,0.016562876712328766,1.384003568627451,3.765305009784736
2010.26402,-0.11339996086105676,0.022683144531249998,1.3840411350293542,3.76498197265625
2010.26676,-0.11629529296875,0.026956042884990254,1.38404123046875,3.764562319688109
2010.2695,-0.11726914230019493,0.03136122568093385,1.3840692592592592,3.764490214007782
2010.27224,-0.11902338521400779,0.038517339805825244,1.3841041439688715,3.7644427572815533
2010.27498,-0.11844279611650486,0.046730096899224804,1.3840832427184466,3.7640671317829457
2010.27772,-0.11835875968992249,0.053813481624758214,1.3840901937984498,3.763713191489362
2010.28046,-0.11799471953578336,0.05640337837837838,1.3840393810444875,3.76323138996139
2010.2832,-0.11929824324324326,0.06070880539499036,1.3840302509652511,3.7629892485549132
2010.28594,-0.1204350289017341,0.06495255769230769,1.3840096531791908,3.762800326923077
2010.28868,-0.12124257692307693,0.06725975047984645,1.3839363076923077,3.7623551823416506
2010.29142,-0.12237729366602687,0.06790013409961686,1.3839366026871402,3.762051992337165
2010.29416,-0.1228334674329502,0.06928097514340344,1.383925459770115,3.761709961759082
2010.2969,-0.12478131931166349,0.06721864503816793,1.3838823900573614,3.7612494847328244
2010.29964,-0.1269470610687023,0.06763758095238095,1.3838577099236642,3.760974038095238
2010.30238,-0.1280856380952381,0.07033161596958175,1.3838513333333333,3.7607990494296577
2010.30512,-0.1290299049429658,0.07283618595825427,1.3838608555133078,3.7604937571157495
2010.30786,-0.12827812144212525,0.07597244318181819,1.3838159582542695,3.760050965909091
2010.3106,-0.12730772727272727,0.0813549527410208,1.383780284090909,3.759605879017013
2010.31334,-0.12830899810964083,0.08273515094339622,1.3837221739130434,3.7591151132075473
2010.31608,-0.12702169811320754,0.0866441242937853,1.3836620188679245,3.7586655932203388
2010.31882,-0.12929681732580037,0.08548114661654135,1.3836898116760827,3.75851265037594
2010.32156,-0.13141125939849624,0.08853555347091932,1.3837017857142857,3.7581444277673546
2010.3243,-0.13100945590994373,0.09010013108614232,1.3837047467166979,3.7577501685393258
2010.32704,-0.12969355805243446,0.09102996261682242,1.3836540262172285,3.757263551401869
2010.32978,-0.127246261682243,0.09561591417910448,1.3836124299065422,3.7568177798507465
2010.33252,-0.12681195895522387,0.09851914338919925,1.3835576119402984,3.7562957541899444
2010.33526,-0.1283197951582868,0.10281407063197026,1.3836230912476721,3.756180037174721
2010.338,-0.12755263940520448,0.10775269016697588,1.3836150743494424,3.755781447124304
2010.34074,-0.12544894248608535,0.11637957407407407,1.3835716326530612,3.755380462962963
2010.34348,-0.12659205555555555,0.1213230683918669,1.3835062407407408,3.7548881515711643
2010.34622,-0.12551110905730128,0.12580282287822878,1.383487449168207,3.754513450184502
2010.34896,-0.12446749077490776,0.12889874769797421,1.3834334686346863,3.7540630755064455
2010.3517,-0.12195639042357273,0.1287361213235294,1.383392891344383,3.7536335845588233
2010.35444,-0.12048542279411766,0.13212743119266054,1.3834161213235294,3.7532939449541285
2010.35718,-0.11932273394495413,0.13379485347985348,1.3834151559633028,3.752901923076923
2010.35992,-0.11889199633699633,0.1339050091407678,1.3835082417582416,3.7529396160877515
2010.36266,-0.11811195612431445,0.13612523722627737,1.3834569104204755,3.752511496350365
2010.3654,-0.11493525547445256,0.13772451730418944,1.3835212591240877,3.752382112932605
2010.36814,-0.11317280510018214,0.1379516909090909,1.383528816029144,3.752173345454546
2010.37088,-0.11163325454545454,0.13762729582577132,1.383488581818182,3.7517907078039925
2010.37362,-0.11162390199637023,0.1381691847826087,1.3834354809437388,3.751345036231884
2010.37636,-0.11146072463768116,0.139057287522604,1.3833847463768116,3.75091609403255
2010.3791,-0.10653877034358047,0.13945759927797832,1.3834335262206148,3.7509304693140795
2010.38184,-0.10640546931407943,0.13668266666666667,1.3834799819494585,3.750974936936937
2010.38458,-0.10185967567567568,0.14091401079136692,1.3848216036036036,3.753641474820144
2010.38732,-0.10200350719424461,0.13983418312387794,1.3847902158273382,3.7533241651705564
2010.39006,-0.09853068222621185,0.14295121863799282,1.3850483842010772,3.7536527598566307
2010.3928,-0.09451532258064517,0.14462488372093024,1.385033817204301,3.7533515205724512
2010.39554,-0.09198672629695885,0.14337567857142858,1.3850235778175313,3.7530551071428575
2010.39828,-0.08703423214285715,0.1400807486631016,1.3857363035714285,3.7544450802139036
2010.40102,-0.08603447415329768,0.1396075622775801,1.3856758823529411,3.7540212277580074
2010.40376,-0.08434800711743771,0.13836081705150977,1.3856178113879003,3.753569147424512
2010.4065,-0.08338346358792185,0.1404634219858156,1.3855578152753107,3.753133510638298
2010.40924,-0.08110686170212766,0.14443210619469027,1.3855382624113475,3.7527734513274336
2010.41198,-0.07785789380530973,0.14318630742049468,1.3855230088495576,3.7524257597173145
2010.41472,-0.07590674911660777,0.14150670194003526,1.3854867137809188,3.752031340388007
2010.41746,-0.07698553791887126,0.1419219894366197,1.385454761904762,3.7516309330985917
2010.4202,-0.07625431338028169,0.1420274516695958,1.3854334330985916,3.7512723725834802
2010.42294,-0.074631230228471,0.14370191228070175,1.3853974868189807,3.7508893859649124
2010.42568,-0.07200168421052631,0.14230667250437828,1.3853847192982458,3.7505516987740806
2010.42842,-0.06921334500875657,0.14123019230769232,1.3853510683012258,3.7501786188811193
2010.43116,-0.06730024475524476,0.1419228097731239,1.3852966608391608,3.74970462478185
2010.4339,-0.06889307155322862,0.14191883275261324,1.3852341186736474,3.749286951219512
2010.43664,-0.06609545296167248,0.14142537391304347,1.3852300348432056,3.749045356521739
2010.43938,-0.06527812173913043,0.13972102430555555,1.3851906608695652,3.7486484375
2010.44212,-0.06405402777777777,0.13934067590987867,1.3851535069444445,3.7482528942807622
2010.44486,-0.0627961698440208,0.1374106747404844,1.3850895667244367,3.747808062283737
2010.4476,-0.061413027681660896,0.13931556131260794,1.3850712975778545,3.7474622970639033
2010.45034,-0.06153563039723662,0.13783549999999997,1.385036597582038,3.747106913793103
2010.45308,-0.06079068965517242,0.13779519793459552,1.3850081896551725,3.7467707573149744
2010.45582,-0.05916203098106713,0.13935390034364262,1.3849901549053356,3.746460910652921
2010.45856,-0.059411941580756016,0.1391088679245283,1.3849906529209624,3.746137770154374
2010.4613,-0.059467289879931384,0.13920121575342465,1.3849993481989709,3.745805
2010.46404,-0.05783763698630137,0.1382804957264957,1.3849752910958903,3.74544117948718
2010.46678,-0.057635897435897435,0.13780069965870306,1.384951316239316,3.7451285665529013
2010.46952,-0.05707829351535837,0.13845463373083475,1.3849967064846416,3.7448562180579215
2010.47226,-0.054280800681431006,0.13748141156462584,1.3849687052810904,3.7444531802721084
2010.475,-0.05501845238095238,0.13662955857385398,1.3849570578231292,3.7440834804753824
2010.47774,-0.05311874363327674,0.13220693220338983,1.384975857385399,3.74382493220339
2010.48048,-0.052601864406779664,0.13015551607445008,1.3849986440677966,3.7435353976311334
2010.48322,-0.047481099830795265,0.12820991554054054,1.3849809306260574,3.743200912162162
2010.49418,-0.046798699324324324,0.12790858347386172,1.384939070945946,3.742818178752108
2010.49692,-0.044764586846543004,0.12601658249158249,1.3849175042158517,3.742433198653199
2010.49966,-0.044138114478114485,0.1255570588235294,1.3848859427609428,3.7420073277310926
2010.5024,-0.040083613445378155,0.12288521812080536,1.3848585042016808,3.741600436241611
2010.50514,-0.03585535234899329,0.11722755443886096,1.387520134228188,3.748395159128978
2010.50788,-0.03612670016750419,0.11623255852842809,1.3874783752093802,3.7479859531772575
2010.51062,-0.036537709030100333,0.11402809682804675,1.3874347658862876,3.74758858096828
2010.51336,-0.03552676126878131,0.11041521666666666,1.3873932888146912,3.7471472166666664
2010.5161,-0.031117633333333335,0.10653738768718803,1.3873559333333332,3.7467560399334445
2010.51884,-0.025769883527454247,0.10006538205980066,1.3873206821963393,3.746307093023256
2010.52158,-0.029013106312292362,0.0963288391376451,1.387341096345515,3.7459914593698174
2010.52432,-0.029179353233830845,0.09192178807947018,1.3873376782752902,3.745638774834437
2010.52706,-0.02636172185430464,0.09177978512396694,1.387344155629139,3.7453114545454547
2010.5298,-0.024756809917355373,0.08746257425742573,1.3873012727272727,3.7448920297029704
2010.53254,-0.025426287128712872,0.08262341021416804,1.3872506435643566,3.7444567545304777
2010.53528,-0.02253395387149918,0.08099363486842105,1.3873634761120264,3.7445079934210526
2010.53802,-0.020282417763157895,0.07868193760262725,1.387330592105263,3.744129720853859
2010.54076,-0.019115566502463058,0.07410493442622951,1.3872958456486042,3.7437321147540983
2010.5435,-0.017819852459016395,0.07175348608837971,1.387472655737705,3.7439315057283147
2010.54624,-0.017417217675941083,0.06838916666666667,1.3874358428805238,3.743535522875817
2010.54898,-0.015001290849673206,0.06341190864600325,1.3874030555555557,3.7431510766721043
2010.55172,-0.01261783034257749,0.06023024429967427,1.3874151876019576,3.7428837133550488
2010.55446,-0.00935868078175896,0.0534700487804878,1.388166351791531,3.744147772357724
2010.5572,-0.009710650406504068,0.04849866883116882,1.3883888455284554,3.7444263636363635
2010.55994,-0.008399675324675327,0.04121340356564019,1.3883644155844157,3.7440361912479743
2010.56268,-0.006597115072933553,0.035551294498381875,1.3883381361426257,3.743620194174757
2010.56542,-0.0043911165048543714,0.029312229402261705,1.3882887540453075,3.7431920193861066
2010.56816,-0.0015521809369951562,0.027583306451612895,1.3888607431340871,3.744280064516129
2010.5709,0.0022270645161290297,0.024702576489533005,1.3888337903225807,3.7438656843800326
2010.57364,0.004151835748792267,0.019677636655948547,1.3888511433172301,3.743570337620579
2010.57638,0.006276093247588422,0.015294093097913318,1.3888761254019293,3.743259149277689
2010.57912,0.007666292134831458,0.013185080128205122,1.3888492776886037,3.742851746794872
2010.58186,0.010058333333333332,0.010362079999999994,1.3888282532051281,3.742482464
2010.5846,0.011674607999999998,0.007718290734824275,1.388807296,3.742094313099041
2010.58734,0.012632268370607026,0.003133237639553424,1.3888264696485622,3.741784130781499
2010.59008,0.012999840510366824,-0.0007341242038216611,1.3888893779904306,3.7415915127388537
2010.59282,0.012261242038216559,-0.008203370429252788,1.3891156369426751,3.741788600953895
